Comment_Content,Comment_Evaluation,Product_Name,Product_Brand,Cleaned_Content,Sentiment_Label
Babam için almıştım aşırııı güzell,5,Erkek %100 Pamuk Koyu Vizon Polo Yaka Düz T-shirt E001004,Avva,babam için almıştım aşırııı güzell,Pozitif
Dokusu çok güzel kalitesi çok iyi,5,Erkek %100 Pamuk Koyu Vizon Polo Yaka Düz T-shirt E001004,Avva,dokusu çok güzel kalitesi çok iyi,Pozitif
renk ve kalite çok güzel AVVA sonuçta indirimde almıştım nişanlım severek kullanıyor,5,Erkek %100 Pamuk Koyu Vizon Polo Yaka Düz T-shirt E001004,Avva,renk ve kalite çok güzel avva sonuçta indirimde almıştım nişanlım severek kullanıyor,Pozitif
Çok beğendim güzel,5,Erkek %100 Pamuk Koyu Vizon Polo Yaka Düz T-shirt E001004,Avva,çok beğendim güzel,Pozitif
Güzel tişört,5,Erkek %100 Pamuk Koyu Vizon Polo Yaka Düz T-shirt E001004,Avva,güzel tişört,Pozitif
Tesekkurler,5,Erkek %100 Pamuk Koyu Vizon Polo Yaka Düz T-shirt E001004,Avva,tesekkurler,Pozitif
Ürün çok güzel,5,Erkek %100 Pamuk Koyu Vizon Polo Yaka Düz T-shirt E001004,Avva,ürün çok güzel,Pozitif
daha kaliteli bir şey bekliyordum,3,Erkek %100 Pamuk Koyu Vizon Polo Yaka Düz T-shirt E001004,Avva,daha kaliteli bir şey bekliyordum,Nötr
Ürün kaliteli,5,Erkek %100 Pamuk Koyu Vizon Polo Yaka Düz T-shirt E001004,Avva,ürün kaliteli,Pozitif
gayet güzel bir ürün,5,Erkek %100 Pamuk Koyu Vizon Polo Yaka Düz T-shirt E001004,Avva,gayet güzel bir ürün,Pozitif
Kaliteli beğndik,5,Erkek %100 Pamuk Koyu Vizon Polo Yaka Düz T-shirt E001004,Avva,kaliteli beğndik,Pozitif
cok begendım,5,Erkek %100 Pamuk Koyu Vizon Polo Yaka Düz T-shirt E001004,Avva,cok begendım,Pozitif
Gayet iyi ürün başarılı,5,Erkek %100 Pamuk Koyu Vizon Polo Yaka Düz T-shirt E001004,Avva,gayet iyi ürün başarılı,Pozitif
çok kaliteli beğendim,5,Erkek %100 Pamuk Koyu Vizon Polo Yaka Düz T-shirt E001004,Avva,çok kaliteli beğendim,Pozitif
"Çok güzel, kaliteli... Teşekkürler.",5,Erkek %100 Pamuk Koyu Vizon Polo Yaka Düz T-shirt E001004,Avva,çok güzel kaliteli teşekkürler,Pozitif
harika mükemmel tam isabet,5,Erkek %100 Pamuk Koyu Vizon Polo Yaka Düz T-shirt E001004,Avva,harika mükemmel tam isabet,Pozitif
çok güzel tavsiye ederim,5,Erkek %100 Pamuk Koyu Vizon Polo Yaka Düz T-shirt E001004,Avva,çok güzel tavsiye ederim,Pozitif
alın aldırın cokkk guzel avva herzamanki gibi kalitesini yansıtmıs😇,5,Erkek %100 Pamuk Koyu Vizon Polo Yaka Düz T-shirt E001004,Avva,alın aldırın cokkk guzel avva herzamanki gibi kalitesini yansıtmıs,Pozitif
Güzel değil,2,Erkek %100 Pamuk Koyu Vizon Polo Yaka Düz T-shirt E001004,Avva,güzel değil,Negatif
Ürün kalite olarak tartışılmaz kesinlikle kaliteli lakin o kadar geç kargolandı ki sipariş verdiğimi unuttum neredeyse,4,Erkek %100 Pamuk Koyu Vizon Polo Yaka Düz T-shirt E001004,Avva,ürün kalite olarak tartışılmaz kesinlikle kaliteli lakin o kadar geç kargolandı ki sipariş verdiğimi unuttum neredeyse,Pozitif
Babama aldık gayet güzel,5,Erkek %100 Pamuk Koyu Vizon Polo Yaka Düz T-shirt E001004,Avva,babama aldık gayet güzel,Pozitif
Avva kalitesi çok beğendim tereddüt etmeden alına bilecek bir ürün. Ayrıca çok hızlı geldi ürün kapıma çok teşekkürler..,5,Erkek %100 Pamuk Koyu Vizon Polo Yaka Düz T-shirt E001004,Avva,avva kalitesi çok beğendim tereddüt etmeden alına bilecek bir ürün ayrıca çok hızlı geldi ürün kapıma çok teşekkürler,Pozitif
Eşime aldım çok kaliteli geldi çok beğendi eşim,5,Erkek %100 Pamuk Koyu Vizon Polo Yaka Düz T-shirt E001004,Avva,eşime aldım çok kaliteli geldi çok beğendi eşim,Pozitif
Eşime aldım cok beğendi. Tavsiye edilir..,5,Erkek %100 Pamuk Koyu Vizon Polo Yaka Düz T-shirt E001004,Avva,eşime aldım cok beğendi tavsiye edilir,Pozitif
Xl giyen eşime L aldım tam oldu. ürün gayet güzel,5,Erkek %100 Pamuk Koyu Vizon Polo Yaka Düz T-shirt E001004,Avva,xl giyen eşime l aldım tam oldu ürün gayet güzel,Pozitif
Çok kaliteli. Eşime ve oğluma aldım. Çok beğendiler,5,Erkek %100 Pamuk Koyu Vizon Polo Yaka Düz T-shirt E001004,Avva,çok kaliteli eşime ve oğluma aldım çok beğendiler,Pozitif
abime aldim cok begendi,5,Erkek %100 Pamuk Koyu Vizon Polo Yaka Düz T-shirt E001004,Avva,abime aldim cok begendi,Pozitif
Babama aldim hediye olarak çok beğendi. Çok kaliteli bir ürün gönül rahatlığıyla alabilirsiniz,5,Erkek %100 Pamuk Koyu Vizon Polo Yaka Düz T-shirt E001004,Avva,babama aldim hediye olarak çok beğendi çok kaliteli bir ürün gönül rahatlığıyla alabilirsiniz,Pozitif
babalar günü için almıştım kalitesine bayıldık,5,Erkek %100 Pamuk Koyu Vizon Polo Yaka Düz T-shirt E001004,Avva,babalar günü için almıştım kalitesine bayıldık,Pozitif
kalite AVVA.,5,Erkek %100 Pamuk Koyu Vizon Polo Yaka Düz T-shirt E001004,Avva,kalite avva,Pozitif
"İndirimde aldım, çok güzel geldi 👍",5,Erkek %100 Pamuk Beyaz Polo Yaka Düz T-shirt E001004,Avva,indirimde aldım çok güzel geldi,Pozitif
Güzel indirimde alınabilir,5,Erkek %100 Pamuk Beyaz Polo Yaka Düz T-shirt E001004,Avva,güzel indirimde alınabilir,Pozitif
tam bir fiyat performans ürünü kuponla çok uyguna geldi yazlık kullanışlı bir t shirt,5,Erkek %100 Pamuk Beyaz Polo Yaka Düz T-shirt E001004,Avva,tam bir fiyat performans ürünü kuponla çok uyguna geldi yazlık kullanışlı bir t shirt,Pozitif
Harika bir tişört yumuşak gerçekten pamuk gibi eşime aldım çok beğendi 👏🏻👏🏻,5,Erkek %100 Pamuk Beyaz Polo Yaka Düz T-shirt E001004,Avva,harika bir tişört yumuşak gerçekten pamuk gibi eşime aldım çok beğendi,Pozitif
Gayet güzel teslim aldım,5,Erkek %100 Pamuk Beyaz Polo Yaka Düz T-shirt E001004,Avva,gayet güzel teslim aldım,Pozitif
Çok beğendik çok güzel duruyor,5,Erkek %100 Pamuk Beyaz Polo Yaka Düz T-shirt E001004,Avva,çok beğendik çok güzel duruyor,Pozitif
Dokusu ve duruşu çok güzel hediye almıştım çok beğendiler,5,Erkek %100 Pamuk Beyaz Polo Yaka Düz T-shirt E001004,Avva,dokusu ve duruşu çok güzel hediye almıştım çok beğendiler,Pozitif
Güzel tavsiye edilir.,5,Erkek %100 Pamuk Beyaz Polo Yaka Düz T-shirt E001004,Avva,güzel tavsiye edilir,Pozitif
Ürün gayet güzel.,5,Erkek %100 Pamuk Beyaz Polo Yaka Düz T-shirt E001004,Avva,ürün gayet güzel,Pozitif
Güzel beğendim,5,Erkek %100 Pamuk Beyaz Polo Yaka Düz T-shirt E001004,Avva,güzel beğendim,Pozitif
cok güzel beğendik,5,Erkek %100 Pamuk Beyaz Polo Yaka Düz T-shirt E001004,Avva,cok güzel beğendik,Pozitif
begendim kaliteli duruyor,5,Erkek %100 Pamuk Beyaz Polo Yaka Düz T-shirt E001004,Avva,begendim kaliteli duruyor,Pozitif
çok kaliteli teşekkürler,5,Erkek %100 Pamuk Beyaz Polo Yaka Düz T-shirt E001004,Avva,çok kaliteli teşekkürler,Pozitif
avva nin tüm ürünlerini aliyoruz markası çok güzel,5,Erkek %100 Pamuk Beyaz Polo Yaka Düz T-shirt E001004,Avva,avva nin tüm ürünlerini aliyoruz markası çok güzel,Pozitif
Çok güzel kesinlikle tavsiye ederim,5,Erkek %100 Pamuk Beyaz Polo Yaka Düz T-shirt E001004,Avva,çok güzel kesinlikle tavsiye ederim,Pozitif
çok güzeldi çok beğendik,5,Erkek %100 Pamuk Beyaz Polo Yaka Düz T-shirt E001004,Avva,çok güzeldi çok beğendik,Pozitif
bayıldık.cok güzel,5,Erkek %100 Pamuk Beyaz Polo Yaka Düz T-shirt E001004,Avva,bayıldıkcok güzel,Pozitif
"güzel , beğendim",5,Erkek %100 Pamuk Beyaz Polo Yaka Düz T-shirt E001004,Avva,güzel beğendim,Pozitif
Başarılı beğendim,5,Erkek %100 Pamuk Beyaz Polo Yaka Düz T-shirt E001004,Avva,başarılı beğendim,Pozitif
cok kaliteli alin,5,Erkek %100 Pamuk Beyaz Polo Yaka Düz T-shirt E001004,Avva,cok kaliteli alin,Pozitif
kesinlikle alın pisman olmazsınız.,5,Erkek %100 Pamuk Beyaz Polo Yaka Düz T-shirt E001004,Avva,kesinlikle alın pisman olmazsınız,Pozitif
Güzel kaliteli,5,Erkek %100 Pamuk Beyaz Polo Yaka Düz T-shirt E001004,Avva,güzel kaliteli,Pozitif
Kötü beğenmedim 👎,1,Erkek %100 Pamuk Beyaz Polo Yaka Düz T-shirt E001004,Avva,kötü beğenmedim,Negatif
Çok güzel,5,Erkek %100 Pamuk Beyaz Polo Yaka Düz T-shirt E001004,Avva,çok güzel,Pozitif
Aldığım çişort çok güzel herkese tavsiye ederim,5,Erkek %100 Pamuk Beyaz Polo Yaka Düz T-shirt E001004,Avva,aldığım çişort çok güzel herkese tavsiye ederim,Pozitif
Çok güzel beğendik,5,Erkek %100 Pamuk Beyaz Polo Yaka Düz T-shirt E001004,Avva,çok güzel beğendik,Pozitif
Efsane 👍👍👍👍,5,Erkek %100 Pamuk Beyaz Polo Yaka Düz T-shirt E001004,Avva,efsane,Pozitif
Çok güzel tavsiye ederim,5,Erkek %100 Pamuk Beyaz Polo Yaka Düz T-shirt E001004,Avva,çok güzel tavsiye ederim,Pozitif
Çok beğendim,5,Erkek %100 Pamuk Beyaz Polo Yaka Düz T-shirt E001004,Avva,çok beğendim,Pozitif
Çok kaliteli bir tişört,4,Erkek %100 Pamuk Beyaz Polo Yaka Düz T-shirt E001004,Avva,çok kaliteli bir tişört,Pozitif
Tam beden aldık oldu. İndirim de aldım. Kalitesi iyi,5,Erkek %100 Pamuk Açık Turuncu Polo Yaka Düz T-Shirt E001004,Avva,tam beden aldık oldu indirim de aldım kalitesi iyi,Pozitif
Güzel beğendim,5,Erkek %100 Pamuk Açık Turuncu Polo Yaka Düz T-Shirt E001004,Avva,güzel beğendim,Pozitif
"çok güzel çok kaliteli , avva teşekkürler",5,Erkek %100 Pamuk Açık Turuncu Polo Yaka Düz T-Shirt E001004,Avva,çok güzel çok kaliteli avva teşekkürler,Pozitif
"2 tane aldım, kaliteli",5,Erkek %100 Pamuk Açık Turuncu Polo Yaka Düz T-Shirt E001004,Avva,tane aldım kaliteli,Pozitif
Cok begendik mükemmel,5,Erkek %100 Pamuk Açık Turuncu Polo Yaka Düz T-Shirt E001004,Avva,cok begendik mükemmel,Pozitif
Harikaaaaaa,5,Erkek %100 Pamuk Açık Turuncu Polo Yaka Düz T-Shirt E001004,Avva,harikaaaaaa,Pozitif
Çok güzel beğendik.,5,Erkek %100 Pamuk Açık Turuncu Polo Yaka Düz T-Shirt E001004,Avva,çok güzel beğendik,Pozitif
harika bir ürün ayva kalitesi sonuçta,5,Erkek %100 Pamuk Açık Turuncu Polo Yaka Düz T-Shirt E001004,Avva,harika bir ürün ayva kalitesi sonuçta,Pozitif
Rengi muhteşem ötesi tam yazlık bi renk eşim için aldım çok beğendi.,5,Erkek %100 Pamuk Açık Turuncu Polo Yaka Düz T-Shirt E001004,Avva,rengi muhteşem ötesi tam yazlık bi renk eşim için aldım çok beğendi,Pozitif
eşime aldım bayıla bayıla giyiyor,5,Erkek %100 Pamuk Açık Turuncu Polo Yaka Düz T-Shirt E001004,Avva,eşime aldım bayıla bayıla giyiyor,Pozitif
Güzel ve şık duruyor Alınabilir tavsiye ediyorum.,5,Erkek %100 Pamuk Açık Turuncu Polo Yaka Düz T-Shirt E001004,Avva,güzel ve şık duruyor alınabilir tavsiye ediyorum,Pozitif
Eşime babalar günü hediyesi olarak aldım. Çok iyi teşekkürler.,5,Erkek %100 Pamuk Açık Turuncu Polo Yaka Düz T-Shirt E001004,Avva,eşime babalar günü hediyesi olarak aldım çok iyi teşekkürler,Pozitif
babama babalar gunu hediyesi almistim severek giyiyor,5,Erkek %100 Pamuk Açık Turuncu Polo Yaka Düz T-Shirt E001004,Avva,babama babalar gunu hediyesi almistim severek giyiyor,Pozitif
Gayet güzel bir ürün paketlenmesi de gayet iyiydi,5,Erkek %100 Pamuk Açık Turuncu Polo Yaka Düz T-Shirt E001004,Avva,gayet güzel bir ürün paketlenmesi de gayet iyiydi,Pozitif
Harika görünüyor eşim çok beğendi,5,Erkek %100 Pamuk Açık Turuncu Polo Yaka Düz T-Shirt E001004,Avva,harika görünüyor eşim çok beğendi,Pozitif
harika hersey,5,Erkek %100 Pamuk Açık Turuncu Polo Yaka Düz T-Shirt E001004,Avva,harika hersey,Pozitif
kumaşı efsane,5,Erkek %100 Pamuk Açık Turuncu Polo Yaka Düz T-Shirt E001004,Avva,kumaşı efsane,Pozitif
Rengi çok güzel tavsiye ederim,5,Erkek %100 Pamuk Açık Turuncu Polo Yaka Düz T-Shirt E001004,Avva,rengi çok güzel tavsiye ederim,Pozitif
Kalitesi duruşu rengi çok güzel hiç düşünmeden alabilirsiniz.,5,Erkek %100 Pamuk Açık Turuncu Polo Yaka Düz T-Shirt E001004,Avva,kalitesi duruşu rengi çok güzel hiç düşünmeden alabilirsiniz,Pozitif
cok guzel renk,5,Erkek %100 Pamuk Açık Turuncu Polo Yaka Düz T-Shirt E001004,Avva,cok guzel renk,Pozitif
"Esim cok beyendi ,4 tane daha baska reng siparis verdim , tavsiye ederim Trendyol kargoya tesekkurler,",5,Erkek %100 Pamuk Açık Turuncu Polo Yaka Düz T-Shirt E001004,Avva,esim cok beyendi tane daha baska reng siparis verdim tavsiye ederim trendyol kargoya tesekkurler,Pozitif
Güzel T shirt 👍,3,Erkek %100 Pamuk Açık Turuncu Polo Yaka Düz T-Shirt E001004,Avva,güzel t shirt,Nötr
Indirimden 8 adet tişört aldım gayet kaliteli 👍,5,Erkek %100 Pamuk Açık Turuncu Polo Yaka Düz T-Shirt E001004,Avva,indirimden adet tişört aldım gayet kaliteli,Pozitif
memnun kaldım kaliteli. güzel ürün,5,Erkek %100 Pamuk Açık Turuncu Polo Yaka Düz T-Shirt E001004,Avva,memnun kaldım kaliteli güzel ürün,Pozitif
Gayet güzel kaliteli,5,Erkek %100 Pamuk Açık Turuncu Polo Yaka Düz T-Shirt E001004,Avva,gayet güzel kaliteli,Pozitif
İste bu harika,5,Erkek %100 Pamuk Açık Turuncu Polo Yaka Düz T-Shirt E001004,Avva,iste bu harika,Pozitif
Çok kaliteli,5,Erkek %100 Pamuk Açık Turuncu Polo Yaka Düz T-Shirt E001004,Avva,çok kaliteli,Pozitif
Harika kaliteli,5,Erkek %100 Pamuk Açık Turuncu Polo Yaka Düz T-Shirt E001004,Avva,harika kaliteli,Pozitif
Başarılı. Alın.,5,Erkek %100 Pamuk Açık Turuncu Polo Yaka Düz T-Shirt E001004,Avva,başarılı alın,Pozitif
Kaliteli ürün harika,5,Erkek %100 Pamuk Açık Turuncu Polo Yaka Düz T-Shirt E001004,Avva,kaliteli ürün harika,Pozitif
yumuşak güzel oğlum çok begendi,5,Erkek Lacivert Polo Yaka %100 Pamuk Düz T-shirt E001004,Avva,yumuşak güzel oğlum çok begendi,Pozitif
"İnanılmaz güzel, fiyatında da indirimden faydalandım harika. teşekkürler",5,Erkek Lacivert Polo Yaka %100 Pamuk Düz T-shirt E001004,Avva,inanılmaz güzel fiyatında da indirimden faydalandım harika teşekkürler,Pozitif
İndirime girdi diye almıştım çok kötü,1,Erkek Lacivert Polo Yaka %100 Pamuk Düz T-shirt E001004,Avva,indirime girdi diye almıştım çok kötü,Negatif
Çok kaliteli indirimdeyken kaçırmayın,5,Erkek Lacivert Polo Yaka %100 Pamuk Düz T-shirt E001004,Avva,çok kaliteli indirimdeyken kaçırmayın,Pozitif
Tam bir fiyat performans ürünü indirimden aldım harika,5,Erkek Lacivert Polo Yaka %100 Pamuk Düz T-shirt E001004,Avva,tam bir fiyat performans ürünü indirimden aldım harika,Pozitif
İndirimden aldım çok iyi,5,Erkek Lacivert Polo Yaka %100 Pamuk Düz T-shirt E001004,Avva,indirimden aldım çok iyi,Pozitif
Kampanyadan uygun fiyatlı olarak aldım. Avva kalitesi.,5,Erkek Lacivert Polo Yaka %100 Pamuk Düz T-shirt E001004,Avva,kampanyadan uygun fiyatlı olarak aldım avva kalitesi,Pozitif
Güzel indirimde almıştım,4,Erkek Lacivert Polo Yaka %100 Pamuk Düz T-shirt E001004,Avva,güzel indirimde almıştım,Pozitif
avva kalitesi indirimden aldim eşimde çok begendi 170 boy 90 kg icin xl aldım,5,Erkek Lacivert Polo Yaka %100 Pamuk Düz T-shirt E001004,Avva,avva kalitesi indirimden aldim eşimde çok begendi boy kg icin xl aldım,Pozitif
Tam yazlık tahmin ettiğim gibi geldi kalitesi 👍👍,5,Erkek Lacivert Polo Yaka %100 Pamuk Düz T-shirt E001004,Avva,tam yazlık tahmin ettiğim gibi geldi kalitesi,Pozitif
indirim ve marka diye aldım ama çok pişmanım o kadar kalitesiz bi urun ki,1,Erkek Lacivert Polo Yaka %100 Pamuk Düz T-shirt E001004,Avva,indirim ve marka diye aldım ama çok pişmanım o kadar kalitesiz bi urun ki,Negatif
"Yumuşacık, rahat.paketleme de iyiydi. Teşekkürler",5,Erkek Lacivert Polo Yaka %100 Pamuk Düz T-shirt E001004,Avva,yumuşacık rahatpaketleme de iyiydi teşekkürler,Pozitif
dokusu çok güzel babama aldım severek giyiyor,5,Erkek Lacivert Polo Yaka %100 Pamuk Düz T-shirt E001004,Avva,dokusu çok güzel babama aldım severek giyiyor,Pozitif
yani atlet diyebiliriz kip durmuyor kaliteli diyenleri anlamamakta zorluk çekiyorum,1,Erkek Lacivert Polo Yaka %100 Pamuk Düz T-shirt E001004,Avva,yani atlet diyebiliriz kip durmuyor kaliteli diyenleri anlamamakta zorluk çekiyorum,Negatif
üründen çok memnun kaldım nişanlım com beğendi alınabilecek düzeyde bir ürün ben sürekli bu markayı kullanıyorum teşekkürldr trendyol,5,Erkek Lacivert Polo Yaka %100 Pamuk Düz T-shirt E001004,Avva,üründen çok memnun kaldım nişanlım com beğendi alınabilecek düzeyde bir ürün ben sürekli bu markayı kullanıyorum teşekkürldr trendyol,Pozitif
Güzel çok beğendim,5,Erkek Lacivert Polo Yaka %100 Pamuk Düz T-shirt E001004,Avva,güzel çok beğendim,Pozitif
Tavsiye ederim güzel ürün,5,Erkek Lacivert Polo Yaka %100 Pamuk Düz T-shirt E001004,Avva,tavsiye ederim güzel ürün,Pozitif
Kaliteli tavsiye ediyorum,5,Erkek Lacivert Polo Yaka %100 Pamuk Düz T-shirt E001004,Avva,kaliteli tavsiye ediyorum,Pozitif
çok iyiydi,5,Erkek Lacivert Polo Yaka %100 Pamuk Düz T-shirt E001004,Avva,çok iyiydi,Pozitif
iyi güzel ....,4,Erkek Lacivert Polo Yaka %100 Pamuk Düz T-shirt E001004,Avva,iyi güzel,Pozitif
Güzel kocam begendi bende begendim,5,Erkek Lacivert Polo Yaka %100 Pamuk Düz T-shirt E001004,Avva,güzel kocam begendi bende begendim,Pozitif
çok güzel ürün teşekkürler,5,Erkek Lacivert Polo Yaka %100 Pamuk Düz T-shirt E001004,Avva,çok güzel ürün teşekkürler,Pozitif
Teşekkürler gayet güzeldi,5,Erkek Lacivert Polo Yaka %100 Pamuk Düz T-shirt E001004,Avva,teşekkürler gayet güzeldi,Pozitif
çok güzel ve kaliteli,5,Erkek Lacivert Polo Yaka %100 Pamuk Düz T-shirt E001004,Avva,çok güzel ve kaliteli,Pozitif
ürün kalitesi çok güzel,5,Erkek Lacivert Polo Yaka %100 Pamuk Düz T-shirt E001004,Avva,ürün kalitesi çok güzel,Pozitif
Teşekkürler.,5,Erkek Lacivert Polo Yaka %100 Pamuk Düz T-shirt E001004,Avva,teşekkürler,Pozitif
Çok güzel beğendik,5,Erkek Lacivert Polo Yaka %100 Pamuk Düz T-shirt E001004,Avva,çok güzel beğendik,Pozitif
cok begendim kaliteli urun,5,Erkek Lacivert Polo Yaka %100 Pamuk Düz T-shirt E001004,Avva,cok begendim kaliteli urun,Pozitif
Çok güzel beğendik.,5,Erkek Lacivert Polo Yaka %100 Pamuk Düz T-shirt E001004,Avva,çok güzel beğendik,Pozitif
Ürün kaliteli,5,Erkek Lacivert Polo Yaka %100 Pamuk Düz T-shirt E001004,Avva,ürün kaliteli,Pozitif
indirimden satın almıştım gayet kaliteli ve hoş ürünler gerçekten de..,5,Erkek %100 Pamuk Koyu Mavi Polo Yaka Düz T-shirt E001004,Avva,indirimden satın almıştım gayet kaliteli ve hoş ürünler gerçekten de,Pozitif
Çok beğendim ben aldıktan sonra indirime girdi ama neyse :),5,Erkek %100 Pamuk Koyu Mavi Polo Yaka Düz T-shirt E001004,Avva,çok beğendim ben aldıktan sonra indirime girdi ama neyse,Pozitif
indirimliyken almıştım iyi ki almışım,5,Erkek %100 Pamuk Koyu Mavi Polo Yaka Düz T-shirt E001004,Avva,indirimliyken almıştım iyi ki almışım,Pozitif
Harika. Teşekkürler trendyol 😘,5,Erkek %100 Pamuk Koyu Mavi Polo Yaka Düz T-shirt E001004,Avva,harika teşekkürler trendyol,Pozitif
çok teşekkür ederim harika hemen geldi teşekkür ederim,5,Erkek %100 Pamuk Koyu Mavi Polo Yaka Düz T-shirt E001004,Avva,çok teşekkür ederim harika hemen geldi teşekkür ederim,Pozitif
Ürünüm ertesi gün teslim oldu.Hızlı ve başarılı satıcı.Ambalajlama çok güzeldi. Ürün kaliteli.,5,Erkek %100 Pamuk Koyu Mavi Polo Yaka Düz T-shirt E001004,Avva,ürünüm ertesi gün teslim olduhızlı ve başarılı satıcıambalajlama çok güzeldi ürün kaliteli,Pozitif
Ürün gayet güzel,5,Erkek %100 Pamuk Koyu Mavi Polo Yaka Düz T-shirt E001004,Avva,ürün gayet güzel,Pozitif
Ürünü beğendik,5,Erkek %100 Pamuk Koyu Mavi Polo Yaka Düz T-shirt E001004,Avva,ürünü beğendik,Pozitif
Ürün çok kaliteli,5,Erkek %100 Pamuk Koyu Mavi Polo Yaka Düz T-shirt E001004,Avva,ürün çok kaliteli,Pozitif
çok kaliteli tavsiye ederim,5,Erkek %100 Pamuk Koyu Mavi Polo Yaka Düz T-shirt E001004,Avva,çok kaliteli tavsiye ederim,Pozitif
Tarcıyye edıyorum guzel,5,Erkek %100 Pamuk Koyu Mavi Polo Yaka Düz T-shirt E001004,Avva,tarcıyye edıyorum guzel,Pozitif
tavsiye ederim,5,Erkek %100 Pamuk Koyu Mavi Polo Yaka Düz T-shirt E001004,Avva,tavsiye ederim,Pozitif
cok guzel esim begendi,5,Erkek %100 Pamuk Koyu Mavi Polo Yaka Düz T-shirt E001004,Avva,cok guzel esim begendi,Pozitif
Gayet güzel bir ürün,5,Erkek %100 Pamuk Koyu Mavi Polo Yaka Düz T-shirt E001004,Avva,gayet güzel bir ürün,Pozitif
Kaliteli ürün güzel tavsiye ederim,5,Erkek %100 Pamuk Koyu Mavi Polo Yaka Düz T-shirt E001004,Avva,kaliteli ürün güzel tavsiye ederim,Pozitif
çok teşekkürler,5,Erkek %100 Pamuk Koyu Mavi Polo Yaka Düz T-shirt E001004,Avva,çok teşekkürler,Pozitif
gayet güzel ve kaliteli,5,Erkek %100 Pamuk Koyu Mavi Polo Yaka Düz T-shirt E001004,Avva,gayet güzel ve kaliteli,Pozitif
beklediğimden daha kaliteli çıktı.,5,Erkek %100 Pamuk Koyu Mavi Polo Yaka Düz T-shirt E001004,Avva,beklediğimden daha kaliteli çıktı,Pozitif
çok güzel bir ürün,5,Erkek %100 Pamuk Koyu Mavi Polo Yaka Düz T-shirt E001004,Avva,çok güzel bir ürün,Pozitif
çok güzel tavsiye ederim,5,Erkek %100 Pamuk Koyu Mavi Polo Yaka Düz T-shirt E001004,Avva,çok güzel tavsiye ederim,Pozitif
kaliteli ürün gayet güzel geldi,5,Erkek %100 Pamuk Koyu Mavi Polo Yaka Düz T-shirt E001004,Avva,kaliteli ürün gayet güzel geldi,Pozitif
kalitesi gerçekten çok güzel,5,Erkek %100 Pamuk Koyu Mavi Polo Yaka Düz T-shirt E001004,Avva,kalitesi gerçekten çok güzel,Pozitif
tavsiye ederim,5,Erkek %100 Pamuk Koyu Mavi Polo Yaka Düz T-shirt E001004,Avva,tavsiye ederim,Pozitif
kalitelisi gayet güzel,5,Erkek %100 Pamuk Koyu Mavi Polo Yaka Düz T-shirt E001004,Avva,kalitelisi gayet güzel,Pozitif
çok güzel ve kaliteli,5,Erkek %100 Pamuk Koyu Mavi Polo Yaka Düz T-shirt E001004,Avva,çok güzel ve kaliteli,Pozitif
harika kardeşime hediye aldım çok beğendi.Esime de sipariş ettim yaz boyunca sanıyorum 6. rengini aldım harika güvenle alabilirsiniz.,5,Erkek %100 Pamuk Koyu Mavi Polo Yaka Düz T-shirt E001004,Avva,harika kardeşime hediye aldım çok beğendiesime de sipariş ettim yaz boyunca sanıyorum rengini aldım harika güvenle alabilirsiniz,Pozitif
Ürün çok özenli paketlenmişti çok kaliteli alıcak olanlar tereddütte kalmasın 🤩,5,Erkek %100 Pamuk Koyu Mavi Polo Yaka Düz T-shirt E001004,Avva,ürün çok özenli paketlenmişti çok kaliteli alıcak olanlar tereddütte kalmasın,Pozitif
Eşime almıştım çok beğendi. Paketleme gayet iyiydi. Teşekkür ederim.,5,Erkek %100 Pamuk Koyu Mavi Polo Yaka Düz T-shirt E001004,Avva,eşime almıştım çok beğendi paketleme gayet iyiydi teşekkür ederim,Pozitif
Boy 1.85 - Kilo 98 2 adet 3XL aldım.Fakat 2XL olabilirmiş. Ürünü beğendim.Tavsiye ediyorum.,5,Erkek %100 Pamuk Koyu Mavi Polo Yaka Düz T-shirt E001004,Avva,boy kilo adet xl aldımfakat xl olabilirmiş ürünü beğendimtavsiye ediyorum,Pozitif
MÜKEMMEL ÇOK MEMNUN KALDIK BEDENİ TAM YUMUŞACIK,5,Erkek %100 Pamuk Koyu Mavi Polo Yaka Düz T-shirt E001004,Avva,mükemmel çok memnun kaldik bedeni tam yumuşacik,Pozitif
Tam bir fiyat performans ürünü indirimden aldım harika,5,Erkek %100 Pamuk Siyah Polo Yaka Düz T-shirt E001004,Avva,tam bir fiyat performans ürünü indirimden aldım harika,Pozitif
"avva klitesi kendini belli ediuor, ayricA kampanya doneminde aldm, fiyat cok uygundu",5,Erkek %100 Pamuk Siyah Polo Yaka Düz T-shirt E001004,Avva,avva klitesi kendini belli ediuor ayrica kampanya doneminde aldm fiyat cok uygundu,Pozitif
Gayet güzel bir ürün indirim döneminde alınır,5,Erkek %100 Pamuk Siyah Polo Yaka Düz T-shirt E001004,Avva,gayet güzel bir ürün indirim döneminde alınır,Pozitif
indirimde aldım saglam gayet guzel geldi tesekkürler,5,Erkek %100 Pamuk Siyah Polo Yaka Düz T-shirt E001004,Avva,indirimde aldım saglam gayet guzel geldi tesekkürler,Pozitif
indirimde aldım eşime çok beğendik,5,Erkek %100 Pamuk Siyah Polo Yaka Düz T-shirt E001004,Avva,indirimde aldım eşime çok beğendik,Pozitif
Avva kalitesi indirimden aldım çok kaliteli güzel,5,Erkek %100 Pamuk Siyah Polo Yaka Düz T-shirt E001004,Avva,avva kalitesi indirimden aldım çok kaliteli güzel,Pozitif
İndirimde aldım gayet hoşuma gitti ben çok beğendim tavsiye ederim,5,Erkek %100 Pamuk Siyah Polo Yaka Düz T-shirt E001004,Avva,indirimde aldım gayet hoşuma gitti ben çok beğendim tavsiye ederim,Pozitif
Urun gayet guzel kaliteli almakta tereddut etmenize gerek yok 159 tl den aldim indirime girmis :(,5,Erkek %100 Pamuk Siyah Polo Yaka Düz T-shirt E001004,Avva,urun gayet guzel kaliteli almakta tereddut etmenize gerek yok tl den aldim indirime girmis,Pozitif
Kardeşime indirimde almıştım okulda giyiyor cok kaliteli,5,Erkek %100 Pamuk Siyah Polo Yaka Düz T-shirt E001004,Avva,kardeşime indirimde almıştım okulda giyiyor cok kaliteli,Pozitif
Oldukça kullanışlı indirimli alınabilir,4,Erkek %100 Pamuk Siyah Polo Yaka Düz T-shirt E001004,Avva,oldukça kullanışlı indirimli alınabilir,Pozitif
İndirimde aldım başarılı bi ürün,4,Erkek %100 Pamuk Siyah Polo Yaka Düz T-shirt E001004,Avva,indirimde aldım başarılı bi ürün,Pozitif
İndirimden aldım çok güzel,5,Erkek %100 Pamuk Siyah Polo Yaka Düz T-shirt E001004,Avva,indirimden aldım çok güzel,Pozitif
kalite çok iyi indirimli aldım oğluma begenildi,5,Erkek %100 Pamuk Siyah Polo Yaka Düz T-shirt E001004,Avva,kalite çok iyi indirimli aldım oğluma begenildi,Pozitif
Harika indirimde aldık,5,Erkek %100 Pamuk Siyah Polo Yaka Düz T-shirt E001004,Avva,harika indirimde aldık,Pozitif
İndirimde beş rengini aldım çok güzel ürün,5,Erkek %100 Pamuk Siyah Polo Yaka Düz T-shirt E001004,Avva,indirimde beş rengini aldım çok güzel ürün,Pozitif
Çok güzel Bi ürün kargoda hızlıydı👌,5,Erkek %100 Pamuk Siyah Polo Yaka Düz T-shirt E001004,Avva,çok güzel bi ürün kargoda hızlıydı,Pozitif
Harikaaa kalite görüntü çok iyi,5,Erkek %100 Pamuk Siyah Polo Yaka Düz T-shirt E001004,Avva,harikaaa kalite görüntü çok iyi,Pozitif
Çok güzeldi. Fotoğrafta göründüğü gibi indirimden hediye olarak almıştım çok beğenildi,5,Erkek %100 Pamuk Siyah Polo Yaka Düz T-shirt E001004,Avva,çok güzeldi fotoğrafta göründüğü gibi indirimden hediye olarak almıştım çok beğenildi,Pozitif
daha öncede almıştım çok memnunum,5,Erkek %100 Pamuk Siyah Polo Yaka Düz T-shirt E001004,Avva,daha öncede almıştım çok memnunum,Pozitif
Kumaşı biraz sert daha yumuşak olmasını bekliyordum beklentimi karşılamadı,4,Erkek %100 Pamuk Siyah Polo Yaka Düz T-shirt E001004,Avva,kumaşı biraz sert daha yumuşak olmasını bekliyordum beklentimi karşılamadı,Pozitif
ürün sipariş nettigim gibi bedeninde geldi güzel yumuşak dokusu var zamanında gelmesi güzeldi teşekkürler,5,Erkek %100 Pamuk Siyah Polo Yaka Düz T-shirt E001004,Avva,ürün sipariş nettigim gibi bedeninde geldi güzel yumuşak dokusu var zamanında gelmesi güzeldi teşekkürler,Pozitif
Güzel tavsiye edilir.,5,Erkek %100 Pamuk Siyah Polo Yaka Düz T-shirt E001004,Avva,güzel tavsiye edilir,Pozitif
Tşhertler harika,5,Erkek %100 Pamuk Siyah Polo Yaka Düz T-shirt E001004,Avva,tşhertler harika,Pozitif
indirimdeyken almıştım keşke birtane daha alsaymışım,5,Erkek %100 Pamuk Siyah Polo Yaka Düz T-shirt E001004,Avva,indirimdeyken almıştım keşke birtane daha alsaymışım,Pozitif
"Rahat, çok güzel 👍",5,Erkek %100 Pamuk Siyah Polo Yaka Düz T-shirt E001004,Avva,rahat çok güzel,Pozitif
Kalitesi güzeldi begendim,5,Erkek %100 Pamuk Siyah Polo Yaka Düz T-shirt E001004,Avva,kalitesi güzeldi begendim,Pozitif
kaliteli 🤌🤌,5,Erkek %100 Pamuk Siyah Polo Yaka Düz T-shirt E001004,Avva,kaliteli,Pozitif
çok iyi bayıldık,3,Erkek %100 Pamuk Siyah Polo Yaka Düz T-shirt E001004,Avva,çok iyi bayıldık,Nötr
Fena değil kalitesi.,5,Erkek %100 Pamuk Siyah Polo Yaka Düz T-shirt E001004,Avva,fena değil kalitesi,Pozitif
10 numara 5 yıldız,5,Erkek %100 Pamuk Siyah Polo Yaka Düz T-shirt E001004,Avva,numara yıldız,Pozitif
Indirimden aldım kesinlikle harika bir ürün 👍🏻,5,Erkek %100 Pamuk Açık Mavi Polo Yaka Düz T-shirt E001004,Avva,indirimden aldım kesinlikle harika bir ürün,Pozitif
İndirimden aldım çok güzel,5,Erkek %100 Pamuk Açık Mavi Polo Yaka Düz T-shirt E001004,Avva,indirimden aldım çok güzel,Pozitif
Çok güzel,5,Erkek %100 Pamuk Açık Mavi Polo Yaka Düz T-shirt E001004,Avva,çok güzel,Pozitif
Cok güzel,5,Erkek %100 Pamuk Açık Mavi Polo Yaka Düz T-shirt E001004,Avva,cok güzel,Pozitif
çok beğendik,5,Erkek %100 Pamuk Açık Mavi Polo Yaka Düz T-shirt E001004,Avva,çok beğendik,Pozitif
Bugüne kadar aldığım hiçbir ürününde pişmanlık duymadığım marka.,5,Erkek %100 Pamuk Açık Mavi Polo Yaka Düz T-shirt E001004,Avva,bugüne kadar aldığım hiçbir ürününde pişmanlık duymadığım marka,Pozitif
Ürün çok güzel çok kaliteli,5,Erkek %100 Pamuk Açık Mavi Polo Yaka Düz T-shirt E001004,Avva,ürün çok güzel çok kaliteli,Pozitif
Çok güzel,5,Erkek %100 Pamuk Açık Mavi Polo Yaka Düz T-shirt E001004,Avva,çok güzel,Pozitif
Gayet güzel ürün teşekkürler.,5,Erkek %100 Pamuk Açık Mavi Polo Yaka Düz T-shirt E001004,Avva,gayet güzel ürün teşekkürler,Pozitif
Güzel beğendim,4,Erkek %100 Pamuk Açık Mavi Polo Yaka Düz T-shirt E001004,Avva,güzel beğendim,Pozitif
cok begendik,5,Erkek %100 Pamuk Açık Mavi Polo Yaka Düz T-shirt E001004,Avva,cok begendik,Pozitif
çok begendik,5,Erkek %100 Pamuk Açık Mavi Polo Yaka Düz T-shirt E001004,Avva,çok begendik,Pozitif
çok güzel bir ürün,5,Erkek %100 Pamuk Açık Mavi Polo Yaka Düz T-shirt E001004,Avva,çok güzel bir ürün,Pozitif
❤️❤️❤️❤️❤️❤️❤️,5,Erkek %100 Pamuk Açık Mavi Polo Yaka Düz T-shirt E001004,Avva,,Pozitif
çok beğendim kalitesi harika,5,Erkek %100 Pamuk Açık Mavi Polo Yaka Düz T-shirt E001004,Avva,çok beğendim kalitesi harika,Pozitif
Çok güzel ve kullanışlı,5,Erkek %100 Pamuk Açık Mavi Polo Yaka Düz T-shirt E001004,Avva,çok güzel ve kullanışlı,Pozitif
kaliteli ürün beğendim,5,Erkek %100 Pamuk Açık Mavi Polo Yaka Düz T-shirt E001004,Avva,kaliteli ürün beğendim,Pozitif
çok güzel bir ürün yumuşacık,5,Erkek %100 Pamuk Açık Mavi Polo Yaka Düz T-shirt E001004,Avva,çok güzel bir ürün yumuşacık,Pozitif
Babama aldım avva kalitesine diyecek yok zaten,5,Erkek %100 Pamuk Açık Mavi Polo Yaka Düz T-shirt E001004,Avva,babama aldım avva kalitesine diyecek yok zaten,Pozitif
Eşime ve babama aldım çok güzel kaliteli,5,Erkek %100 Pamuk Açık Mavi Polo Yaka Düz T-shirt E001004,Avva,eşime ve babama aldım çok güzel kaliteli,Pozitif
eşime aldım çok beğendi,5,Erkek %100 Pamuk Açık Mavi Polo Yaka Düz T-shirt E001004,Avva,eşime aldım çok beğendi,Pozitif
Eşime aldım çok güzel bir ürün Avva kalitesi kargo zamanında geldi teşekkür ederim,5,Erkek %100 Pamuk Açık Mavi Polo Yaka Düz T-shirt E001004,Avva,eşime aldım çok güzel bir ürün avva kalitesi kargo zamanında geldi teşekkür ederim,Pozitif
eşime hediye olarak aldım çok beğendi,5,Erkek %100 Pamuk Açık Mavi Polo Yaka Düz T-shirt E001004,Avva,eşime hediye olarak aldım çok beğendi,Pozitif
Ürünü babama babalar günü hediyesi olarak aldım. Çok memnun kaldı.,5,Erkek %100 Pamuk Açık Mavi Polo Yaka Düz T-shirt E001004,Avva,ürünü babama babalar günü hediyesi olarak aldım çok memnun kaldı,Pozitif
kalite AVVA..,5,Erkek %100 Pamuk Açık Mavi Polo Yaka Düz T-shirt E001004,Avva,kalite avva,Pozitif
Kaliteli ve şık duruyor çok beğendim,5,Erkek %100 Pamuk Açık Mavi Polo Yaka Düz T-shirt E001004,Avva,kaliteli ve şık duruyor çok beğendim,Pozitif
harika bir ürün kumaşı çok güzel 5 yıldız,5,Erkek %100 Pamuk Açık Mavi Polo Yaka Düz T-shirt E001004,Avva,harika bir ürün kumaşı çok güzel yıldız,Pozitif
Eşim için sipariş verdim çok beğendik. Kumaş kalitesi ve duruşuyla çok şık. Teşekkürler,5,Erkek %100 Pamuk Açık Mavi Polo Yaka Düz T-shirt E001004,Avva,eşim için sipariş verdim çok beğendik kumaş kalitesi ve duruşuyla çok şık teşekkürler,Pozitif
Kalitesi çok iyi eşime aldık çok beğendi,5,Erkek %100 Pamuk Açık Mavi Polo Yaka Düz T-shirt E001004,Avva,kalitesi çok iyi eşime aldık çok beğendi,Pozitif
ço6l güzel oldu sevgilime,5,Erkek %100 Pamuk Açık Mavi Polo Yaka Düz T-shirt E001004,Avva,çol güzel oldu sevgilime,Pozitif
"indirimde aldım eşime, güzel",4,Erkek %100 Pamuk Yağ Yeşili Polo Yaka Düz T-Shirt E001004,Avva,indirimde aldım eşime güzel,Pozitif
gayet güzel ve kaliteli,5,Erkek %100 Pamuk Yağ Yeşili Polo Yaka Düz T-Shirt E001004,Avva,gayet güzel ve kaliteli,Pozitif
Avva kalitesi harika,5,Erkek %100 Pamuk Yağ Yeşili Polo Yaka Düz T-Shirt E001004,Avva,avva kalitesi harika,Pozitif
Ürünün dokusu cok güzel yumuşacık iyikide avva,5,Erkek %100 Pamuk Yağ Yeşili Polo Yaka Düz T-Shirt E001004,Avva,ürünün dokusu cok güzel yumuşacık iyikide avva,Pozitif
Babama aldım çok begendi,5,Erkek %100 Pamuk Yağ Yeşili Polo Yaka Düz T-Shirt E001004,Avva,babama aldım çok begendi,Pozitif
babama hediye aldım çok beğendi kalitesi zaten tartışılmaz bence🌸,5,Erkek %100 Pamuk Yağ Yeşili Polo Yaka Düz T-Shirt E001004,Avva,babama hediye aldım çok beğendi kalitesi zaten tartışılmaz bence,Pozitif
Güzel ürün begendik,5,Erkek %100 Pamuk Yağ Yeşili Polo Yaka Düz T-Shirt E001004,Avva,güzel ürün begendik,Pozitif
rengi çok güzel AVVA kalitesi,5,Erkek %100 Pamuk Yağ Yeşili Polo Yaka Düz T-Shirt E001004,Avva,rengi çok güzel avva kalitesi,Pozitif
kaliteli bir ürün,5,Erkek %100 Pamuk Yağ Yeşili Polo Yaka Düz T-Shirt E001004,Avva,kaliteli bir ürün,Pozitif
Harika geldi düşünmeyin alın,5,Erkek %100 Pamuk Yağ Yeşili Polo Yaka Düz T-Shirt E001004,Avva,harika geldi düşünmeyin alın,Pozitif
güzel beğendik,5,Erkek %100 Pamuk Yağ Yeşili Polo Yaka Düz T-Shirt E001004,Avva,güzel beğendik,Pozitif
Güzel bir ürün .,4,Erkek %100 Pamuk Yağ Yeşili Polo Yaka Düz T-Shirt E001004,Avva,güzel bir ürün,Pozitif
Çok güzel bir ürün,5,Erkek %100 Pamuk Yağ Yeşili Polo Yaka Düz T-Shirt E001004,Avva,çok güzel bir ürün,Pozitif
Çok güzel ve kaliteli teşekkürler 💜,5,Erkek %100 Pamuk Yağ Yeşili Polo Yaka Düz T-Shirt E001004,Avva,çok güzel ve kaliteli teşekkürler,Pozitif
Çok iyi beklediğimden de iyi,5,Erkek %100 Pamuk Yağ Yeşili Polo Yaka Düz T-Shirt E001004,Avva,çok iyi beklediğimden de iyi,Pozitif
çokkkk beğendik tavsiye ediyorum,4,Erkek %100 Pamuk Yağ Yeşili Polo Yaka Düz T-Shirt E001004,Avva,çokkkk beğendik tavsiye ediyorum,Pozitif
Mükemmel bir kalite,5,Erkek %100 Pamuk Yağ Yeşili Polo Yaka Düz T-Shirt E001004,Avva,mükemmel bir kalite,Pozitif
Çok beğendim kaliteli,4,Erkek %100 Pamuk Yağ Yeşili Polo Yaka Düz T-Shirt E001004,Avva,çok beğendim kaliteli,Pozitif
Çok kaliteli gerçekten,5,Erkek %100 Pamuk Yağ Yeşili Polo Yaka Düz T-Shirt E001004,Avva,çok kaliteli gerçekten,Pozitif
Avva kalitesi begendık.,5,Erkek %100 Pamuk Yağ Yeşili Polo Yaka Düz T-Shirt E001004,Avva,avva kalitesi begendık,Pozitif
çok güzel kaliteli,4,Erkek %100 Pamuk Yağ Yeşili Polo Yaka Düz T-Shirt E001004,Avva,çok güzel kaliteli,Pozitif
cok güzel bayildim,5,Erkek %100 Pamuk Yağ Yeşili Polo Yaka Düz T-Shirt E001004,Avva,cok güzel bayildim,Pozitif
"Güzel ürün, kalitesi iyi....",5,Erkek %100 Pamuk Yağ Yeşili Polo Yaka Düz T-Shirt E001004,Avva,güzel ürün kalitesi iyi,Pozitif
Her zaman ki Avva kalitesi sonuç yine mükemmel. Oğluma aldım çok beğendi.,5,Erkek %100 Pamuk Yağ Yeşili Polo Yaka Düz T-Shirt E001004,Avva,her zaman ki avva kalitesi sonuç yine mükemmel oğluma aldım çok beğendi,Pozitif
ürün çok güzel,5,Erkek %100 Pamuk Yağ Yeşili Polo Yaka Düz T-Shirt E001004,Avva,ürün çok güzel,Pozitif
Ürün çok güzel,5,Erkek %100 Pamuk Yağ Yeşili Polo Yaka Düz T-Shirt E001004,Avva,ürün çok güzel,Pozitif
Avva kalitesi kendini belli ediyor,5,Erkek %100 Pamuk Yağ Yeşili Polo Yaka Düz T-Shirt E001004,Avva,avva kalitesi kendini belli ediyor,Pozitif
Güzel beğendim,5,Erkek %100 Pamuk Yağ Yeşili Polo Yaka Düz T-Shirt E001004,Avva,güzel beğendim,Pozitif
Tam yazlık bir ürün,5,Erkek %100 Pamuk Yağ Yeşili Polo Yaka Düz T-Shirt E001004,Avva,tam yazlık bir ürün,Pozitif
Kaliteli yeri güzel,5,Erkek %100 Pamuk Yağ Yeşili Polo Yaka Düz T-Shirt E001004,Avva,kaliteli yeri güzel,Pozitif
"çok sevdim, spor için aldım ama günlük hayatta da hırka içine giyilebilir bence. bir beden büyük almanızı tavsiye ederim, daha rahat olacaktır.",5,Fit Regular Fit Bisiklet Yaka Crop Fitilli Organik Pamuklu Kaşkorse Atlet X0178AZ22SP,Defacto,çok sevdim spor için aldım ama günlük hayatta da hırka içine giyilebilir bence bir beden büyük almanızı tavsiye ederim daha rahat olacaktır,Pozitif
Hem kargo çok hızlıydı Hemde ürün harika kesinlikle alınmalı herkes kendi bedenini alabilir çok rahat bir kumaşı var rengi aynı fotoğraftaki gibi,5,Fit Regular Fit Bisiklet Yaka Crop Fitilli Organik Pamuklu Kaşkorse Atlet X0178AZ22SP,Defacto,hem kargo çok hızlıydı hemde ürün harika kesinlikle alınmalı herkes kendi bedenini alabilir çok rahat bir kumaşı var rengi aynı fotoğraftaki gibi,Pozitif
Ürün yumuşak ve çok kaliteli. Başka markalardan 100-150₺ ye alınacak bir ürün. Bedenimi aldım tam oldu öneririm.,5,Fit Regular Fit Bisiklet Yaka Crop Fitilli Organik Pamuklu Kaşkorse Atlet X0178AZ22SP,Defacto,ürün yumuşak ve çok kaliteli başka markalardan ye alınacak bir ürün bedenimi aldım tam oldu öneririm,Pozitif
güzel ve rahat beğendim,5,Fit Regular Fit Bisiklet Yaka Crop Fitilli Organik Pamuklu Kaşkorse Atlet X0178AZ22SP,Defacto,güzel ve rahat beğendim,Pozitif
Çok rahat,5,Fit Regular Fit Bisiklet Yaka Crop Fitilli Organik Pamuklu Kaşkorse Atlet X0178AZ22SP,Defacto,çok rahat,Pozitif
Tam beden alınabilir,4,Fit Regular Fit Bisiklet Yaka Crop Fitilli Organik Pamuklu Kaşkorse Atlet X0178AZ22SP,Defacto,tam beden alınabilir,Pozitif
Kalıbı biraz büyük bir beden küçük alınabilir.,5,Fit Regular Fit Bisiklet Yaka Crop Fitilli Organik Pamuklu Kaşkorse Atlet X0178AZ22SP,Defacto,kalıbı biraz büyük bir beden küçük alınabilir,Pozitif
Spor ve şık duruyor.,5,Fit Regular Fit Bisiklet Yaka Crop Fitilli Organik Pamuklu Kaşkorse Atlet X0178AZ22SP,Defacto,spor ve şık duruyor,Pozitif
"Bayıldım, yaz aylarında giy çık harika bir ürün. Kalitesi çok güzel",5,Fit Regular Fit Bisiklet Yaka Crop Fitilli Organik Pamuklu Kaşkorse Atlet X0178AZ22SP,Defacto,bayıldım yaz aylarında giy çık harika bir ürün kalitesi çok güzel,Pozitif
Kaliteli ve güzel,5,Fit Regular Fit Bisiklet Yaka Crop Fitilli Organik Pamuklu Kaşkorse Atlet X0178AZ22SP,Defacto,kaliteli ve güzel,Pozitif
Bayıldığım ürünlerden birisi çok rahat,5,Fit Regular Fit Bisiklet Yaka Crop Fitilli Organik Pamuklu Kaşkorse Atlet X0178AZ22SP,Defacto,bayıldığım ürünlerden birisi çok rahat,Pozitif
gayet güzel bir ürün. ben 50 lirayken almıştım,5,Fit Regular Fit Bisiklet Yaka Crop Fitilli Organik Pamuklu Kaşkorse Atlet X0178AZ22SP,Defacto,gayet güzel bir ürün ben lirayken almıştım,Pozitif
65 kilo XL aldım. aşk yaşıyorum şu an. penyesi tok çok yumuşak ve çok ince değil ama organik pamuk olduğu için güzel serin bir his veriyor. vücudu toparlama özelliği var üretiminde katkısı olan herkese teşekkürler. beyaz rengini de alacağım.,5,Fit Regular Fit Bisiklet Yaka Crop Fitilli Organik Pamuklu Kaşkorse Atlet X0178AZ22SP,Defacto,kilo xl aldım aşk yaşıyorum şu an penyesi tok çok yumuşak ve çok ince değil ama organik pamuk olduğu için güzel serin bir his veriyor vücudu toparlama özelliği var üretiminde katkısı olan herkese teşekkürler beyaz rengini de alacağım,Pozitif
yok böyle güzellik 😍 tam beden 👍,5,Fit Regular Fit Bisiklet Yaka Crop Fitilli Organik Pamuklu Kaşkorse Atlet X0178AZ22SP,Defacto,yok böyle güzellik tam beden,Pozitif
Çok rahat yakmıyor 170 boy 56 kilo s beden aldım tam oldu likralı zaten vücudu sarıyor,5,Fit Regular Fit Bisiklet Yaka Crop Fitilli Organik Pamuklu Kaşkorse Atlet X0178AZ22SP,Defacto,çok rahat yakmıyor boy kilo s beden aldım tam oldu likralı zaten vücudu sarıyor,Pozitif
Çok iyi kalite,5,Fit Regular Fit Bisiklet Yaka Crop Fitilli Organik Pamuklu Kaşkorse Atlet X0178AZ22SP,Defacto,çok iyi kalite,Pozitif
tek kelime ile harikaaaaa çok beğendim,5,Fit Regular Fit Bisiklet Yaka Crop Fitilli Organik Pamuklu Kaşkorse Atlet X0178AZ22SP,Defacto,tek kelime ile harikaaaaa çok beğendim,Pozitif
Efsane her rengini aldım,5,Fit Regular Fit Bisiklet Yaka Crop Fitilli Organik Pamuklu Kaşkorse Atlet X0178AZ22SP,Defacto,efsane her rengini aldım,Pozitif
ürün güzel ama rengi bana yakışmadığı için iade etmek zorunda kaldim,5,Fit Regular Fit Bisiklet Yaka Crop Fitilli Organik Pamuklu Kaşkorse Atlet X0178AZ22SP,Defacto,ürün güzel ama rengi bana yakışmadığı için iade etmek zorunda kaldim,Pozitif
"çok kaliteli, çok beyendim. bence bu fiyata harikaaa biir ürünn",5,Fit Regular Fit Bisiklet Yaka Crop Fitilli Organik Pamuklu Kaşkorse Atlet X0178AZ22SP,Defacto,çok kaliteli çok beyendim bence bu fiyata harikaaa biir ürünn,Pozitif
Cok rahat ve iyi kombinlersen sahane duruyo,5,Fit Regular Fit Bisiklet Yaka Crop Fitilli Organik Pamuklu Kaşkorse Atlet X0178AZ22SP,Defacto,cok rahat ve iyi kombinlersen sahane duruyo,Pozitif
Kesimini çok beğendim. Tam bedeninizde alabilirsiniz.,5,Fit Regular Fit Bisiklet Yaka Crop Fitilli Organik Pamuklu Kaşkorse Atlet X0178AZ22SP,Defacto,kesimini çok beğendim tam bedeninizde alabilirsiniz,Pozitif
Ürün güzel ben bir büyük bedenimi aldım ama olmadı herkes kendi bedeninini alsın.,3,Fit Regular Fit Bisiklet Yaka Crop Fitilli Organik Pamuklu Kaşkorse Atlet X0178AZ22SP,Defacto,ürün güzel ben bir büyük bedenimi aldım ama olmadı herkes kendi bedeninini alsın,Nötr
Cok şık bir ürün..,5,Fit Regular Fit Bisiklet Yaka Crop Fitilli Organik Pamuklu Kaşkorse Atlet X0178AZ22SP,Defacto,cok şık bir ürün,Pozitif
Kızıma en küçük bedenini aldım güzel oldu,5,Fit Regular Fit Bisiklet Yaka Crop Fitilli Organik Pamuklu Kaşkorse Atlet X0178AZ22SP,Defacto,kızıma en küçük bedenini aldım güzel oldu,Pozitif
170/57 kiloyum s beden aldım keşke m alsaydım ama güzel,5,Fit Regular Fit Bisiklet Yaka Crop Fitilli Organik Pamuklu Kaşkorse Atlet X0178AZ22SP,Defacto,kiloyum s beden aldım keşke m alsaydım ama güzel,Pozitif
Guzel crop tam beden,5,Fit Regular Fit Bisiklet Yaka Crop Fitilli Organik Pamuklu Kaşkorse Atlet X0178AZ22SP,Defacto,guzel crop tam beden,Pozitif
cok hos durusu 42 kiloyum xs aldim,5,Fit Regular Fit Bisiklet Yaka Crop Fitilli Organik Pamuklu Kaşkorse Atlet X0178AZ22SP,Defacto,cok hos durusu kiloyum xs aldim,Pozitif
Çok kaliteli 🙏🏼,5,Fit Regular Fit Bisiklet Yaka Crop Fitilli Organik Pamuklu Kaşkorse Atlet X0178AZ22SP,Defacto,çok kaliteli,Pozitif
"Bayildim. Cok kaliteli duruyor. Normalde 36 giyerim, s beden aldim. Tam oldu. Buyuk gogusluler icin bir beden buyuk alinabilir. Uygun fiyata kropa gore cok guzel bence",5,Fit Regular Fit Bisiklet Yaka Crop Fitilli Organik Pamuklu Kaşkorse Atlet X0178AZ22SP,Defacto,bayildim cok kaliteli duruyor normalde giyerim s beden aldim tam oldu buyuk gogusluler icin bir beden buyuk alinabilir uygun fiyata kropa gore cok guzel bence,Pozitif
Kesinlikle tavsiye ediyorum satıcıya çok teşekkür ediyorum kaliteli ve güzel ürün,5,Erkek %100 Pamuk Mavi Polo Yaka Düz T-Shirt E001004,Avva,kesinlikle tavsiye ediyorum satıcıya çok teşekkür ediyorum kaliteli ve güzel ürün,Pozitif
ürün çok beğendik,5,Erkek %100 Pamuk Mavi Polo Yaka Düz T-Shirt E001004,Avva,ürün çok beğendik,Pozitif
çok kaliteli . Esim beyandin.,5,Erkek %100 Pamuk Mavi Polo Yaka Düz T-Shirt E001004,Avva,çok kaliteli esim beyandin,Pozitif
güzel geldi beğenildi,5,Erkek %100 Pamuk Mavi Polo Yaka Düz T-Shirt E001004,Avva,güzel geldi beğenildi,Pozitif
Güzel beğendim,5,Erkek %100 Pamuk Mavi Polo Yaka Düz T-Shirt E001004,Avva,güzel beğendim,Pozitif
harika çok beğenildi,5,Erkek %100 Pamuk Mavi Polo Yaka Düz T-Shirt E001004,Avva,harika çok beğenildi,Pozitif
Oldukça güzel bir ürün.,5,Erkek %100 Pamuk Mavi Polo Yaka Düz T-Shirt E001004,Avva,oldukça güzel bir ürün,Pozitif
kaliteli guze geldi,4,Erkek %100 Pamuk Mavi Polo Yaka Düz T-Shirt E001004,Avva,kaliteli guze geldi,Pozitif
cok iyi kaliteli,5,Erkek %100 Pamuk Mavi Polo Yaka Düz T-Shirt E001004,Avva,cok iyi kaliteli,Pozitif
Çok güzel zaten kalitelisini söylememe gerek bile yok mükemmel 🤩 ✅,4,Erkek %100 Pamuk Mavi Polo Yaka Düz T-Shirt E001004,Avva,çok güzel zaten kalitelisini söylememe gerek bile yok mükemmel,Pozitif
ürün çok kaliteli,5,Erkek %100 Pamuk Mavi Polo Yaka Düz T-Shirt E001004,Avva,ürün çok kaliteli,Pozitif
gercekten cok begendim,5,Erkek %100 Pamuk Mavi Polo Yaka Düz T-Shirt E001004,Avva,gercekten cok begendim,Pozitif
avva kalitesi cok memnunuz,5,Erkek %100 Pamuk Mavi Polo Yaka Düz T-Shirt E001004,Avva,avva kalitesi cok memnunuz,Pozitif
çok kaliteli gayet güzel,5,Erkek %100 Pamuk Mavi Polo Yaka Düz T-Shirt E001004,Avva,çok kaliteli gayet güzel,Pozitif
çok beğendim çok kaliteli teşekkürler,5,Erkek %100 Pamuk Mavi Polo Yaka Düz T-Shirt E001004,Avva,çok beğendim çok kaliteli teşekkürler,Pozitif
Babalar günü için babama aldım çok beğendik ürün çok güzel ve paketleme olarak da süperdi,5,Erkek %100 Pamuk Mavi Polo Yaka Düz T-Shirt E001004,Avva,babalar günü için babama aldım çok beğendik ürün çok güzel ve paketleme olarak da süperdi,Pozitif
dokusu yumuşak çok kaliteli,5,Erkek %100 Pamuk Mavi Polo Yaka Düz T-Shirt E001004,Avva,dokusu yumuşak çok kaliteli,Pozitif
Babama aldım cok. Begendş,5,Erkek %100 Pamuk Mavi Polo Yaka Düz T-Shirt E001004,Avva,babama aldım cok begendş,Pozitif
babama aldim cok kaliteli,5,Erkek %100 Pamuk Mavi Polo Yaka Düz T-Shirt E001004,Avva,babama aldim cok kaliteli,Pozitif
Eşime aldim çok beyendi,5,Erkek %100 Pamuk Mavi Polo Yaka Düz T-Shirt E001004,Avva,eşime aldim çok beyendi,Pozitif
Eşime aldım çok kaliteli eşim beğendi,5,Erkek %100 Pamuk Mavi Polo Yaka Düz T-Shirt E001004,Avva,eşime aldım çok kaliteli eşim beğendi,Pozitif
Eşime aldım çok beğendi,4,Erkek %100 Pamuk Mavi Polo Yaka Düz T-Shirt E001004,Avva,eşime aldım çok beğendi,Pozitif
Ürün cok guzel ve yumusacik tam beden alinabilir. Esime aldim kilo 98 L beden tam oldu. Tavsiye ederim,5,Erkek %100 Pamuk Mavi Polo Yaka Düz T-Shirt E001004,Avva,ürün cok guzel ve yumusacik tam beden alinabilir esime aldim kilo l beden tam oldu tavsiye ederim,Pozitif
çok kaliteli ürun,5,Erkek %100 Pamuk Mavi Polo Yaka Düz T-Shirt E001004,Avva,çok kaliteli ürun,Pozitif
çok memnun kaldık renk olarak da muhteşem,5,Erkek %100 Pamuk Mavi Polo Yaka Düz T-Shirt E001004,Avva,çok memnun kaldık renk olarak da muhteşem,Pozitif
dokusu çok güzel babama 3 rengini de aldım severek giyiyor,5,Erkek %100 Pamuk Mavi Polo Yaka Düz T-Shirt E001004,Avva,dokusu çok güzel babama rengini de aldım severek giyiyor,Pozitif
guzel urun. indirimde fiuati cok uygundu.,5,Erkek %100 Pamuk Mavi Polo Yaka Düz T-Shirt E001004,Avva,guzel urun indirimde fiuati cok uygundu,Pozitif
Çok iyi...,5,Erkek %100 Pamuk Mavi Polo Yaka Düz T-Shirt E001004,Avva,çok iyi,Pozitif
üründen memnun oldum,5,Erkek %100 Pamuk Mavi Polo Yaka Düz T-Shirt E001004,Avva,üründen memnun oldum,Pozitif
Mükemmel 👍,5,Erkek %100 Pamuk Mavi Polo Yaka Düz T-Shirt E001004,Avva,mükemmel,Pozitif
gayet güzel yazlık bir ürün eşim beğendi,5,Erkek %100 Pamuk Su Yeşili Polo Yaka Düz T-Shirt E001004,Avva,gayet güzel yazlık bir ürün eşim beğendi,Pozitif
avva kalitesi çok beğendim çok kaliteli dokusu,5,Erkek %100 Pamuk Su Yeşili Polo Yaka Düz T-Shirt E001004,Avva,avva kalitesi çok beğendim çok kaliteli dokusu,Pozitif
Çok beğendim çabuk geldi,5,Erkek %100 Pamuk Su Yeşili Polo Yaka Düz T-Shirt E001004,Avva,çok beğendim çabuk geldi,Pozitif
indirim oranı süper.. kalite malum avva....,5,Erkek %100 Pamuk Su Yeşili Polo Yaka Düz T-Shirt E001004,Avva,indirim oranı süper kalite malum avva,Pozitif
çok güzel bir ürün babama hediye aldım iyi ki kargoda çok hızlıydı,5,Erkek %100 Pamuk Su Yeşili Polo Yaka Düz T-Shirt E001004,Avva,çok güzel bir ürün babama hediye aldım iyi ki kargoda çok hızlıydı,Pozitif
Çok güzel ava kalitesi,5,Erkek %100 Pamuk Su Yeşili Polo Yaka Düz T-Shirt E001004,Avva,çok güzel ava kalitesi,Pozitif
Kaliteli güzel,5,Erkek %100 Pamuk Su Yeşili Polo Yaka Düz T-Shirt E001004,Avva,kaliteli güzel,Pozitif
Çok kaliteli güzel bir ürün,5,Erkek %100 Pamuk Su Yeşili Polo Yaka Düz T-Shirt E001004,Avva,çok kaliteli güzel bir ürün,Pozitif
tavsiye ederim başarılı ürün,5,Erkek %100 Pamuk Su Yeşili Polo Yaka Düz T-Shirt E001004,Avva,tavsiye ederim başarılı ürün,Pozitif
çok güzel beğendim,5,Erkek %100 Pamuk Su Yeşili Polo Yaka Düz T-Shirt E001004,Avva,çok güzel beğendim,Pozitif
kaliteli ürün çok beğendim,5,Erkek %100 Pamuk Su Yeşili Polo Yaka Düz T-Shirt E001004,Avva,kaliteli ürün çok beğendim,Pozitif
çok güzel mükemmel,5,Erkek %100 Pamuk Su Yeşili Polo Yaka Düz T-Shirt E001004,Avva,çok güzel mükemmel,Pozitif
Cok guzelll,5,Erkek %100 Pamuk Su Yeşili Polo Yaka Düz T-Shirt E001004,Avva,cok guzelll,Pozitif
Eşim beğendi güzel,5,Erkek %100 Pamuk Su Yeşili Polo Yaka Düz T-Shirt E001004,Avva,eşim beğendi güzel,Pozitif
çok kaliteli,4,Erkek %100 Pamuk Su Yeşili Polo Yaka Düz T-Shirt E001004,Avva,çok kaliteli,Pozitif
çok güzel geldi eşim çok begendi,5,Erkek %100 Pamuk Su Yeşili Polo Yaka Düz T-Shirt E001004,Avva,çok güzel geldi eşim çok begendi,Pozitif
Tavsiye etmiyorum çok kaliteli,5,Erkek %100 Pamuk Su Yeşili Polo Yaka Düz T-Shirt E001004,Avva,tavsiye etmiyorum çok kaliteli,Pozitif
çok kaliteli ve güzel,5,Erkek %100 Pamuk Su Yeşili Polo Yaka Düz T-Shirt E001004,Avva,çok kaliteli ve güzel,Pozitif
oğlum beyendi,5,Erkek %100 Pamuk Su Yeşili Polo Yaka Düz T-Shirt E001004,Avva,oğlum beyendi,Pozitif
Çok beğendim,5,Erkek %100 Pamuk Su Yeşili Polo Yaka Düz T-Shirt E001004,Avva,çok beğendim,Pozitif
Çok kaliteli,4,Erkek %100 Pamuk Su Yeşili Polo Yaka Düz T-Shirt E001004,Avva,çok kaliteli,Pozitif
kaliteli güzel,5,Erkek %100 Pamuk Su Yeşili Polo Yaka Düz T-Shirt E001004,Avva,kaliteli güzel,Pozitif
Cok guzel bir urun,5,Erkek %100 Pamuk Su Yeşili Polo Yaka Düz T-Shirt E001004,Avva,cok guzel bir urun,Pozitif
Cok beğendim kalitesi güzel,5,Erkek %100 Pamuk Su Yeşili Polo Yaka Düz T-Shirt E001004,Avva,cok beğendim kalitesi güzel,Pozitif
guzel begendik,5,Erkek %100 Pamuk Su Yeşili Polo Yaka Düz T-Shirt E001004,Avva,guzel begendik,Pozitif
Çok güzel bir ürün,5,Erkek %100 Pamuk Su Yeşili Polo Yaka Düz T-Shirt E001004,Avva,çok güzel bir ürün,Pozitif
Çok beğendik çok kaliteli,5,Erkek %100 Pamuk Su Yeşili Polo Yaka Düz T-Shirt E001004,Avva,çok beğendik çok kaliteli,Pozitif
Hızlı teslimat güzel ürün teşekkürler,4,Erkek %100 Pamuk Su Yeşili Polo Yaka Düz T-Shirt E001004,Avva,hızlı teslimat güzel ürün teşekkürler,Pozitif
Boy 1.85 - Kilo 98 2 adet 3XL aldım.Fakat 2XL olabilirmiş. Ürünü beğendim.Tavsiye ediyorum.,5,Erkek %100 Pamuk Su Yeşili Polo Yaka Düz T-Shirt E001004,Avva,boy kilo adet xl aldımfakat xl olabilirmiş ürünü beğendimtavsiye ediyorum,Pozitif
Gayet güzel.Kargola da cok hızlıydı tesekkürler,5,Erkek %100 Pamuk Su Yeşili Polo Yaka Düz T-Shirt E001004,Avva,gayet güzelkargola da cok hızlıydı tesekkürler,Pozitif
indirimle aldım gayet iyi,5,Erkek %100 Pamuk Yeşil Polo Yaka Düz T-Shirt E001004,Avva,indirimle aldım gayet iyi,Pozitif
İndirimdeyken aldım kaliteli ürün tavsiye ederim,5,Erkek %100 Pamuk Yeşil Polo Yaka Düz T-Shirt E001004,Avva,indirimdeyken aldım kaliteli ürün tavsiye ederim,Pozitif
Guzel begendım ındırımde aldım memnunum tavsiye ederim,5,Erkek %100 Pamuk Yeşil Polo Yaka Düz T-Shirt E001004,Avva,guzel begendım ındırımde aldım memnunum tavsiye ederim,Pozitif
indirimden aldım gayet güzel,5,Erkek %100 Pamuk Yeşil Polo Yaka Düz T-Shirt E001004,Avva,indirimden aldım gayet güzel,Pozitif
İndirimden aldım çok güzel,5,Erkek %100 Pamuk Yeşil Polo Yaka Düz T-Shirt E001004,Avva,indirimden aldım çok güzel,Pozitif
kaliteli indirimde aldım tavsiye ederim,5,Erkek %100 Pamuk Yeşil Polo Yaka Düz T-Shirt E001004,Avva,kaliteli indirimde aldım tavsiye ederim,Pozitif
Güzel kaliteli bir ürün tavsiye ederim kampanyadayken satın almıştım,5,Erkek %100 Pamuk Yeşil Polo Yaka Düz T-Shirt E001004,Avva,güzel kaliteli bir ürün tavsiye ederim kampanyadayken satın almıştım,Pozitif
harikaaaa teşekkür ederim trendyol,5,Erkek %100 Pamuk Yeşil Polo Yaka Düz T-Shirt E001004,Avva,harikaaaa teşekkür ederim trendyol,Pozitif
Harika olmuş Tavsiye ederim,4,Erkek %100 Pamuk Yeşil Polo Yaka Düz T-Shirt E001004,Avva,harika olmuş tavsiye ederim,Pozitif
çok beğendim teşekkürler trendyol,5,Erkek %100 Pamuk Yeşil Polo Yaka Düz T-Shirt E001004,Avva,çok beğendim teşekkürler trendyol,Pozitif
cok guzel marka,5,Erkek %100 Pamuk Yeşil Polo Yaka Düz T-Shirt E001004,Avva,cok guzel marka,Pozitif
güzel ve kaliteli,5,Erkek %100 Pamuk Yeşil Polo Yaka Düz T-Shirt E001004,Avva,güzel ve kaliteli,Pozitif
beğenerek giyiyorum,5,Erkek %100 Pamuk Yeşil Polo Yaka Düz T-Shirt E001004,Avva,beğenerek giyiyorum,Pozitif
çok kaliteli,5,Erkek %100 Pamuk Yeşil Polo Yaka Düz T-Shirt E001004,Avva,çok kaliteli,Pozitif
çok güzel ve kaliteli tavsiye ederim.,5,Erkek %100 Pamuk Yeşil Polo Yaka Düz T-Shirt E001004,Avva,çok güzel ve kaliteli tavsiye ederim,Pozitif
Tesekkurler,5,Erkek %100 Pamuk Yeşil Polo Yaka Düz T-Shirt E001004,Avva,tesekkurler,Pozitif
Tişört çok kaliteli ve çok güzel kesinlikle tavsiye ederim herkese,5,Erkek %100 Pamuk Yeşil Polo Yaka Düz T-Shirt E001004,Avva,tişört çok kaliteli ve çok güzel kesinlikle tavsiye ederim herkese,Pozitif
kalite işte teşekkürler,5,Erkek %100 Pamuk Yeşil Polo Yaka Düz T-Shirt E001004,Avva,kalite işte teşekkürler,Pozitif
Çok kaliteli 🤌🏼,5,Erkek %100 Pamuk Yeşil Polo Yaka Düz T-Shirt E001004,Avva,çok kaliteli,Pozitif
çok iyi,5,Erkek %100 Pamuk Yeşil Polo Yaka Düz T-Shirt E001004,Avva,çok iyi,Pozitif
cok guzelll,5,Erkek %100 Pamuk Yeşil Polo Yaka Düz T-Shirt E001004,Avva,cok guzelll,Pozitif
Harika bir ürün,5,Erkek %100 Pamuk Yeşil Polo Yaka Düz T-Shirt E001004,Avva,harika bir ürün,Pozitif
Çok beğendik,5,Erkek %100 Pamuk Yeşil Polo Yaka Düz T-Shirt E001004,Avva,çok beğendik,Pozitif
Kalitesi iyi değil,3,Erkek %100 Pamuk Yeşil Polo Yaka Düz T-Shirt E001004,Avva,kalitesi iyi değil,Nötr
kaliteli güzel,5,Erkek %100 Pamuk Yeşil Polo Yaka Düz T-Shirt E001004,Avva,kaliteli güzel,Pozitif
gayet kaliteli çok beğendim👍,5,Erkek %100 Pamuk Yeşil Polo Yaka Düz T-Shirt E001004,Avva,gayet kaliteli çok beğendim,Pozitif
kalitesi çok iyi,5,Erkek %100 Pamuk Yeşil Polo Yaka Düz T-Shirt E001004,Avva,kalitesi çok iyi,Pozitif
Avva kalitesi belli oluyor,5,Erkek %100 Pamuk Yeşil Polo Yaka Düz T-Shirt E001004,Avva,avva kalitesi belli oluyor,Pozitif
"kaliteli ürün beğendim,",5,Erkek %100 Pamuk Yeşil Polo Yaka Düz T-Shirt E001004,Avva,kaliteli ürün beğendim,Pozitif
Güzel beğendim,5,Erkek %100 PamukBej Polo Yaka Düz T-Shirt E001004,Avva,güzel beğendim,Pozitif
Çok güzel eşim çok beğendi teşekkürler,5,Erkek %100 PamukBej Polo Yaka Düz T-Shirt E001004,Avva,çok güzel eşim çok beğendi teşekkürler,Pozitif
"Güzel bi tişört, sevdim",5,Erkek %100 PamukBej Polo Yaka Düz T-Shirt E001004,Avva,güzel bi tişört sevdim,Pozitif
babama babalar günü hediyesi aldim çok beğendim teşekkür ederim,5,Erkek %100 PamukBej Polo Yaka Düz T-Shirt E001004,Avva,babama babalar günü hediyesi aldim çok beğendim teşekkür ederim,Pozitif
kesinlikle almayın kalitesiz kumaş,1,Erkek %100 PamukBej Polo Yaka Düz T-Shirt E001004,Avva,kesinlikle almayın kalitesiz kumaş,Negatif
çok kaliteli.indirime girsin gene almak isterim,5,Erkek %100 PamukBej Polo Yaka Düz T-Shirt E001004,Avva,çok kaliteliindirime girsin gene almak isterim,Pozitif
Ürünü çok beğendim. Çok kaliteli ve güzel,5,Erkek %100 PamukBej Polo Yaka Düz T-Shirt E001004,Avva,ürünü çok beğendim çok kaliteli ve güzel,Pozitif
Gayet güzel bi tişört. Kalitesi gayet iyi,5,Erkek %100 PamukBej Polo Yaka Düz T-Shirt E001004,Avva,gayet güzel bi tişört kalitesi gayet iyi,Pozitif
Harika ürünler. Çok teşekkür ederim.,5,Erkek %100 PamukBej Polo Yaka Düz T-Shirt E001004,Avva,harika ürünler çok teşekkür ederim,Pozitif
kaliteli cok güzel tavsiye ederim,5,Erkek %100 PamukBej Polo Yaka Düz T-Shirt E001004,Avva,kaliteli cok güzel tavsiye ederim,Pozitif
Harika 5yıldız,5,Erkek %100 PamukBej Polo Yaka Düz T-Shirt E001004,Avva,harika yıldız,Pozitif
kalite mukemmel,5,Erkek %100 PamukBej Polo Yaka Düz T-Shirt E001004,Avva,kalite mukemmel,Pozitif
guzel ve kaliteli. tavsiye ediyorum,5,Erkek %100 PamukBej Polo Yaka Düz T-Shirt E001004,Avva,guzel ve kaliteli tavsiye ediyorum,Pozitif
Avva kalitesi taryışılmaz,5,Erkek %100 PamukBej Polo Yaka Düz T-Shirt E001004,Avva,avva kalitesi taryışılmaz,Pozitif
ürün çok iyi,5,Erkek %100 PamukBej Polo Yaka Düz T-Shirt E001004,Avva,ürün çok iyi,Pozitif
ürün kalitesi çok zayıf,1,Erkek %100 PamukBej Polo Yaka Düz T-Shirt E001004,Avva,ürün kalitesi çok zayıf,Negatif
Güzel ürün tavsiye ederim.,5,Erkek %100 PamukBej Polo Yaka Düz T-Shirt E001004,Avva,güzel ürün tavsiye ederim,Pozitif
Güzel avva kalitesi tavsiye ederim,5,Erkek %100 PamukBej Polo Yaka Düz T-Shirt E001004,Avva,güzel avva kalitesi tavsiye ederim,Pozitif
çok güzel eşim beğendi,5,Erkek %100 PamukBej Polo Yaka Düz T-Shirt E001004,Avva,çok güzel eşim beğendi,Pozitif
Çok güzel kesinlikle tavsiye ederim. 176 boy 80 kiloya L aldık tam oldu.,5,Erkek %100 PamukBej Polo Yaka Düz T-Shirt E001004,Avva,çok güzel kesinlikle tavsiye ederim boy kiloya l aldık tam oldu,Pozitif
avva kalitesi,5,Erkek %100 PamukBej Polo Yaka Düz T-Shirt E001004,Avva,avva kalitesi,Pozitif
Asiri beyendimmm,5,Erkek %100 PamukBej Polo Yaka Düz T-Shirt E001004,Avva,asiri beyendimmm,Pozitif
cok sık bir urun cok yakisti gonul rahatligiyla alinabilir,5,Erkek %100 PamukBej Polo Yaka Düz T-Shirt E001004,Avva,cok sık bir urun cok yakisti gonul rahatligiyla alinabilir,Pozitif
Mükemmel tshirt,5,Erkek %100 PamukBej Polo Yaka Düz T-Shirt E001004,Avva,mükemmel tshirt,Pozitif
"teşekkür ediyoruz gayet güzel oldu👌👍 eşime hediye aldım rengi tam resimdeki gibi değil ama eşim zaten resimdeki gibi olsaydı giymezdim dedi🤣 soluk bej ama açık bej değil bi tık koyusu, beden olarak da tam kakıp, kendi bedeninizi alabilirsiniz",5,Erkek %100 PamukBej Polo Yaka Düz T-Shirt E001004,Avva,teşekkür ediyoruz gayet güzel oldu eşime hediye aldım rengi tam resimdeki gibi değil ama eşim zaten resimdeki gibi olsaydı giymezdim dedi soluk bej ama açık bej değil bi tık koyusu beden olarak da tam kakıp kendi bedeninizi alabilirsiniz,Pozitif
Eşime aldım avva kalitesi,5,Erkek %100 PamukBej Polo Yaka Düz T-Shirt E001004,Avva,eşime aldım avva kalitesi,Pozitif
kumaşı çok yumuşak fakat bendeni yanlış seçtiğim için iade etmek zorunda kaldım mega indirimde aldım o fiyata denk gelirse hiç düşünmem alırım 👍,4,Erkek %100 PamukBej Polo Yaka Düz T-Shirt E001004,Avva,kumaşı çok yumuşak fakat bendeni yanlış seçtiğim için iade etmek zorunda kaldım mega indirimde aldım o fiyata denk gelirse hiç düşünmem alırım,Pozitif
Ürün beklediğim gibi geldi eşime almıştım çok beğendim 🌸,5,Erkek %100 PamukBej Polo Yaka Düz T-Shirt E001004,Avva,ürün beklediğim gibi geldi eşime almıştım çok beğendim,Pozitif
çok güzel bir ürün. 90 kilo 1.80 boy göbekli xl rahat oldu.,5,Erkek %100 PamukBej Polo Yaka Düz T-Shirt E001004,Avva,çok güzel bir ürün kilo boy göbekli xl rahat oldu,Pozitif
hediye olarak almıştım cok beğendi teşekkürler,5,Erkek %100 PamukBej Polo Yaka Düz T-Shirt E001004,Avva,hediye olarak almıştım cok beğendi teşekkürler,Pozitif
Çok begendim,5,Erkek %100 Pamuk Açık Pembe Polo Yaka Düz T-shirt E001004,Avva,çok begendim,Pozitif
markası hakkını veriyor teşekkür ediyorum,5,Erkek %100 Pamuk Açık Pembe Polo Yaka Düz T-shirt E001004,Avva,markası hakkını veriyor teşekkür ediyorum,Pozitif
harika bir ürün eşime aldım severek giyiyor,5,Erkek %100 Pamuk Açık Pembe Polo Yaka Düz T-shirt E001004,Avva,harika bir ürün eşime aldım severek giyiyor,Pozitif
kalitesi çok güzel fiyatı gayet uygun,5,Erkek %100 Pamuk Açık Pembe Polo Yaka Düz T-shirt E001004,Avva,kalitesi çok güzel fiyatı gayet uygun,Pozitif
Ürün gayet güzel zamanında geldi teşekkür ederim,3,Erkek %100 Pamuk Açık Pembe Polo Yaka Düz T-shirt E001004,Avva,ürün gayet güzel zamanında geldi teşekkür ederim,Nötr
Kargo hızlıydı ürün de gayet güzel,5,Erkek %100 Pamuk Açık Pembe Polo Yaka Düz T-shirt E001004,Avva,kargo hızlıydı ürün de gayet güzel,Pozitif
Çok güzel geldi rengi harika tavsiye ederm,5,Erkek %100 Pamuk Açık Pembe Polo Yaka Düz T-shirt E001004,Avva,çok güzel geldi rengi harika tavsiye ederm,Pozitif
avva kalitesi harika 3 rengini aldım,5,Erkek %100 Pamuk Açık Pembe Polo Yaka Düz T-shirt E001004,Avva,avva kalitesi harika rengini aldım,Pozitif
Eşim için almıştım. çok beğendi.,5,Erkek %100 Pamuk Açık Pembe Polo Yaka Düz T-shirt E001004,Avva,eşim için almıştım çok beğendi,Pozitif
Harika bayıldım kaliteli,5,Erkek %100 Pamuk Açık Pembe Polo Yaka Düz T-shirt E001004,Avva,harika bayıldım kaliteli,Pozitif
Ürünler çok kaliteli kesinlikle 5 yıldızı hak ediyor.,5,Erkek %100 Pamuk Açık Pembe Polo Yaka Düz T-shirt E001004,Avva,ürünler çok kaliteli kesinlikle yıldızı hak ediyor,Pozitif
Harika ürünler. Çok teşekkür ederim.,5,Erkek %100 Pamuk Açık Pembe Polo Yaka Düz T-shirt E001004,Avva,harika ürünler çok teşekkür ederim,Pozitif
eşim bayıldı teşekkürler,5,Erkek %100 Pamuk Açık Pembe Polo Yaka Düz T-shirt E001004,Avva,eşim bayıldı teşekkürler,Pozitif
"bekledigimden daha iyi geldi, tercih edilebilir",4,Erkek %100 Pamuk Açık Pembe Polo Yaka Düz T-shirt E001004,Avva,bekledigimden daha iyi geldi tercih edilebilir,Pozitif
Çok güzel bir ürün 👍🏻,4,Erkek %100 Pamuk Açık Pembe Polo Yaka Düz T-shirt E001004,Avva,çok güzel bir ürün,Pozitif
Mükemmel 👍,5,Erkek %100 Pamuk Açık Pembe Polo Yaka Düz T-shirt E001004,Avva,mükemmel,Pozitif
Çok güzel. Düşünmeden alabilirsiniz 😊,5,Erkek %100 Pamuk Açık Pembe Polo Yaka Düz T-shirt E001004,Avva,çok güzel düşünmeden alabilirsiniz,Pozitif
Çok kaliteli çok teşekkür ederiz,5,Erkek %100 Pamuk Açık Pembe Polo Yaka Düz T-shirt E001004,Avva,çok kaliteli çok teşekkür ederiz,Pozitif
beğendim güzel ürün,5,Erkek %100 Pamuk Açık Pembe Polo Yaka Düz T-shirt E001004,Avva,beğendim güzel ürün,Pozitif
"İlk yıkamada rengi gitti bile , tavsiye etmem..",2,Erkek %100 Pamuk Açık Pembe Polo Yaka Düz T-shirt E001004,Avva,ilk yıkamada rengi gitti bile tavsiye etmem,Negatif
Güzel.,5,Erkek %100 Pamuk Açık Pembe Polo Yaka Düz T-shirt E001004,Avva,güzel,Pozitif
Harika çok beğendik,5,Erkek %100 Pamuk Açık Pembe Polo Yaka Düz T-shirt E001004,Avva,harika çok beğendik,Pozitif
"güzel, kaliteli bir ürün.tavsiye ederim",5,Erkek %100 Pamuk Açık Pembe Polo Yaka Düz T-shirt E001004,Avva,güzel kaliteli bir ürüntavsiye ederim,Pozitif
10 numara 5 yıldız,5,Erkek %100 Pamuk Açık Pembe Polo Yaka Düz T-shirt E001004,Avva,numara yıldız,Pozitif
kardewime aldim cok beyendi,5,Erkek %100 Pamuk Açık Pembe Polo Yaka Düz T-shirt E001004,Avva,kardewime aldim cok beyendi,Pozitif
avva kalitesi,5,Erkek %100 Pamuk Açık Pembe Polo Yaka Düz T-shirt E001004,Avva,avva kalitesi,Pozitif
cok iyi kaliteli,5,Erkek %100 Pamuk Açık Pembe Polo Yaka Düz T-shirt E001004,Avva,cok iyi kaliteli,Pozitif
Beğendim güzel,4,Erkek %100 Pamuk Açık Pembe Polo Yaka Düz T-shirt E001004,Avva,beğendim güzel,Pozitif
Fena değil,3,Erkek %100 Pamuk Açık Pembe Polo Yaka Düz T-shirt E001004,Avva,fena değil,Nötr
Eşim çok sevdi çok kaliteli,5,Erkek %100 Pamuk Açık Pembe Polo Yaka Düz T-shirt E001004,Avva,eşim çok sevdi çok kaliteli,Pozitif
nişanlım için aldım çok beğendik teşekkürler 🤍,5,Erkek %100 Pamuk Koyu Turuncu Polo Yaka Düz T-Shirt E001004,Avva,nişanlım için aldım çok beğendik teşekkürler,Pozitif
güzel ve kaliteli,5,Erkek %100 Pamuk Koyu Turuncu Polo Yaka Düz T-Shirt E001004,Avva,güzel ve kaliteli,Pozitif
çok güzelllll,5,Erkek %100 Pamuk Koyu Turuncu Polo Yaka Düz T-Shirt E001004,Avva,çok güzelllll,Pozitif
güzel ve kaliteli,5,Erkek %100 Pamuk Koyu Turuncu Polo Yaka Düz T-Shirt E001004,Avva,güzel ve kaliteli,Pozitif
çok kaliteli,3,Erkek %100 Pamuk Koyu Turuncu Polo Yaka Düz T-Shirt E001004,Avva,çok kaliteli,Nötr
Çok beğendim çok güzel bir ürün.,5,Erkek %100 Pamuk Koyu Turuncu Polo Yaka Düz T-Shirt E001004,Avva,çok beğendim çok güzel bir ürün,Pozitif
Çok güz3l kaliteli beğendik,4,Erkek %100 Pamuk Koyu Turuncu Polo Yaka Düz T-Shirt E001004,Avva,çok güzl kaliteli beğendik,Pozitif
çok iyi tavsiye ederim,5,Erkek %100 Pamuk Koyu Turuncu Polo Yaka Düz T-Shirt E001004,Avva,çok iyi tavsiye ederim,Pozitif
çok iyi,5,Erkek %100 Pamuk Koyu Turuncu Polo Yaka Düz T-Shirt E001004,Avva,çok iyi,Pozitif
Ürün çok güzel,5,Erkek %100 Pamuk Koyu Turuncu Polo Yaka Düz T-Shirt E001004,Avva,ürün çok güzel,Pozitif
Avvadan aldığım bilmem kaçıncı ürün kalitesine güvendiğim marka,5,Erkek %100 Pamuk Koyu Turuncu Polo Yaka Düz T-Shirt E001004,Avva,avvadan aldığım bilmem kaçıncı ürün kalitesine güvendiğim marka,Pozitif
Avva kalitesi belli oluyor,5,Erkek %100 Pamuk Koyu Turuncu Polo Yaka Düz T-Shirt E001004,Avva,avva kalitesi belli oluyor,Pozitif
Kaliteli ve güzel alınır,5,Erkek %100 Pamuk Koyu Turuncu Polo Yaka Düz T-Shirt E001004,Avva,kaliteli ve güzel alınır,Pozitif
Kaliteli ürün uygun fiyat👍,5,Erkek %100 Pamuk Koyu Turuncu Polo Yaka Düz T-Shirt E001004,Avva,kaliteli ürün uygun fiyat,Pozitif
Güzel yumuşak kaliteli,5,Erkek %100 Pamuk Koyu Turuncu Polo Yaka Düz T-Shirt E001004,Avva,güzel yumuşak kaliteli,Pozitif
eşime L bedeni aldim guzel oldu kaliteli ürün paketleme de iyidi teşekkür ederim,5,Erkek %100 Pamuk Koyu Turuncu Polo Yaka Düz T-Shirt E001004,Avva,eşime l bedeni aldim guzel oldu kaliteli ürün paketleme de iyidi teşekkür ederim,Pozitif
Nişanlıma aldım krem pantolonla efsane oldu 👍🏻,5,Erkek %100 Pamuk Koyu Turuncu Polo Yaka Düz T-Shirt E001004,Avva,nişanlıma aldım krem pantolonla efsane oldu,Pozitif
Eşime aldım çok beğendik 💫,5,Erkek %100 Pamuk Koyu Turuncu Polo Yaka Düz T-Shirt E001004,Avva,eşime aldım çok beğendik,Pozitif
Sevgilime aldım. Çok beğendik ♥️,5,Erkek %100 Pamuk Koyu Turuncu Polo Yaka Düz T-Shirt E001004,Avva,sevgilime aldım çok beğendik,Pozitif
"ürünğ çok beğendim, kumaşı da güzeldi.",5,Erkek %100 Pamuk Koyu Turuncu Polo Yaka Düz T-Shirt E001004,Avva,ürünğ çok beğendim kumaşı da güzeldi,Pozitif
çok gusel ürün esime.almistim,5,Erkek %100 Pamuk Koyu Turuncu Polo Yaka Düz T-Shirt E001004,Avva,çok gusel ürün esimealmistim,Pozitif
iyi guzel urun,5,Erkek %100 Pamuk Koyu Turuncu Polo Yaka Düz T-Shirt E001004,Avva,iyi guzel urun,Pozitif
kalitesi muhteşem rengine bayıldım eşiminde beğenerek giyecegine eminim teşekkürler Avva🥳,5,Erkek %100 Pamuk Koyu Turuncu Polo Yaka Düz T-Shirt E001004,Avva,kalitesi muhteşem rengine bayıldım eşiminde beğenerek giyecegine eminim teşekkürler avva,Pozitif
rengi dokusu çok güzel tam bedeninize göre alabilirsiniz .kargo teslimi çok kısa sürdü çok iyiydi.cok teşekürler,5,Erkek %100 Pamuk Koyu Turuncu Polo Yaka Düz T-Shirt E001004,Avva,rengi dokusu çok güzel tam bedeninize göre alabilirsiniz kargo teslimi çok kısa sürdü çok iyiydicok teşekürler,Pozitif
Çok şükür teşekkür ederim,5,Erkek %100 Pamuk Koyu Turuncu Polo Yaka Düz T-Shirt E001004,Avva,çok şükür teşekkür ederim,Pozitif
ürün kesinlikle şahane,5,Erkek %100 Pamuk Koyu Turuncu Polo Yaka Düz T-Shirt E001004,Avva,ürün kesinlikle şahane,Pozitif
Harika bir ürün,5,Erkek %100 Pamuk Koyu Turuncu Polo Yaka Düz T-Shirt E001004,Avva,harika bir ürün,Pozitif
Tavsiye ederim,5,Erkek %100 Pamuk Koyu Turuncu Polo Yaka Düz T-Shirt E001004,Avva,tavsiye ederim,Pozitif
çok güzel...,5,Erkek %100 Pamuk Koyu Turuncu Polo Yaka Düz T-Shirt E001004,Avva,çok güzel,Pozitif
Gayet güzel kaliteli,5,Erkek %100 Pamuk Koyu Turuncu Polo Yaka Düz T-Shirt E001004,Avva,gayet güzel kaliteli,Pozitif
Pamuklu kumaş çok rahat herkese tavsiye ederim,5,U.s. Polo Assn. 66252 Büstiyer Şort Takım POLO66252,US Polo Assn,pamuklu kumaş çok rahat herkese tavsiye ederim,Pozitif
Pamuklu mükemmel ürün,5,U.s. Polo Assn. 66252 Büstiyer Şort Takım POLO66252,US Polo Assn,pamuklu mükemmel ürün,Pozitif
Çok güzel indirimde aldım,5,Erkek %100 Pamuk Gri Polo Yaka Düz T-shirt E001004,Avva,çok güzel indirimde aldım,Pozitif
Valla çok güzel tişört,5,Erkek %100 Pamuk Gri Polo Yaka Düz T-shirt E001004,Avva,valla çok güzel tişört,Pozitif
ürün çok güzel geldi,5,Erkek %100 Pamuk Gri Polo Yaka Düz T-shirt E001004,Avva,ürün çok güzel geldi,Pozitif
alın aldırın kesinlikle çok güzel,5,Erkek %100 Pamuk Gri Polo Yaka Düz T-shirt E001004,Avva,alın aldırın kesinlikle çok güzel,Pozitif
çok güzel teşekkürler,5,Erkek %100 Pamuk Gri Polo Yaka Düz T-shirt E001004,Avva,çok güzel teşekkürler,Pozitif
oğlum beyendi,5,Erkek %100 Pamuk Gri Polo Yaka Düz T-shirt E001004,Avva,oğlum beyendi,Pozitif
İnanılmaz güzel kaliteli,5,Erkek %100 Pamuk Gri Polo Yaka Düz T-shirt E001004,Avva,inanılmaz güzel kaliteli,Pozitif
ćok iyi bir ürün,5,Erkek %100 Pamuk Gri Polo Yaka Düz T-shirt E001004,Avva,ok iyi bir ürün,Pozitif
Kalitesi çok iyi değil,3,Erkek %100 Pamuk Gri Polo Yaka Düz T-shirt E001004,Avva,kalitesi çok iyi değil,Nötr
gayet güzel,4,Erkek %100 Pamuk Gri Polo Yaka Düz T-shirt E001004,Avva,gayet güzel,Pozitif
"Görünüş olarak da kalite olarak da çok iyi,gönül rahatlığıyla sipariş verebilirsiniz.",5,Erkek %100 Pamuk Gri Polo Yaka Düz T-shirt E001004,Avva,görünüş olarak da kalite olarak da çok iyigönül rahatlığıyla sipariş verebilirsiniz,Pozitif
Çok güzel yumuşacık,5,Erkek %100 Pamuk Gri Polo Yaka Düz T-shirt E001004,Avva,çok güzel yumuşacık,Pozitif
babalar gununde aldık babam cok begendi teşekkürler trendyol,5,Erkek %100 Pamuk Gri Polo Yaka Düz T-shirt E001004,Avva,babalar gununde aldık babam cok begendi teşekkürler trendyol,Pozitif
bedeni istediğim gibi oldu. kampanyadan aldım. avva zaten kaliteli marka. tavsiye ederim,5,Erkek %100 Pamuk Gri Polo Yaka Düz T-shirt E001004,Avva,bedeni istediğim gibi oldu kampanyadan aldım avva zaten kaliteli marka tavsiye ederim,Pozitif
Kargonuz çok hızlıydı ürünlerin kalitesi de güzeldi teşekkürler,5,Erkek %100 Pamuk Gri Polo Yaka Düz T-shirt E001004,Avva,kargonuz çok hızlıydı ürünlerin kalitesi de güzeldi teşekkürler,Pozitif
erkek arkadaşıma aldım çok güzel ve kaliteli,5,Erkek %100 Pamuk Gri Polo Yaka Düz T-shirt E001004,Avva,erkek arkadaşıma aldım çok güzel ve kaliteli,Pozitif
Guzel tisort kullanisli,4,Erkek %100 Pamuk Gri Polo Yaka Düz T-shirt E001004,Avva,guzel tisort kullanisli,Pozitif
Güzel kalite,5,Erkek %100 Pamuk Gri Polo Yaka Düz T-shirt E001004,Avva,güzel kalite,Pozitif
Güzel tavsiye ediyorum,5,Erkek %100 Pamuk Gri Polo Yaka Düz T-shirt E001004,Avva,güzel tavsiye ediyorum,Pozitif
Çok beğendim %100 pamuklu tavsiye ederim,5,Erkek %100 Pamuk Gri Polo Yaka Düz T-shirt E001004,Avva,çok beğendim pamuklu tavsiye ederim,Pozitif
"ürün harika, kumaşı çok güzel.",5,Erkek %100 Pamuk Gri Polo Yaka Düz T-shirt E001004,Avva,ürün harika kumaşı çok güzel,Pozitif
dusuk kalite,3,Erkek %100 Pamuk Gri Polo Yaka Düz T-shirt E001004,Avva,dusuk kalite,Nötr
Avva kalitesi diyorum ve susuyorum hızlı kargo teşekkürler,5,Erkek %100 Pamuk Gri Polo Yaka Düz T-shirt E001004,Avva,avva kalitesi diyorum ve susuyorum hızlı kargo teşekkürler,Pozitif
cok güzel oldu teşekkür ediyorum,5,Erkek %100 Pamuk Gri Polo Yaka Düz T-shirt E001004,Avva,cok güzel oldu teşekkür ediyorum,Pozitif
babam için almıştım harika teşekkürler,5,Erkek %100 Pamuk Gri Polo Yaka Düz T-shirt E001004,Avva,babam için almıştım harika teşekkürler,Pozitif
cok begenildi,5,Erkek %100 Pamuk Gri Polo Yaka Düz T-shirt E001004,Avva,cok begenildi,Pozitif
eşimin resmen favori tişörtü oldu biz beğendik,5,Erkek %100 Pamuk Gri Polo Yaka Düz T-shirt E001004,Avva,eşimin resmen favori tişörtü oldu biz beğendik,Pozitif
Çok kaliteli çok beğendim,5,Erkek %100 Pamuk Gri Polo Yaka Düz T-shirt E001004,Avva,çok kaliteli çok beğendim,Pozitif
Harika ürünler. Çok teşekkür ederim.,5,Erkek %100 Pamuk Gri Polo Yaka Düz T-shirt E001004,Avva,harika ürünler çok teşekkür ederim,Pozitif
"Ürün kaliteli, hiç çekinmeden alabilirsiniz",5,Erkek %100 Pamuk Gri Polo Yaka Düz T-shirt E001004,Avva,ürün kaliteli hiç çekinmeden alabilirsiniz,Pozitif
harika kampanya,5,Erkek %100 Pamuk Lacivert Slim Fit Bisiklet Yaka T-Shirt E001000,Avva,harika kampanya,Pozitif
Kampanyadan uygun fiyatlı olarak aldım. Avva kalitesi.,5,Erkek %100 Pamuk Lacivert Slim Fit Bisiklet Yaka T-Shirt E001000,Avva,kampanyadan uygun fiyatlı olarak aldım avva kalitesi,Pozitif
Güzel ürün,5,Erkek %100 Pamuk Lacivert Slim Fit Bisiklet Yaka T-Shirt E001000,Avva,güzel ürün,Pozitif
Babama aldım ve beğenerek giyiyor markanın hakkını veriyor,5,Erkek %100 Pamuk Lacivert Slim Fit Bisiklet Yaka T-Shirt E001000,Avva,babama aldım ve beğenerek giyiyor markanın hakkını veriyor,Pozitif
Güzel kaliteli ürün,4,Erkek %100 Pamuk Lacivert Slim Fit Bisiklet Yaka T-Shirt E001000,Avva,güzel kaliteli ürün,Pozitif
Avva kalitesi ben indirimden aldım çok guzel bız begendık.,5,Erkek %100 Pamuk Lacivert Slim Fit Bisiklet Yaka T-Shirt E001000,Avva,avva kalitesi ben indirimden aldım çok guzel bız begendık,Pozitif
kampanyada 45 TL adim,5,Erkek %100 Pamuk Lacivert Slim Fit Bisiklet Yaka T-Shirt E001000,Avva,kampanyada tl adim,Pozitif
Cok rahat duruşu güzel,5,Erkek %100 Pamuk Lacivert Slim Fit Bisiklet Yaka T-Shirt E001000,Avva,cok rahat duruşu güzel,Pozitif
fiyat performans ürünü. indirimdeyken baya uyguna almıştık,4,Erkek %100 Pamuk Lacivert Slim Fit Bisiklet Yaka T-Shirt E001000,Avva,fiyat performans ürünü indirimdeyken baya uyguna almıştık,Pozitif
çok güzel geldi ürün,5,Erkek %100 Pamuk Lacivert Slim Fit Bisiklet Yaka T-Shirt E001000,Avva,çok güzel geldi ürün,Pozitif
kaliteli ürün,5,Erkek %100 Pamuk Lacivert Slim Fit Bisiklet Yaka T-Shirt E001000,Avva,kaliteli ürün,Pozitif
Beğendim çok rahat güzel ürün,5,Erkek %100 Pamuk Lacivert Slim Fit Bisiklet Yaka T-Shirt E001000,Avva,beğendim çok rahat güzel ürün,Pozitif
Güzel ürün,4,Erkek %100 Pamuk Lacivert Slim Fit Bisiklet Yaka T-Shirt E001000,Avva,güzel ürün,Pozitif
güzel urun,5,Erkek %100 Pamuk Lacivert Slim Fit Bisiklet Yaka T-Shirt E001000,Avva,güzel urun,Pozitif
teşekkürler 😊,5,Erkek %100 Pamuk Lacivert Slim Fit Bisiklet Yaka T-Shirt E001000,Avva,teşekkürler,Pozitif
Beğenmedim,3,Erkek %100 Pamuk Lacivert Slim Fit Bisiklet Yaka T-Shirt E001000,Avva,beğenmedim,Nötr
cok iyi tesekkurler,5,Erkek %100 Pamuk Lacivert Slim Fit Bisiklet Yaka T-Shirt E001000,Avva,cok iyi tesekkurler,Pozitif
gayet güzel bir ürün,5,Erkek %100 Pamuk Lacivert Slim Fit Bisiklet Yaka T-Shirt E001000,Avva,gayet güzel bir ürün,Pozitif
Avva kalitesinde değil A101 deki atlet daha kaliteli duruyor,1,Erkek %100 Pamuk Lacivert Slim Fit Bisiklet Yaka T-Shirt E001000,Avva,avva kalitesinde değil a deki atlet daha kaliteli duruyor,Negatif
çok çok iyi,5,Erkek %100 Pamuk Lacivert Slim Fit Bisiklet Yaka T-Shirt E001000,Avva,çok çok iyi,Pozitif
Güvenerek alabilirsiniz,5,Erkek %100 Pamuk Lacivert Slim Fit Bisiklet Yaka T-Shirt E001000,Avva,güvenerek alabilirsiniz,Pozitif
Ürün gayet güzel ve kaliteli,5,Erkek %100 Pamuk Lacivert Slim Fit Bisiklet Yaka T-Shirt E001000,Avva,ürün gayet güzel ve kaliteli,Pozitif
çok güzel çok kaliteli geldi,5,Erkek %100 Pamuk Lacivert Slim Fit Bisiklet Yaka T-Shirt E001000,Avva,çok güzel çok kaliteli geldi,Pozitif
"5adet çeşitli renklerden indirim de aldim, gayet güzel 1.85 102 kg xl tam oldu. kilo orantima göbeğim falan yok.",5,Erkek %100 Pamuk Lacivert Slim Fit Bisiklet Yaka T-Shirt E001000,Avva,adet çeşitli renklerden indirim de aldim gayet güzel kg xl tam oldu kilo orantima göbeğim falan yok,Pozitif
trendyol express farkıyla hızlı bir şekilde ürün elime ulaştı. Ürünü beğendim kaliteli sevgilime de çok yakıştı,5,Erkek %100 Pamuk Lacivert Slim Fit Bisiklet Yaka T-Shirt E001000,Avva,trendyol express farkıyla hızlı bir şekilde ürün elime ulaştı ürünü beğendim kaliteli sevgilime de çok yakıştı,Pozitif
beklediğimden guzel,5,Erkek %100 Pamuk Lacivert Slim Fit Bisiklet Yaka T-Shirt E001000,Avva,beklediğimden guzel,Pozitif
Eşime hediye olarak aldım çok beğendik,5,Erkek %100 Pamuk Lacivert Slim Fit Bisiklet Yaka T-Shirt E001000,Avva,eşime hediye olarak aldım çok beğendik,Pozitif
gayet güzel ürün,5,Erkek %100 Pamuk Lacivert Slim Fit Bisiklet Yaka T-Shirt E001000,Avva,gayet güzel ürün,Pozitif
Güzel Ürün,4,Erkek %100 Pamuk Lacivert Slim Fit Bisiklet Yaka T-Shirt E001000,Avva,güzel ürün,Pozitif
Çok iyi tam yazlık indirimdeyken aldım,5,Erkek %100 Pamuk Lacivert Slim Fit Bisiklet Yaka T-Shirt E001000,Avva,çok iyi tam yazlık indirimdeyken aldım,Pozitif
çok hoş teşekürler,5,Erkek %100 Pamuk Pudra Polo Yaka Düz T-Shirt E001004,Avva,çok hoş teşekürler,Pozitif
Ürün çok güzel ama bir yıldızı geç gelmesinden dolayı kırdım sipariş verdikten 1 hafta sonra geldi neredeyse,4,Erkek %100 Pamuk Pudra Polo Yaka Düz T-Shirt E001004,Avva,ürün çok güzel ama bir yıldızı geç gelmesinden dolayı kırdım sipariş verdikten hafta sonra geldi neredeyse,Pozitif
güzel ve kaliteli,5,Erkek %100 Pamuk Pudra Polo Yaka Düz T-Shirt E001004,Avva,güzel ve kaliteli,Pozitif
gayet güzel,5,Erkek %100 Pamuk Pudra Polo Yaka Düz T-Shirt E001004,Avva,gayet güzel,Pozitif
çok kaliteli,5,Erkek %100 Pamuk Pudra Polo Yaka Düz T-Shirt E001004,Avva,çok kaliteli,Pozitif
cok guzeldi tesekkuroler,5,Erkek %100 Pamuk Pudra Polo Yaka Düz T-Shirt E001004,Avva,cok guzeldi tesekkuroler,Pozitif
Çok güzel beğendik.,5,Erkek %100 Pamuk Pudra Polo Yaka Düz T-Shirt E001004,Avva,çok güzel beğendik,Pozitif
çok güzel,5,Erkek %100 Pamuk Pudra Polo Yaka Düz T-Shirt E001004,Avva,çok güzel,Pozitif
çok beğendim severek giyorum.,4,Erkek %100 Pamuk Pudra Polo Yaka Düz T-Shirt E001004,Avva,çok beğendim severek giyorum,Pozitif
Başarılı çok güzel,5,Erkek %100 Pamuk Pudra Polo Yaka Düz T-Shirt E001004,Avva,başarılı çok güzel,Pozitif
gayet guzel,5,Erkek %100 Pamuk Pudra Polo Yaka Düz T-Shirt E001004,Avva,gayet guzel,Pozitif
Çok kaliteli bir ürün,5,Erkek %100 Pamuk Pudra Polo Yaka Düz T-Shirt E001004,Avva,çok kaliteli bir ürün,Pozitif
Çok başarılı,5,Erkek %100 Pamuk Pudra Polo Yaka Düz T-Shirt E001004,Avva,çok başarılı,Pozitif
cok güzel kumaşı yumusacik,5,Erkek %100 Pamuk Pudra Polo Yaka Düz T-Shirt E001004,Avva,cok güzel kumaşı yumusacik,Pozitif
Göründüğü gibi. Tam beden alınabilir paketleme de özenliydi teşekkür ederim,5,Erkek %100 Pamuk Pudra Polo Yaka Düz T-Shirt E001004,Avva,göründüğü gibi tam beden alınabilir paketleme de özenliydi teşekkür ederim,Pozitif
Eşime ve babama aldım çok güzel kaliteli,5,Erkek %100 Pamuk Pudra Polo Yaka Düz T-Shirt E001004,Avva,eşime ve babama aldım çok güzel kaliteli,Pozitif
Eşime aldım kaliteli ürün,5,Erkek %100 Pamuk Pudra Polo Yaka Düz T-Shirt E001004,Avva,eşime aldım kaliteli ürün,Pozitif
eşime aldım oldukça kaliteli ve güzel,5,Erkek %100 Pamuk Pudra Polo Yaka Düz T-Shirt E001004,Avva,eşime aldım oldukça kaliteli ve güzel,Pozitif
Kaliteli ve hızlı geldi teşekkürler,5,Erkek %100 Pamuk Pudra Polo Yaka Düz T-Shirt E001004,Avva,kaliteli ve hızlı geldi teşekkürler,Pozitif
💜💜💜🙃🙃🙃💜💜💜💜💜♥️♥️♥️❤,5,Erkek %100 Pamuk Pudra Polo Yaka Düz T-Shirt E001004,Avva,,Pozitif
tişörtler çok güzel ve kaliteli bir tane kendime bir tane babama hediye aldım. çok memnun kaldık.,5,Erkek %100 Pamuk Pudra Polo Yaka Düz T-Shirt E001004,Avva,tişörtler çok güzel ve kaliteli bir tane kendime bir tane babama hediye aldım çok memnun kaldık,Pozitif
Kocasına aldı beğendi,4,Erkek %100 Pamuk Pudra Polo Yaka Düz T-Shirt E001004,Avva,kocasına aldı beğendi,Pozitif
Çok güzel oldu teşekkürler,5,Erkek %100 Pamuk Pudra Polo Yaka Düz T-Shirt E001004,Avva,çok güzel oldu teşekkürler,Pozitif
Kumaş kalitesi de duruşu da çok güzel. Eşimde çok beğendi. Paketlemeside iyiydi teşekkürler,5,Erkek %100 Pamuk Pudra Polo Yaka Düz T-Shirt E001004,Avva,kumaş kalitesi de duruşu da çok güzel eşimde çok beğendi paketlemeside iyiydi teşekkürler,Pozitif
Çok beğendim fiyata göre çok güzel,5,Erkek %100 Pamuk Pudra Polo Yaka Düz T-Shirt E001004,Avva,çok beğendim fiyata göre çok güzel,Pozitif
Gerçekten çok kaliteli güzel kargo tesekkurler,5,Erkek %100 Pamuk Pudra Polo Yaka Düz T-Shirt E001004,Avva,gerçekten çok kaliteli güzel kargo tesekkurler,Pozitif
gayet guzel indirimden alindiginda fiyatini sonuna kadar hakediyor👍,5,Erkek %100 Pamuk Pudra Polo Yaka Düz T-Shirt E001004,Avva,gayet guzel indirimden alindiginda fiyatini sonuna kadar hakediyor,Pozitif
Rengi çok güzel sözlüme aldım çok beğendi,5,Erkek %100 Pamuk Pudra Polo Yaka Düz T-Shirt E001004,Avva,rengi çok güzel sözlüme aldım çok beğendi,Pozitif
"Rengi de dokusu da çok güzel,Avva ürünleri favorim oldu",5,Erkek %100 Pamuk Pudra Polo Yaka Düz T-Shirt E001004,Avva,rengi de dokusu da çok güzelavva ürünleri favorim oldu,Pozitif
Rengi resimdekinden daha güzel geldi kalitesi tartışılmaz,5,Erkek %100 Pamuk Pudra Polo Yaka Düz T-Shirt E001004,Avva,rengi resimdekinden daha güzel geldi kalitesi tartışılmaz,Pozitif
iyi güxel....,4,Erkek %100 Pamuk Sarı Polo Yaka Düz T-Shirt E001004,Avva,iyi güxel,Pozitif
tavsiye ederim,5,Erkek %100 Pamuk Sarı Polo Yaka Düz T-Shirt E001004,Avva,tavsiye ederim,Pozitif
çok kaliteli,5,Erkek %100 Pamuk Sarı Polo Yaka Düz T-Shirt E001004,Avva,çok kaliteli,Pozitif
çok iyi,5,Erkek %100 Pamuk Sarı Polo Yaka Düz T-Shirt E001004,Avva,çok iyi,Pozitif
gayet güzel ve kaliteli,5,Erkek %100 Pamuk Sarı Polo Yaka Düz T-Shirt E001004,Avva,gayet güzel ve kaliteli,Pozitif
teredütsüz alabilirsiniz.,4,Erkek %100 Pamuk Sarı Polo Yaka Düz T-Shirt E001004,Avva,teredütsüz alabilirsiniz,Pozitif
Güzel beğendim,5,Erkek %100 Pamuk Sarı Polo Yaka Düz T-Shirt E001004,Avva,güzel beğendim,Pozitif
çok güzel çok beğendim çok kaliteli,5,Erkek %100 Pamuk Sarı Polo Yaka Düz T-Shirt E001004,Avva,çok güzel çok beğendim çok kaliteli,Pozitif
Çookkk iyiyy,5,Erkek %100 Pamuk Sarı Polo Yaka Düz T-Shirt E001004,Avva,çookkk iyiyy,Pozitif
Kesinlikle alınmasını tavsiye ederim. Kaliteli güzel bir ürün. Ayrıca çabucakta ulaştı elime..,5,Erkek %100 Pamuk Sarı Polo Yaka Düz T-Shirt E001004,Avva,kesinlikle alınmasını tavsiye ederim kaliteli güzel bir ürün ayrıca çabucakta ulaştı elime,Pozitif
Eşime aldım çok beğendi :),5,Erkek %100 Pamuk Sarı Polo Yaka Düz T-Shirt E001004,Avva,eşime aldım çok beğendi,Pozitif
Eniştenize aldım çok yakıştı çok beğendi.,5,Erkek %100 Pamuk Sarı Polo Yaka Düz T-Shirt E001004,Avva,eniştenize aldım çok yakıştı çok beğendi,Pozitif
cok begendi babam,5,Erkek %100 Pamuk Sarı Polo Yaka Düz T-Shirt E001004,Avva,cok begendi babam,Pozitif
Kaliteli bir ürün hiç tereddüt etmeden alabilirsiniz. Kargolama da hızlıydı teşekkürler trendyol,5,Erkek %100 Pamuk Sarı Polo Yaka Düz T-Shirt E001004,Avva,kaliteli bir ürün hiç tereddüt etmeden alabilirsiniz kargolama da hızlıydı teşekkürler trendyol,Pozitif
Güzel Çıktı Ürün Teşekkürler Trenyol,3,Erkek %100 Pamuk Sarı Polo Yaka Düz T-Shirt E001004,Avva,güzel çıktı ürün teşekkürler trenyol,Nötr
"Sözelci Anne 😍 sayesinde eşime indirimde aldım, çok kaliteli fakat atleti çok gösteriyor diye iade maalesef",4,Erkek %100 Pamuk Sarı Polo Yaka Düz T-Shirt E001004,Avva,sözelci anne sayesinde eşime indirimde aldım çok kaliteli fakat atleti çok gösteriyor diye iade maalesef,Pozitif
Ürün güzel,5,Erkek %100 Pamuk Sarı Polo Yaka Düz T-Shirt E001004,Avva,ürün güzel,Pozitif
kaliteli indirimde aldım tavsiye ederim tam beden alabilirsiniz 184 boy 85 kilo l aldım tam oldu,5,Erkek %100 Pamuk Sarı Polo Yaka Düz T-Shirt E001004,Avva,kaliteli indirimde aldım tavsiye ederim tam beden alabilirsiniz boy kilo l aldım tam oldu,Pozitif
çok beğendim esimede çok yakıştı teşekkür ederim.,5,Erkek %100 Pamuk Sarı Polo Yaka Düz T-Shirt E001004,Avva,çok beğendim esimede çok yakıştı teşekkür ederim,Pozitif
kumaşını beğendik bizce güzel bi ürün,5,Erkek %100 Pamuk Sarı Polo Yaka Düz T-Shirt E001004,Avva,kumaşını beğendik bizce güzel bi ürün,Pozitif
Harika çok hoş,5,Erkek %100 Pamuk Sarı Polo Yaka Düz T-Shirt E001004,Avva,harika çok hoş,Pozitif
İndirimden aldım çok iyi,5,Erkek %100 Pamuk Sarı Polo Yaka Düz T-Shirt E001004,Avva,indirimden aldım çok iyi,Pozitif
Harıka cok guxel,5,Erkek %100 Pamuk Sarı Polo Yaka Düz T-Shirt E001004,Avva,harıka cok guxel,Pozitif
İndirimde aldık güzel,5,Erkek %100 Pamuk Sarı Polo Yaka Düz T-Shirt E001004,Avva,indirimde aldık güzel,Pozitif
ürün çok geç geldi. bir sürdü. onun haricinde ürün gezl kumaşı iyi artık seneye giyeriz,5,Erkek %100 Pamuk Sarı Polo Yaka Düz T-Shirt E001004,Avva,ürün çok geç geldi bir sürdü onun haricinde ürün gezl kumaşı iyi artık seneye giyeriz,Pozitif
çok güzel eşime çok yakıştı 🤗tskler,5,Erkek %100 Pamuk Sarı Polo Yaka Düz T-Shirt E001004,Avva,çok güzel eşime çok yakıştı tskler,Pozitif
Çok güzeller,5,Erkek %100 Pamuk Sarı Polo Yaka Düz T-Shirt E001004,Avva,çok güzeller,Pozitif
kalite ve rengi cok guzel tavsiye edilir,5,Erkek %100 Pamuk Sarı Polo Yaka Düz T-Shirt E001004,Avva,kalite ve rengi cok guzel tavsiye edilir,Pozitif
"Çok güzel ürün, birkaç rengi aldım, eşim beğendı",5,Erkek %100 Pamuk Sarı Polo Yaka Düz T-Shirt E001004,Avva,çok güzel ürün birkaç rengi aldım eşim beğendı,Pozitif
Beğendim ürünü,5,Erkek %100 Pamuk Sarı Polo Yaka Düz T-Shirt E001004,Avva,beğendim ürünü,Pozitif
İndirmden 94 TL ye almıştım eşim icin gayet güzel kaliteli 🤗,5,Erkek %100 Pamuk Gül Kurusu Polo Yaka Düz T-Shirt E001004,Avva,indirmden tl ye almıştım eşim icin gayet güzel kaliteli,Pozitif
gayet hoş teşekkür ederim,5,Erkek %100 Pamuk Gül Kurusu Polo Yaka Düz T-Shirt E001004,Avva,gayet hoş teşekkür ederim,Pozitif
"Babalar günü hediyesi olarak aldım. Yumuşacık çok güzel geldi. Babam da çok beğendi. Avva kalitesi tartışılmaz, teşekkürler",5,Erkek %100 Pamuk Gül Kurusu Polo Yaka Düz T-Shirt E001004,Avva,babalar günü hediyesi olarak aldım yumuşacık çok güzel geldi babam da çok beğendi avva kalitesi tartışılmaz teşekkürler,Pozitif
AVVA kaliteli ürün zaten eşime aldım harika oldu,5,Erkek %100 Pamuk Gül Kurusu Polo Yaka Düz T-Shirt E001004,Avva,avva kaliteli ürün zaten eşime aldım harika oldu,Pozitif
Çok iyi tavsiye ederim,5,Erkek %100 Pamuk Gül Kurusu Polo Yaka Düz T-Shirt E001004,Avva,çok iyi tavsiye ederim,Pozitif
Güzel beğendim,3,Erkek %100 Pamuk Gül Kurusu Polo Yaka Düz T-Shirt E001004,Avva,güzel beğendim,Nötr
Çok güzel 👍🏻,5,Erkek %100 Pamuk Gül Kurusu Polo Yaka Düz T-Shirt E001004,Avva,çok güzel,Pozitif
Avva kalitesinde çok güzel bir ürün. Eşime aldim beğenerek giyiyor,5,Erkek %100 Pamuk Gül Kurusu Polo Yaka Düz T-Shirt E001004,Avva,avva kalitesinde çok güzel bir ürün eşime aldim beğenerek giyiyor,Pozitif
kaliteli ürün beğendim.,5,Erkek %100 Pamuk Gül Kurusu Polo Yaka Düz T-Shirt E001004,Avva,kaliteli ürün beğendim,Pozitif
Kaliteli ürün beğendim 👍,5,Erkek %100 Pamuk Gül Kurusu Polo Yaka Düz T-Shirt E001004,Avva,kaliteli ürün beğendim,Pozitif
Gayet güzeldi,5,Erkek %100 Pamuk Gül Kurusu Polo Yaka Düz T-Shirt E001004,Avva,gayet güzeldi,Pozitif
çok güzel çok beyendim,5,Erkek %100 Pamuk Gül Kurusu Polo Yaka Düz T-Shirt E001004,Avva,çok güzel çok beyendim,Pozitif
güzel ve kaliteli,5,Erkek %100 Pamuk Gül Kurusu Polo Yaka Düz T-Shirt E001004,Avva,güzel ve kaliteli,Pozitif
gayet guzel tavsiye ederim,5,Erkek %100 Pamuk Gül Kurusu Polo Yaka Düz T-Shirt E001004,Avva,gayet guzel tavsiye ederim,Pozitif
Harika bir ürün👍,5,Erkek %100 Pamuk Gül Kurusu Polo Yaka Düz T-Shirt E001004,Avva,harika bir ürün,Pozitif
gayet güzel,5,Erkek %100 Pamuk Gül Kurusu Polo Yaka Düz T-Shirt E001004,Avva,gayet güzel,Pozitif
babama aldim cok guzel,5,Erkek %100 Pamuk Gül Kurusu Polo Yaka Düz T-Shirt E001004,Avva,babama aldim cok guzel,Pozitif
Babalar günü için babama aldım aşırı memnun kaldık tam beden alabilirsiniz. Aşırı rahat çok memnun kaldık.,5,Erkek %100 Pamuk Gül Kurusu Polo Yaka Düz T-Shirt E001004,Avva,babalar günü için babama aldım aşırı memnun kaldık tam beden alabilirsiniz aşırı rahat çok memnun kaldık,Pozitif
Eşime ve babama aldım çok güzel kaliteli,5,Erkek %100 Pamuk Gül Kurusu Polo Yaka Düz T-Shirt E001004,Avva,eşime ve babama aldım çok güzel kaliteli,Pozitif
Harika.Cok beğendim ben.93 kg XL güzel oldu.,5,Erkek %100 Pamuk Gül Kurusu Polo Yaka Düz T-Shirt E001004,Avva,harikacok beğendim ben kg xl güzel oldu,Pozitif
nişanlım için aldım cok beğendik kumasi harika,5,Erkek %100 Pamuk Gül Kurusu Polo Yaka Düz T-Shirt E001004,Avva,nişanlım için aldım cok beğendik kumasi harika,Pozitif
güzel hoşuma gitti,5,Erkek %100 Pamuk Gül Kurusu Polo Yaka Düz T-Shirt E001004,Avva,güzel hoşuma gitti,Pozitif
regular modeli,4,Erkek %100 Pamuk Gül Kurusu Polo Yaka Düz T-Shirt E001004,Avva,regular modeli,Pozitif
Avva kalitesi süper..,5,Erkek %100 Pamuk Gül Kurusu Polo Yaka Düz T-Shirt E001004,Avva,avva kalitesi süper,Pozitif
valla biz indirimden aldık 90 tl miydi neydi magaza da gordum 200 t🙂l,5,Erkek %100 Pamuk Gül Kurusu Polo Yaka Düz T-Shirt E001004,Avva,valla biz indirimden aldık tl miydi neydi magaza da gordum tl,Pozitif
çok güzel rengini de sevdik,5,Erkek %100 Pamuk Gül Kurusu Polo Yaka Düz T-Shirt E001004,Avva,çok güzel rengini de sevdik,Pozitif
Her rengini aldık neredeyse çok iyi,5,Erkek %100 Pamuk Gül Kurusu Polo Yaka Düz T-Shirt E001004,Avva,her rengini aldık neredeyse çok iyi,Pozitif
Dokusu rengi çok güzel eşim çok beğendi,5,Erkek %100 Pamuk Gül Kurusu Polo Yaka Düz T-Shirt E001004,Avva,dokusu rengi çok güzel eşim çok beğendi,Pozitif
rengi çok güzeldi. tavsiye ediyorum,5,Erkek %100 Pamuk Gül Kurusu Polo Yaka Düz T-Shirt E001004,Avva,rengi çok güzeldi tavsiye ediyorum,Pozitif
güzel iyiydi,4,Erkek %100 Pamuk Gül Kurusu Polo Yaka Düz T-Shirt E001004,Avva,güzel iyiydi,Pozitif
kaliteli begendim indirimden almistim,5,Erkek %100 Pamuk Bordo Polo Yaka Düz T-shirt E001004,Avva,kaliteli begendim indirimden almistim,Pozitif
indirimden aldım kaliteli ve uygun fiyat👍,5,Erkek %100 Pamuk Bordo Polo Yaka Düz T-shirt E001004,Avva,indirimden aldım kaliteli ve uygun fiyat,Pozitif
"Kaliteli bir ürün, indirimli almıştık",5,Erkek %100 Pamuk Bordo Polo Yaka Düz T-shirt E001004,Avva,kaliteli bir ürün indirimli almıştık,Pozitif
iyi ki indirimden almışım harika bir ürün,5,Erkek %100 Pamuk Bordo Polo Yaka Düz T-shirt E001004,Avva,iyi ki indirimden almışım harika bir ürün,Pozitif
"Sözelci Anne ♥️ tavsiyesi ile eşime aldım, indirimi haber verdiği için çok teşekkür ederim. Ürün çok güzel ve kaliteli, tavsiye ederim.",5,Erkek %100 Pamuk Bordo Polo Yaka Düz T-shirt E001004,Avva,sözelci anne tavsiyesi ile eşime aldım indirimi haber verdiği için çok teşekkür ederim ürün çok güzel ve kaliteli tavsiye ederim,Pozitif
Eşim beğendii güzel,4,Erkek %100 Pamuk Bordo Polo Yaka Düz T-shirt E001004,Avva,eşim beğendii güzel,Pozitif
tşk ederim güzel ürün,5,Erkek %100 Pamuk Bordo Polo Yaka Düz T-shirt E001004,Avva,tşk ederim güzel ürün,Pozitif
çok güzel eşime çok yakisti,5,Erkek %100 Pamuk Bordo Polo Yaka Düz T-shirt E001004,Avva,çok güzel eşime çok yakisti,Pozitif
Ürün çok güzel herkese tavsiye ederim,5,Erkek %100 Pamuk Bordo Polo Yaka Düz T-shirt E001004,Avva,ürün çok güzel herkese tavsiye ederim,Pozitif
Çok beğendim,5,Erkek %100 Pamuk Bordo Polo Yaka Düz T-shirt E001004,Avva,çok beğendim,Pozitif
Ürün çok kaliteli,5,Erkek %100 Pamuk Bordo Polo Yaka Düz T-shirt E001004,Avva,ürün çok kaliteli,Pozitif
Kaliteli ürün tavsiye ederim,5,Erkek %100 Pamuk Bordo Polo Yaka Düz T-shirt E001004,Avva,kaliteli ürün tavsiye ederim,Pozitif
çok güzel ürün eşim çok beğendi,5,Erkek %100 Pamuk Bordo Polo Yaka Düz T-shirt E001004,Avva,çok güzel ürün eşim çok beğendi,Pozitif
Cok güzel,5,Erkek %100 Pamuk Bordo Polo Yaka Düz T-shirt E001004,Avva,cok güzel,Pozitif
avva kalitesi belli herkese tavsiye ederim,5,Erkek %100 Pamuk Bordo Polo Yaka Düz T-shirt E001004,Avva,avva kalitesi belli herkese tavsiye ederim,Pozitif
Tesekkurler,5,Erkek %100 Pamuk Bordo Polo Yaka Düz T-shirt E001004,Avva,tesekkurler,Pozitif
Çokkkk güzel,5,Erkek %100 Pamuk Bordo Polo Yaka Düz T-shirt E001004,Avva,çokkkk güzel,Pozitif
Muhteşem çok güzel bir ürün,5,Erkek %100 Pamuk Bordo Polo Yaka Düz T-shirt E001004,Avva,muhteşem çok güzel bir ürün,Pozitif
Çok güzel beğendik.,5,Erkek %100 Pamuk Bordo Polo Yaka Düz T-shirt E001004,Avva,çok güzel beğendik,Pozitif
Çok güzle çok beğendik,5,Erkek %100 Pamuk Bordo Polo Yaka Düz T-shirt E001004,Avva,çok güzle çok beğendik,Pozitif
Çok beğendik,5,Erkek %100 Pamuk Bordo Polo Yaka Düz T-shirt E001004,Avva,çok beğendik,Pozitif
tavsiye ederim.,4,Erkek %100 Pamuk Bordo Polo Yaka Düz T-shirt E001004,Avva,tavsiye ederim,Pozitif
çok güzel bir ürün,5,Erkek %100 Pamuk Bordo Polo Yaka Düz T-shirt E001004,Avva,çok güzel bir ürün,Pozitif
güzel kaliteli ürün teşekkürler,5,Erkek %100 Pamuk Bordo Polo Yaka Düz T-shirt E001004,Avva,güzel kaliteli ürün teşekkürler,Pozitif
Avva Kalitesi belli oluyor,5,Erkek %100 Pamuk Bordo Polo Yaka Düz T-shirt E001004,Avva,avva kalitesi belli oluyor,Pozitif
Harika bir ürün tavsiye ederim,5,Erkek %100 Pamuk Bordo Polo Yaka Düz T-shirt E001004,Avva,harika bir ürün tavsiye ederim,Pozitif
Gayet güzel teşekkür ederiz,5,Erkek %100 Pamuk Bordo Polo Yaka Düz T-shirt E001004,Avva,gayet güzel teşekkür ederiz,Pozitif
Hızlı teslimat için çok teşekkür ederiz ürün tshirt mükemmel,5,Erkek %100 Pamuk Bordo Polo Yaka Düz T-shirt E001004,Avva,hızlı teslimat için çok teşekkür ederiz ürün tshirt mükemmel,Pozitif
çok güzel bir üründür teşekkürler Trendyol,4,Erkek %100 Pamuk Bordo Polo Yaka Düz T-shirt E001004,Avva,çok güzel bir üründür teşekkürler trendyol,Pozitif
yine olsa yine alırım çok rahat ve çok güzel,5,Erkek %100 Pamuk Bordo Polo Yaka Düz T-shirt E001004,Avva,yine olsa yine alırım çok rahat ve çok güzel,Pozitif
Çok güzel ürün,5,Erkek Beyaz 2 Li Pamuk Atlet 80210,US Polo Assn,çok güzel ürün,Pozitif
ürünler çok iyi,5,Erkek Beyaz 2 Li Pamuk Atlet 80210,US Polo Assn,ürünler çok iyi,Pozitif
kaliteli ve hızlı teslimat,5,Erkek Beyaz 2 Li Pamuk Atlet 80210,US Polo Assn,kaliteli ve hızlı teslimat,Pozitif
harika yumuşacık,5,Erkek Beyaz 2 Li Pamuk Atlet 80210,US Polo Assn,harika yumuşacık,Pozitif
çok güzel ❤️❤️❤️❤️❤️❤️❤️❤️❤️❤️❤️❤️❤️❤️❤️❤️🌹❤️🌹❤️❤️🌹❤️❤️❤️❤️🌹❤️❤️❤️❤️❤️❤️🌹❤️❤️🌹❤️🌹❤️🌹❤️❤️🌹❤️🌹❤️🌹❤️❤️🌹❤️🌹❤️🌹❤️❤️🌹❤️🌹❤️❤️🌹🌹❤️,5,Erkek Beyaz 2 Li Pamuk Atlet 80210,US Polo Assn,çok güzel,Pozitif
"chook kaliteli chok beyendim,tam beden alin",5,Erkek Beyaz 2 Li Pamuk Atlet 80210,US Polo Assn,chook kaliteli chok beyendimtam beden alin,Pozitif
"kaliteeee, markaaaaa gerçekten harika kumaşı var hiç düşünmeden alın",5,Erkek Beyaz 2 Li Pamuk Atlet 80210,US Polo Assn,kaliteeee markaaaaa gerçekten harika kumaşı var hiç düşünmeden alın,Pozitif
Kaliteli ama pahalı,4,Erkek Beyaz 2 Li Pamuk Atlet 80210,US Polo Assn,kaliteli ama pahalı,Pozitif
Çok kaliteli tam beden alın eşim 78 kg s beden tam oldu,5,Erkek Beyaz 2 Li Pamuk Atlet 80210,US Polo Assn,çok kaliteli tam beden alın eşim kg s beden tam oldu,Pozitif
Normal atlet tam beden alabilirsiniz ancak yumuşacık değil bu kadar para vermeye gerek yoktu,4,Erkek Beyaz 2 Li Pamuk Atlet 80210,US Polo Assn,normal atlet tam beden alabilirsiniz ancak yumuşacık değil bu kadar para vermeye gerek yoktu,Pozitif
çok kaliteli dokusu muhteşem,5,Erkek Beyaz 2 Li Pamuk Atlet 80210,US Polo Assn,çok kaliteli dokusu muhteşem,Pozitif
2xl büyük oldu umarım xl küçük olmaz,5,Erkek Beyaz 2 Li Pamuk Atlet 80210,US Polo Assn,xl büyük oldu umarım xl küçük olmaz,Pozitif
çok güzel 😍,5,Erkek Beyaz 2 Li Pamuk Atlet 80210,US Polo Assn,çok güzel,Pozitif
Süper kalite,5,Erkek Beyaz 2 Li Pamuk Atlet 80210,US Polo Assn,süper kalite,Pozitif
cok iyi kumaşı polo kalitesi iste,5,Erkek Beyaz 2 Li Pamuk Atlet 80210,US Polo Assn,cok iyi kumaşı polo kalitesi iste,Pozitif
Paketlemesi gayet güzel tebrik ederim 👍🏻,5,Erkek Beyaz 2 Li Pamuk Atlet 80210,US Polo Assn,paketlemesi gayet güzel tebrik ederim,Pozitif
Yumusaciklar guzel paketleme yapilmish,5,Erkek Beyaz 2 Li Pamuk Atlet 80210,US Polo Assn,yumusaciklar guzel paketleme yapilmish,Pozitif
Çok kaliteli marka farklılığı.,5,Erkek Beyaz 2 Li Pamuk Atlet 80210,US Polo Assn,çok kaliteli marka farklılığı,Pozitif
Bedeni buyuk 1 beden kucuk alin,4,Erkek Beyaz 2 Li Pamuk Atlet 80210,US Polo Assn,bedeni buyuk beden kucuk alin,Pozitif
Mükemmel 100 yüz pamuk korkmadan alın,5,Erkek Beyaz 2 Li Pamuk Atlet 80210,US Polo Assn,mükemmel yüz pamuk korkmadan alın,Pozitif
Nişanlıma bohça için aldım çok kaliteli ve yumuşak,5,Erkek Beyaz 2 Li Pamuk Atlet 80210,US Polo Assn,nişanlıma bohça için aldım çok kaliteli ve yumuşak,Pozitif
Ürün güzeldi fakat beden küçük olduğu için iade ettim,5,Erkek Beyaz 2 Li Pamuk Atlet 80210,US Polo Assn,ürün güzeldi fakat beden küçük olduğu için iade ettim,Pozitif
Gayet güzel bir ürün,5,Erkek Beyaz 2 Li Pamuk Atlet 80210,US Polo Assn,gayet güzel bir ürün,Pozitif
cok kaliteli,5,Erkek Beyaz 2 Li Pamuk Atlet 80210,US Polo Assn,cok kaliteli,Pozitif
mükemmel kalite,5,Erkek Beyaz 2 Li Pamuk Atlet 80210,US Polo Assn,mükemmel kalite,Pozitif
"Harika 1,86 boy 85 kilo L tam oldu.",5,Erkek Beyaz 2 Li Pamuk Atlet 80210,US Polo Assn,harika boy kilo l tam oldu,Pozitif
Çok iyi kalitesi süper bir beden Büyük alın baya sıkı,5,Erkek Beyaz 2 Li Pamuk Atlet 80210,US Polo Assn,çok iyi kalitesi süper bir beden büyük alın baya sıkı,Pozitif
daha öncede aynı bedeni aldım ama bu sefer çok büyük geldi.,1,Erkek Beyaz 2 Li Pamuk Atlet 80210,US Polo Assn,daha öncede aynı bedeni aldım ama bu sefer çok büyük geldi,Negatif
bir beden büyük alınmalı kalıbı dar,4,Erkek Beyaz 2 Li Pamuk Atlet 80210,US Polo Assn,bir beden büyük alınmalı kalıbı dar,Pozitif
Bir atlet ne kadar güzel olabilir o kadar güzel😍 kumaşına kenardaki polo amblemi her şey mümkemmel,5,Erkek Beyaz 2 Li Pamuk Atlet 80210,US Polo Assn,bir atlet ne kadar güzel olabilir o kadar güzel kumaşına kenardaki polo amblemi her şey mümkemmel,Pozitif
Ürün ve ilgi çok güzel. Teşekkürler.,5,Erkek %100 Pamuk Taş Polo Yaka Düz T-Shirt E001004,Avva,ürün ve ilgi çok güzel teşekkürler,Pozitif
gayet iyi begendim,5,Erkek %100 Pamuk Taş Polo Yaka Düz T-Shirt E001004,Avva,gayet iyi begendim,Pozitif
"çok kaliteli,güzel bir ürün",4,Erkek %100 Pamuk Taş Polo Yaka Düz T-Shirt E001004,Avva,çok kaliteligüzel bir ürün,Pozitif
çok kaliteli,5,Erkek %100 Pamuk Taş Polo Yaka Düz T-Shirt E001004,Avva,çok kaliteli,Pozitif
Çok şık ürünler,4,Erkek %100 Pamuk Taş Polo Yaka Düz T-Shirt E001004,Avva,çok şık ürünler,Pozitif
Çok güzel babalar günü için indirimle uyguna geldi.,5,Erkek %100 Pamuk Taş Polo Yaka Düz T-Shirt E001004,Avva,çok güzel babalar günü için indirimle uyguna geldi,Pozitif
ürün güzel indirimden aldım,5,Erkek %100 Pamuk Taş Polo Yaka Düz T-Shirt E001004,Avva,ürün güzel indirimden aldım,Pozitif
Babam için babalar günü hediyesi olarak aldım. indirimden almıştım çok beğendi 🤗,5,Erkek %100 Pamuk Taş Polo Yaka Düz T-Shirt E001004,Avva,babam için babalar günü hediyesi olarak aldım indirimden almıştım çok beğendi,Pozitif
rengine bayıldım teşekürler,5,Erkek %100 Pamuk Taş Polo Yaka Düz T-Shirt E001004,Avva,rengine bayıldım teşekürler,Pozitif
güzel ve kaliteli ürün,5,Erkek %100 Pamuk Taş Polo Yaka Düz T-Shirt E001004,Avva,güzel ve kaliteli ürün,Pozitif
teşekkür ederim gerçekten güzel kaliteli,5,Erkek %100 Pamuk Taş Polo Yaka Düz T-Shirt E001004,Avva,teşekkür ederim gerçekten güzel kaliteli,Pozitif
Kaliteli güzel bir tişört,5,Erkek %100 Pamuk Taş Polo Yaka Düz T-Shirt E001004,Avva,kaliteli güzel bir tişört,Pozitif
Çok kaliteli. Çok beğendik,5,Erkek %100 Pamuk Taş Polo Yaka Düz T-Shirt E001004,Avva,çok kaliteli çok beğendik,Pozitif
Çok güzel bir ürün,5,Erkek %100 Pamuk Taş Polo Yaka Düz T-Shirt E001004,Avva,çok güzel bir ürün,Pozitif
Çok kaliteli,5,Erkek %100 Pamuk Taş Polo Yaka Düz T-Shirt E001004,Avva,çok kaliteli,Pozitif
Çok kaliteli beğendik,5,Erkek %100 Pamuk Taş Polo Yaka Düz T-Shirt E001004,Avva,çok kaliteli beğendik,Pozitif
Cok guzel tesekkurler,5,Erkek %100 Pamuk Taş Polo Yaka Düz T-Shirt E001004,Avva,cok guzel tesekkurler,Pozitif
dün sipariş verdim bugün elime ulaştı nişanlıma sarı siyah vizon ve tas rengini aldım çok severek kullanıyor,5,Erkek %100 Pamuk Taş Polo Yaka Düz T-Shirt E001004,Avva,dün sipariş verdim bugün elime ulaştı nişanlıma sarı siyah vizon ve tas rengini aldım çok severek kullanıyor,Pozitif
avva kalitesi,5,Erkek %100 Pamuk Taş Polo Yaka Düz T-Shirt E001004,Avva,avva kalitesi,Pozitif
Eşime aldım çok sevdi,5,Erkek %100 Pamuk Taş Polo Yaka Düz T-Shirt E001004,Avva,eşime aldım çok sevdi,Pozitif
HarikA bayildim,5,Erkek %100 Pamuk Taş Polo Yaka Düz T-Shirt E001004,Avva,harika bayildim,Pozitif
harika bir urun,5,Erkek %100 Pamuk Taş Polo Yaka Düz T-Shirt E001004,Avva,harika bir urun,Pozitif
Güzel bir ürün,4,Erkek %100 Pamuk Taş Polo Yaka Düz T-Shirt E001004,Avva,güzel bir ürün,Pozitif
Babalar günü için aldım çok güzel,5,Erkek %100 Pamuk Taş Polo Yaka Düz T-Shirt E001004,Avva,babalar günü için aldım çok güzel,Pozitif
Ürün çok güzel babalar gününe aldım avva kalitesi,5,Erkek %100 Pamuk Taş Polo Yaka Düz T-Shirt E001004,Avva,ürün çok güzel babalar gününe aldım avva kalitesi,Pozitif
COK BEGENDIM,5,Erkek %100 Pamuk Taş Polo Yaka Düz T-Shirt E001004,Avva,cok begendim,Pozitif
Eşim için aldım çok çok güzel,5,Erkek %100 Pamuk Taş Polo Yaka Düz T-Shirt E001004,Avva,eşim için aldım çok çok güzel,Pozitif
hediye aldım oğlum çok beğendi teşekkür ediyorum,5,Erkek %100 Pamuk Taş Polo Yaka Düz T-Shirt E001004,Avva,hediye aldım oğlum çok beğendi teşekkür ediyorum,Pozitif
güzel beğendim 👍,5,Erkek %100 Pamuk Taş Polo Yaka Düz T-Shirt E001004,Avva,güzel beğendim,Pozitif
Kalite mükemmel,5,Erkek %100 Pamuk Taş Polo Yaka Düz T-Shirt E001004,Avva,kalite mükemmel,Pozitif
gayet güzel ben M aldım,4,Oversize Fit Pamuklu Kısa Kollu Basic Tişört V4136AZ22SP,Defacto,gayet güzel ben m aldım,Pozitif
harika bayıldım selin Yağcıoğlu önerisiyle aldım bayıldım bir beden küçük alınabilir,5,Oversize Fit Pamuklu Kısa Kollu Basic Tişört V4136AZ22SP,Defacto,harika bayıldım selin yağcıoğlu önerisiyle aldım bayıldım bir beden küçük alınabilir,Pozitif
cok guzel bi tisort asiri rahat,5,Oversize Fit Pamuklu Kısa Kollu Basic Tişört V4136AZ22SP,Defacto,cok guzel bi tisort asiri rahat,Pozitif
"Gayet iyi, salas:)",5,Oversize Fit Pamuklu Kısa Kollu Basic Tişört V4136AZ22SP,Defacto,gayet iyi salas,Pozitif
Çok beğendim tam istediğim gibi 1.63 boy 50 kilo s beden aldım gayet güzel oldu zamanında geldi tavsiye ederim :),5,Oversize Fit Pamuklu Kısa Kollu Basic Tişört V4136AZ22SP,Defacto,çok beğendim tam istediğim gibi boy kilo s beden aldım gayet güzel oldu zamanında geldi tavsiye ederim,Pozitif
Dokusu güzel salaş olsun isteniyorsa normalden bir beden büyük sipariş verilmeli,4,Oversize Fit Pamuklu Kısa Kollu Basic Tişört V4136AZ22SP,Defacto,dokusu güzel salaş olsun isteniyorsa normalden bir beden büyük sipariş verilmeli,Pozitif
Güzeldi beğendim,5,Oversize Fit Pamuklu Kısa Kollu Basic Tişört V4136AZ22SP,Defacto,güzeldi beğendim,Pozitif
Çok güzel bir tişört kaliteli,5,Oversize Fit Pamuklu Kısa Kollu Basic Tişört V4136AZ22SP,Defacto,çok güzel bir tişört kaliteli,Pozitif
cok guzeeel kesinlikle aliiin,5,Oversize Fit Pamuklu Kısa Kollu Basic Tişört V4136AZ22SP,Defacto,cok guzeeel kesinlikle aliiin,Pozitif
yumuşacık ve kaliteli,5,Oversize Fit Pamuklu Kısa Kollu Basic Tişört V4136AZ22SP,Defacto,yumuşacık ve kaliteli,Pozitif
Defacto t shirtlerini çok seviyorum. Yumuşacık,5,Oversize Fit Pamuklu Kısa Kollu Basic Tişört V4136AZ22SP,Defacto,defacto t shirtlerini çok seviyorum yumuşacık,Pozitif
senide çok beğendim kara t-shirt 🤓🤓,5,Oversize Fit Pamuklu Kısa Kollu Basic Tişört V4136AZ22SP,Defacto,senide çok beğendim kara tshirt,Pozitif
tshirt oldukça kaliteli,5,Oversize Fit Pamuklu Kısa Kollu Basic Tişört V4136AZ22SP,Defacto,tshirt oldukça kaliteli,Pozitif
Harika.Gerçekten kaliteli bir ürün.Emeyinize sağlıq.coox memnun kaldım..Beden ölçülerimi yorumları okuyub karar veriyorum.Yorum yazan atkadaşlara da teşekkür ediyorum.,5,Oversize Fit Pamuklu Kısa Kollu Basic Tişört V4136AZ22SP,Defacto,harikagerçekten kaliteli bir ürünemeyinize sağlıqcoox memnun kaldımbeden ölçülerimi yorumları okuyub karar veriyorumyorum yazan atkadaşlara da teşekkür ediyorum,Pozitif
Kalitesi iyi,4,Oversize Fit Pamuklu Kısa Kollu Basic Tişört V4136AZ22SP,Defacto,kalitesi iyi,Pozitif
güzel bir ürün,4,Oversize Fit Pamuklu Kısa Kollu Basic Tişört V4136AZ22SP,Defacto,güzel bir ürün,Pozitif
Kaliteli guzel,4,Oversize Fit Pamuklu Kısa Kollu Basic Tişört V4136AZ22SP,Defacto,kaliteli guzel,Pozitif
fena degil,5,Oversize Fit Pamuklu Kısa Kollu Basic Tişört V4136AZ22SP,Defacto,fena degil,Pozitif
Gayet guzel duruyo begebdim 54 kiloyum s aldim bol durdu,5,Oversize Fit Pamuklu Kısa Kollu Basic Tişört V4136AZ22SP,Defacto,gayet guzel duruyo begebdim kiloyum s aldim bol durdu,Pozitif
Gayet güzel bir beden küçük aldım iyiki öyle yapmışım,4,Oversize Fit Pamuklu Kısa Kollu Basic Tişört V4136AZ22SP,Defacto,gayet güzel bir beden küçük aldım iyiki öyle yapmışım,Pozitif
cok güzel bi urun kaliteli bi kumaşı var 164 boy 67 kiloyum M beden aldim yinede oversize durdu boyu da yine mankendekigjbi durdu teşekkürler Selin Yağcıoglu,5,Oversize Fit Pamuklu Kısa Kollu Basic Tişört V4136AZ22SP,Defacto,cok güzel bi urun kaliteli bi kumaşı var boy kiloyum m beden aldim yinede oversize durdu boyu da yine mankendekigjbi durdu teşekkürler selin yağcıoglu,Pozitif
Salaş ve rahat bence kurtarıcı parça,5,Oversize Fit Pamuklu Kısa Kollu Basic Tişört V4136AZ22SP,Defacto,salaş ve rahat bence kurtarıcı parça,Pozitif
"Yumuşacık, kurtarıcı bir parça",5,Oversize Fit Pamuklu Kısa Kollu Basic Tişört V4136AZ22SP,Defacto,yumuşacık kurtarıcı bir parça,Pozitif
beğendim S beden aldm. oversize olduğu için doğal olarak biraz bol oldu,5,Oversize Fit Pamuklu Kısa Kollu Basic Tişört V4136AZ22SP,Defacto,beğendim s beden aldm oversize olduğu için doğal olarak biraz bol oldu,Pozitif
çok salas çok beğendim. vücudun hiçbir yerini belli etmiyor. oldukça rahat şekilde giydim,5,Oversize Fit Pamuklu Kısa Kollu Basic Tişört V4136AZ22SP,Defacto,çok salas çok beğendim vücudun hiçbir yerini belli etmiyor oldukça rahat şekilde giydim,Pozitif
kalitesi güzel düz sadece hoş duruyor 172bou 52 kilo s çok güzel durdu,5,Oversize Fit Pamuklu Kısa Kollu Basic Tişört V4136AZ22SP,Defacto,kalitesi güzel düz sadece hoş duruyor bou kilo s çok güzel durdu,Pozitif
1.63 boy 61 kilo m Beden aldım aşırı bol durmuyo o yüzden oversze sevenler yine de bir beden büyük alabilir,5,Oversize Fit Pamuklu Kısa Kollu Basic Tişört V4136AZ22SP,Defacto,boy kilo m beden aldım aşırı bol durmuyo o yüzden oversze sevenler yine de bir beden büyük alabilir,Pozitif
Ürün harika bayıldım yazın kurtarıcı giyi çık,5,Oversize Fit Pamuklu Kısa Kollu Basic Tişört V4136AZ22SP,Defacto,ürün harika bayıldım yazın kurtarıcı giyi çık,Pozitif
Güzel ürün,4,Oversize Fit Pamuklu Kısa Kollu Basic Tişört V4136AZ22SP,Defacto,güzel ürün,Pozitif
Kucuk beden aldım ama idare eder,4,Oversize Fit Pamuklu Kısa Kollu Basic Tişört V4136AZ22SP,Defacto,kucuk beden aldım ama idare eder,Pozitif
İndirimden almıştım fitatına göre iyi,5,Erkek %100 Pamuk Gri Slim Fit Bisiklet Yaka T-shirt E001000,Avva,indirimden almıştım fitatına göre iyi,Pozitif
Güzel ürün,5,Erkek %100 Pamuk Gri Slim Fit Bisiklet Yaka T-shirt E001000,Avva,güzel ürün,Pozitif
"Tam yazlık, çok rahat",5,Erkek %100 Pamuk Gri Slim Fit Bisiklet Yaka T-shirt E001000,Avva,tam yazlık çok rahat,Pozitif
kampanyada 45 TL adim,5,Erkek %100 Pamuk Gri Slim Fit Bisiklet Yaka T-shirt E001000,Avva,kampanyada tl adim,Pozitif
guzel urun,5,Erkek %100 Pamuk Gri Slim Fit Bisiklet Yaka T-shirt E001000,Avva,guzel urun,Pozitif
fiyat performans ürünü. indirimdeyken baya uyguna almıştık,4,Erkek %100 Pamuk Gri Slim Fit Bisiklet Yaka T-shirt E001000,Avva,fiyat performans ürünü indirimdeyken baya uyguna almıştık,Pozitif
güzel ürün,5,Erkek %100 Pamuk Gri Slim Fit Bisiklet Yaka T-shirt E001000,Avva,güzel ürün,Pozitif
Kalitesi çok güzel babam için aldım bayıldık,5,Erkek %100 Pamuk Gri Slim Fit Bisiklet Yaka T-shirt E001000,Avva,kalitesi çok güzel babam için aldım bayıldık,Pozitif
hediye olarak aldım çok güzel duruyor,5,Erkek %100 Pamuk Gri Slim Fit Bisiklet Yaka T-shirt E001000,Avva,hediye olarak aldım çok güzel duruyor,Pozitif
Cok rahat oldu,5,Erkek %100 Pamuk Gri Slim Fit Bisiklet Yaka T-shirt E001000,Avva,cok rahat oldu,Pozitif
Harika ürün,4,Erkek %100 Pamuk Gri Slim Fit Bisiklet Yaka T-shirt E001000,Avva,harika ürün,Pozitif
kaliteli ürün,5,Erkek %100 Pamuk Gri Slim Fit Bisiklet Yaka T-shirt E001000,Avva,kaliteli ürün,Pozitif
Babama aldım çok beğendi,5,Erkek %100 Pamuk Gri Slim Fit Bisiklet Yaka T-shirt E001000,Avva,babama aldım çok beğendi,Pozitif
cok beğendik babama aldim severek kullanıyor,5,Erkek %100 Pamuk Gri Slim Fit Bisiklet Yaka T-shirt E001000,Avva,cok beğendik babama aldim severek kullanıyor,Pozitif
ürün elime hızlı ulaştı teşkkürler,5,Erkek %100 Pamuk Gri Slim Fit Bisiklet Yaka T-shirt E001000,Avva,ürün elime hızlı ulaştı teşkkürler,Pozitif
çok güzel. rahat,5,Erkek %100 Pamuk Gri Slim Fit Bisiklet Yaka T-shirt E001000,Avva,çok güzel rahat,Pozitif
çok güzel yumuşak dokusu var,4,Erkek %100 Pamuk Gri Slim Fit Bisiklet Yaka T-shirt E001000,Avva,çok güzel yumuşak dokusu var,Pozitif
Güzel ürün,4,Erkek %100 Pamuk Gri Slim Fit Bisiklet Yaka T-shirt E001000,Avva,güzel ürün,Pozitif
Güzel ürün,5,Erkek %100 Pamuk Gri Slim Fit Bisiklet Yaka T-shirt E001000,Avva,güzel ürün,Pozitif
Ürünler güzeldi,5,Erkek %100 Pamuk Gri Slim Fit Bisiklet Yaka T-shirt E001000,Avva,ürünler güzeldi,Pozitif
avva kalitesi 👍,5,Erkek %100 Pamuk Gri Slim Fit Bisiklet Yaka T-shirt E001000,Avva,avva kalitesi,Pozitif
Gayet güzel.,5,Erkek %100 Pamuk Gri Slim Fit Bisiklet Yaka T-shirt E001000,Avva,gayet güzel,Pozitif
Kaliteli. Teşekkürler,5,Erkek %100 Pamuk Gri Slim Fit Bisiklet Yaka T-shirt E001000,Avva,kaliteli teşekkürler,Pozitif
cok guzel be beyrndim,5,Erkek %100 Pamuk Gri Slim Fit Bisiklet Yaka T-shirt E001000,Avva,cok guzel be beyrndim,Pozitif
Cok guzeller,3,Erkek %100 Pamuk Gri Slim Fit Bisiklet Yaka T-shirt E001000,Avva,cok guzeller,Nötr
beklediğim kaliteyi göremedim çabuk pamuklanıyor.şık durmuyor ev içnde giyileblir,1,Erkek %100 Pamuk Gri Slim Fit Bisiklet Yaka T-shirt E001000,Avva,beklediğim kaliteyi göremedim çabuk pamuklanıyorşık durmuyor ev içnde giyileblir,Negatif
Eşime aldım güzel çok beğendi 👍,5,Erkek %100 Pamuk Gri Slim Fit Bisiklet Yaka T-shirt E001000,Avva,eşime aldım güzel çok beğendi,Pozitif
Kalitesi dokusu harika,5,Erkek %100 Pamuk Gri Slim Fit Bisiklet Yaka T-shirt E001000,Avva,kalitesi dokusu harika,Pozitif
Ürünler kaliteli,5,Erkek %100 Pamuk Gri Slim Fit Bisiklet Yaka T-shirt E001000,Avva,ürünler kaliteli,Pozitif
oglum severek giyor,5,Erkek %100 Pamuk Gri Slim Fit Bisiklet Yaka T-shirt E001000,Avva,oglum severek giyor,Pozitif
"Tam yazlık, çok rahat",5,Erkek %100 Pamuk İndigo Slim Fit Bisiklet Yaka T-Shirt E001000,Avva,tam yazlık çok rahat,Pozitif
Fena degil y,4,Erkek %100 Pamuk İndigo Slim Fit Bisiklet Yaka T-Shirt E001000,Avva,fena degil y,Pozitif
Güzel ürün,5,Erkek %100 Pamuk İndigo Slim Fit Bisiklet Yaka T-Shirt E001000,Avva,güzel ürün,Pozitif
fiyat performans ürünü. indirimdeyken baya uyguna almıştık,4,Erkek %100 Pamuk İndigo Slim Fit Bisiklet Yaka T-Shirt E001000,Avva,fiyat performans ürünü indirimdeyken baya uyguna almıştık,Pozitif
gayet güzel oğlum ve kardeşim için aldım çok beğendiler,5,Erkek %100 Pamuk İndigo Slim Fit Bisiklet Yaka T-Shirt E001000,Avva,gayet güzel oğlum ve kardeşim için aldım çok beğendiler,Pozitif
Çok güzel rahat beğendim tavsiye ederim,5,Erkek %100 Pamuk İndigo Slim Fit Bisiklet Yaka T-Shirt E001000,Avva,çok güzel rahat beğendim tavsiye ederim,Pozitif
Kalitesi çok güzel babam için aldım bayıldık,5,Erkek %100 Pamuk İndigo Slim Fit Bisiklet Yaka T-Shirt E001000,Avva,kalitesi çok güzel babam için aldım bayıldık,Pozitif
Muhteşem dokusu,5,Erkek %100 Pamuk İndigo Slim Fit Bisiklet Yaka T-Shirt E001000,Avva,muhteşem dokusu,Pozitif
Cok rahat oldu,5,Erkek %100 Pamuk İndigo Slim Fit Bisiklet Yaka T-Shirt E001000,Avva,cok rahat oldu,Pozitif
Teşekkürler 👏Güzel ürün,5,Erkek %100 Pamuk İndigo Slim Fit Bisiklet Yaka T-Shirt E001000,Avva,teşekkürler güzel ürün,Pozitif
Harika ürün,5,Erkek %100 Pamuk İndigo Slim Fit Bisiklet Yaka T-Shirt E001000,Avva,harika ürün,Pozitif
kaliteli ürün,5,Erkek %100 Pamuk İndigo Slim Fit Bisiklet Yaka T-Shirt E001000,Avva,kaliteli ürün,Pozitif
Çok rahat kaliteli 👍👍,5,Erkek %100 Pamuk İndigo Slim Fit Bisiklet Yaka T-Shirt E001000,Avva,çok rahat kaliteli,Pozitif
"Giyimi rahat, kalitesi güzel....",5,Erkek %100 Pamuk İndigo Slim Fit Bisiklet Yaka T-Shirt E001000,Avva,giyimi rahat kalitesi güzel,Pozitif
Varlığını hissetmiyorsunuz adeta çok güzel ve rahat...,5,Erkek %100 Pamuk İndigo Slim Fit Bisiklet Yaka T-Shirt E001000,Avva,varlığını hissetmiyorsunuz adeta çok güzel ve rahat,Pozitif
Beğendim çok rahat güzel ürün,5,Erkek %100 Pamuk İndigo Slim Fit Bisiklet Yaka T-Shirt E001000,Avva,beğendim çok rahat güzel ürün,Pozitif
Eşime aldım güzel ürün,4,Erkek %100 Pamuk İndigo Slim Fit Bisiklet Yaka T-Shirt E001000,Avva,eşime aldım güzel ürün,Pozitif
Güzel ürün,4,Erkek %100 Pamuk İndigo Slim Fit Bisiklet Yaka T-Shirt E001000,Avva,güzel ürün,Pozitif
her zaman tavsiye ederim,5,Erkek %100 Pamuk İndigo Slim Fit Bisiklet Yaka T-Shirt E001000,Avva,her zaman tavsiye ederim,Pozitif
Avva kalitesi,5,Erkek %100 Pamuk İndigo Slim Fit Bisiklet Yaka T-Shirt E001000,Avva,avva kalitesi,Pozitif
Avva kalitesi mükemmel,5,Erkek %100 Pamuk İndigo Slim Fit Bisiklet Yaka T-Shirt E001000,Avva,avva kalitesi mükemmel,Pozitif
Harika bir ürün,5,Erkek %100 Pamuk İndigo Slim Fit Bisiklet Yaka T-Shirt E001000,Avva,harika bir ürün,Pozitif
kaliteli bir ürün,5,Erkek %100 Pamuk İndigo Slim Fit Bisiklet Yaka T-Shirt E001000,Avva,kaliteli bir ürün,Pozitif
Güzel teşekkürler,5,Erkek %100 Pamuk İndigo Slim Fit Bisiklet Yaka T-Shirt E001000,Avva,güzel teşekkürler,Pozitif
Ürün kaliteli ve uygundur. teslimat gayet makul sürede geldi.,5,Erkek %100 Pamuk İndigo Slim Fit Bisiklet Yaka T-Shirt E001000,Avva,ürün kaliteli ve uygundur teslimat gayet makul sürede geldi,Pozitif
beklediğim kaliteyi göremedim çabuk pamuklanıyor.şık durmuyor ev içnde giyileblir,2,Erkek %100 Pamuk İndigo Slim Fit Bisiklet Yaka T-Shirt E001000,Avva,beklediğim kaliteyi göremedim çabuk pamuklanıyorşık durmuyor ev içnde giyileblir,Negatif
Süper ürün,5,Erkek %100 Pamuk İndigo Slim Fit Bisiklet Yaka T-Shirt E001000,Avva,süper ürün,Pozitif
sçok şık avva ürünleri herzaman çok iyi,5,Erkek %100 Pamuk İndigo Slim Fit Bisiklet Yaka T-Shirt E001000,Avva,sçok şık avva ürünleri herzaman çok iyi,Pozitif
oğluma aldım dokusu gayet güzel,5,Erkek %100 Pamuk İndigo Slim Fit Bisiklet Yaka T-Shirt E001000,Avva,oğluma aldım dokusu gayet güzel,Pozitif
gayet güzel bir tshirt,5,Erkek %100 Pamuk İndigo Slim Fit Bisiklet Yaka T-Shirt E001000,Avva,gayet güzel bir tshirt,Pozitif
Çok kaliteli💥,5,3 Lü Pamuklu Slip Külot ST0045601,Suwen,çok kaliteli,Pozitif
Urun çok guzal,5,3 Lü Pamuklu Slip Külot ST0045601,Suwen,urun çok guzal,Pozitif
çok güzel teşekkürler,5,3 Lü Pamuklu Slip Külot ST0045601,Suwen,çok güzel teşekkürler,Pozitif
favori markam kampanyasını takip ettiğim tek marka .,5,3 Lü Pamuklu Slip Külot ST0045601,Suwen,favori markam kampanyasını takip ettiğim tek marka,Pozitif
"Gayet güzel, çeyize aldım indirimde 🫶🏻",5,3 Lü Pamuklu Slip Külot ST0045601,Suwen,gayet güzel çeyize aldım indirimde,Pozitif
Spor şık ve çok kaliteli. Ben bir beden büyük aldım ve çok dar sevmediğim için tam oldu.,5,3 Lü Pamuklu Slip Külot ST0045601,Suwen,spor şık ve çok kaliteli ben bir beden büyük aldım ve çok dar sevmediğim için tam oldu,Pozitif
Ürün brazilian tarzı. Arasına giriyor yani ona göre alın.,2,3 Lü Pamuklu Slip Külot ST0045601,Suwen,ürün brazilian tarzı arasına giriyor yani ona göre alın,Negatif
Yumuşacık renkler güzel,5,3 Lü Pamuklu Slip Külot ST0045601,Suwen,yumuşacık renkler güzel,Pozitif
Kumaşı yumuşacık çok güzel indirimdeyken çeyizim için aldım,5,3 Lü Pamuklu Slip Külot ST0045601,Suwen,kumaşı yumuşacık çok güzel indirimdeyken çeyizim için aldım,Pozitif
Mükemmel şık ve rahat,5,3 Lü Pamuklu Slip Külot ST0045601,Suwen,mükemmel şık ve rahat,Pozitif
Gayet güzel ve rahat,4,3 Lü Pamuklu Slip Külot ST0045601,Suwen,gayet güzel ve rahat,Pozitif
çok güzel ve rahat,5,3 Lü Pamuklu Slip Külot ST0045601,Suwen,çok güzel ve rahat,Pozitif
indirimden çok uyguna aldım yumuşacık ve çok rahat,5,3 Lü Pamuklu Slip Külot ST0045601,Suwen,indirimden çok uyguna aldım yumuşacık ve çok rahat,Pozitif
tam beden alınabilir çok şık duruyor kesinlikle tavsiye ederim,5,3 Lü Pamuklu Slip Külot ST0045601,Suwen,tam beden alınabilir çok şık duruyor kesinlikle tavsiye ederim,Pozitif
Harikaaaa m giyiyordum m aldım bedenimi 54 kgyim keşke daha önce alsaymışım renkleri tarzı süper artık hep bu tarz giyeceğim ve yumuşacık kesinlikle tereddüt etmeyin,5,3 Lü Pamuklu Slip Külot ST0045601,Suwen,harikaaaa m giyiyordum m aldım bedenimi kgyim keşke daha önce alsaymışım renkleri tarzı süper artık hep bu tarz giyeceğim ve yumuşacık kesinlikle tereddüt etmeyin,Pozitif
cok begendim. renkleri daha koyu geliyor.38 bedenim m beden aldim. gayet guzel hic sıkma yapmiyor. cok az iz yapiyo ama can acitmiyo. normal giydigimiz lastiksizler nasil yapiyosa bununda lastikleri o kadar yapiyo,5,3 Lü Pamuklu Slip Külot ST0045601,Suwen,cok begendim renkleri daha koyu geliyor bedenim m beden aldim gayet guzel hic sıkma yapmiyor cok az iz yapiyo ama can acitmiyo normal giydigimiz lastiksizler nasil yapiyosa bununda lastikleri o kadar yapiyo,Pozitif
Pek beğenmedim kendi bedenimi aldığım halde yan lastikleri çok rahatsız edici şekilde sıkıyor. Bir beden büyük alırsanız daha rahat olabilir .,3,3 Lü Pamuklu Slip Külot ST0045601,Suwen,pek beğenmedim kendi bedenimi aldığım halde yan lastikleri çok rahatsız edici şekilde sıkıyor bir beden büyük alırsanız daha rahat olabilir,Nötr
"Bunu da kendime almıştım,bi tane arkadaş sumo güreşçisi gibi oldu demişti çok gülmüştüm,balık etli herhalde demiştim ama 57 kiloyum bana da aynı oldu😂😂",4,3 Lü Pamuklu Slip Külot ST0045601,Suwen,bunu da kendime almıştımbi tane arkadaş sumo güreşçisi gibi oldu demişti çok gülmüştümbalık etli herhalde demiştim ama kiloyum bana da aynı oldu,Pozitif
Görseldekinin aynısı renkleri penyesi normal harikulade bi yumuşaklık yok penyelerde kalitesine göre biraz pahalı kendi bedeninizi alın,5,3 Lü Pamuklu Slip Külot ST0045601,Suwen,görseldekinin aynısı renkleri penyesi normal harikulade bi yumuşaklık yok penyelerde kalitesine göre biraz pahalı kendi bedeninizi alın,Pozitif
Çok rahat ve güzel çamışırlar. Kendi bedeninizi alın lütfen,5,3 Lü Pamuklu Slip Külot ST0045601,Suwen,çok rahat ve güzel çamışırlar kendi bedeninizi alın lütfen,Pozitif
suwen kalitesi,5,3 Lü Pamuklu Slip Külot ST0045601,Suwen,suwen kalitesi,Pozitif
İndirimden nemigiymeli Özge sayesinde aldım. Kendi bedeninizi alabilirsiniz. Çok tatlılar.,5,3 Lü Pamuklu Slip Külot ST0045601,Suwen,indirimden nemigiymeli özge sayesinde aldım kendi bedeninizi alabilirsiniz çok tatlılar,Pozitif
Kalitesi mükemmel yorumlarda büyük alın sıkıyor yazmışlar ama ben iç çamaşırında s beden giyiyorum kalçam 94 s aldım herhangi bir sıkma olmadı çok güzel durdu,5,3 Lü Pamuklu Slip Külot ST0045601,Suwen,kalitesi mükemmel yorumlarda büyük alın sıkıyor yazmışlar ama ben iç çamaşırında s beden giyiyorum kalçam s aldım herhangi bir sıkma olmadı çok güzel durdu,Pozitif
"urun guzel,fakat bir beden buyuk alinabilir. yanlardaki lastikler cok sert",4,3 Lü Pamuklu Slip Külot ST0045601,Suwen,urun guzelfakat bir beden buyuk alinabilir yanlardaki lastikler cok sert,Pozitif
Çok beğendim 😍,5,3 Lü Pamuklu Slip Külot ST0045601,Suwen,çok beğendim,Pozitif
Güzel ve kaliteli,5,3 Lü Pamuklu Slip Külot ST0045601,Suwen,güzel ve kaliteli,Pozitif
gayet güzel,5,3 Lü Pamuklu Slip Külot ST0045601,Suwen,gayet güzel,Pozitif
teşekkür ediyorum kaliteli ve çok güzeller birde çok çabuk geldi🤗,5,3 Lü Pamuklu Slip Külot ST0045601,Suwen,teşekkür ediyorum kaliteli ve çok güzeller birde çok çabuk geldi,Pozitif
"İndirimden almıştım tekrar indirime girerse yine alıcam, bu model için kendi bedenizden bir beden büyük tercih edin",5,3 Lü Pamuklu Slip Külot ST0045601,Suwen,indirimden almıştım tekrar indirime girerse yine alıcam bu model için kendi bedenizden bir beden büyük tercih edin,Pozitif
Biraz lastıkleri acıtıyor bir beden büyük alınabilir,4,3 Lü Pamuklu Slip Külot ST0045601,Suwen,biraz lastıkleri acıtıyor bir beden büyük alınabilir,Pozitif
Pamuklu kumaş çok rahat herkese tavsiye ederim,5,U.s. Polo Assn. 66252 Büstiyer Şort Takım POLO66252,US Polo Assn,pamuklu kumaş çok rahat herkese tavsiye ederim,Pozitif
Pamuklu mükemmel ürün,5,U.s. Polo Assn. 66252 Büstiyer Şort Takım POLO66252,US Polo Assn,pamuklu mükemmel ürün,Pozitif
İndirimde aldım babam için. Çok beğendi ve gerçekten çok kaliteli.,5,Erkek %100 Pamuk Lila Polo Yaka Düz T-shirt E001004,Avva,indirimde aldım babam için çok beğendi ve gerçekten çok kaliteli,Pozitif
Kampanyadan uygun fiyatlı olarak aldım. Avva kalitesi.,5,Erkek %100 Pamuk Lila Polo Yaka Düz T-shirt E001004,Avva,kampanyadan uygun fiyatlı olarak aldım avva kalitesi,Pozitif
"Sözelci Anne ♥️ tavsiyesi ile eşime aldım, indirimi haber verdiği için çok teşekkür ederim. Ürün çok güzel ve kaliteli, tavsiye ederim.",5,Erkek %100 Pamuk Lila Polo Yaka Düz T-shirt E001004,Avva,sözelci anne tavsiyesi ile eşime aldım indirimi haber verdiği için çok teşekkür ederim ürün çok güzel ve kaliteli tavsiye ederim,Pozitif
Çok kaliteli ✌🏻🦋,5,Erkek %100 Pamuk Lila Polo Yaka Düz T-shirt E001004,Avva,çok kaliteli,Pozitif
harika bir urun,5,Erkek %100 Pamuk Lila Polo Yaka Düz T-shirt E001004,Avva,harika bir urun,Pozitif
Kalitesi tartışılmaz,5,Erkek %100 Pamuk Lila Polo Yaka Düz T-shirt E001004,Avva,kalitesi tartışılmaz,Pozitif
tereddütsüz alabilirsiniz... çoğu markaya fark atar. Teşekkürler 🙏,5,Erkek %100 Pamuk Lila Polo Yaka Düz T-shirt E001004,Avva,tereddütsüz alabilirsiniz çoğu markaya fark atar teşekkürler,Pozitif
Hep takip ediyorum avva ürünleri harika ve hep uygunken kaliteli giyiniyorum,5,Erkek %100 Pamuk Lila Polo Yaka Düz T-shirt E001004,Avva,hep takip ediyorum avva ürünleri harika ve hep uygunken kaliteli giyiniyorum,Pozitif
kaliteli beğendim,5,Erkek %100 Pamuk Lila Polo Yaka Düz T-shirt E001004,Avva,kaliteli beğendim,Pozitif
çok kaliteli,5,Erkek %100 Pamuk Lila Polo Yaka Düz T-shirt E001004,Avva,çok kaliteli,Pozitif
çok iyi,5,Erkek %100 Pamuk Lila Polo Yaka Düz T-shirt E001004,Avva,çok iyi,Pozitif
avva kalitesi mükemmel,5,Erkek %100 Pamuk Lila Polo Yaka Düz T-shirt E001004,Avva,avva kalitesi mükemmel,Pozitif
😍❤️❤️❤️❤️❤️❤️❤️❤️❤️,5,Erkek %100 Pamuk Lila Polo Yaka Düz T-shirt E001004,Avva,,Pozitif
Ürün çok güzel,5,Erkek %100 Pamuk Lila Polo Yaka Düz T-shirt E001004,Avva,ürün çok güzel,Pozitif
begendikkkkk,5,Erkek %100 Pamuk Lila Polo Yaka Düz T-shirt E001004,Avva,begendikkkkk,Pozitif
Cook güzel,5,Erkek %100 Pamuk Lila Polo Yaka Düz T-shirt E001004,Avva,cook güzel,Pozitif
Lacoste gibi. Kalite güzel.,5,Erkek %100 Pamuk Lila Polo Yaka Düz T-shirt E001004,Avva,lacoste gibi kalite güzel,Pozitif
kaliteli bir urun önce eşime sonra beğenince oglumada aldım tavsiye ederim,5,Erkek %100 Pamuk Lila Polo Yaka Düz T-shirt E001004,Avva,kaliteli bir urun önce eşime sonra beğenince oglumada aldım tavsiye ederim,Pozitif
Babama aldık çok begendık,5,Erkek %100 Pamuk Lila Polo Yaka Düz T-shirt E001004,Avva,babama aldık çok begendık,Pozitif
Eşime aldım çok beğendi. Kaliteli gözüküyor.,5,Erkek %100 Pamuk Lila Polo Yaka Düz T-shirt E001004,Avva,eşime aldım çok beğendi kaliteli gözüküyor,Pozitif
Beğenerek kullanıyor babam,5,Erkek %100 Pamuk Lila Polo Yaka Düz T-shirt E001004,Avva,beğenerek kullanıyor babam,Pozitif
Babalar Günü hediyesiydi.beğenildi,5,Erkek %100 Pamuk Lila Polo Yaka Düz T-shirt E001004,Avva,babalar günü hediyesiydibeğenildi,Pozitif
tek kelimeyle bayildik esimde bende.,5,Erkek %100 Pamuk Lila Polo Yaka Düz T-shirt E001004,Avva,tek kelimeyle bayildik esimde bende,Pozitif
Kumaş kalitesi de duruşu da çok güzel. Eşimde çok beğendi. Paketlemeside iyiydi teşekkürler,5,Erkek %100 Pamuk Lila Polo Yaka Düz T-shirt E001004,Avva,kumaş kalitesi de duruşu da çok güzel eşimde çok beğendi paketlemeside iyiydi teşekkürler,Pozitif
Erkek arkadaşıma aldım çok begendı teşekkürler,5,Erkek %100 Pamuk Lila Polo Yaka Düz T-shirt E001004,Avva,erkek arkadaşıma aldım çok begendı teşekkürler,Pozitif
guzel ürün tesekkurler,5,Erkek %100 Pamuk Lila Polo Yaka Düz T-shirt E001004,Avva,guzel ürün tesekkurler,Pozitif
Kaliteli bir ürün bu fiyata baya iyi,5,Erkek %100 Pamuk Lila Polo Yaka Düz T-shirt E001004,Avva,kaliteli bir ürün bu fiyata baya iyi,Pozitif
Herzaman avvadan elbise aliyorum kalitesi guzel tavsiye ederim,5,Erkek %100 Pamuk Lila Polo Yaka Düz T-shirt E001004,Avva,herzaman avvadan elbise aliyorum kalitesi guzel tavsiye ederim,Pozitif
güzeldi beğendim,5,Erkek %100 Pamuk Lila Polo Yaka Düz T-shirt E001004,Avva,güzeldi beğendim,Pozitif
güzel di beğendim,4,Erkek %100 Pamuk Lila Polo Yaka Düz T-shirt E001004,Avva,güzel di beğendim,Pozitif
Eşime aldık bayıldık çok güzel.,5,Doğa Dostu Siyah Basic Tişört Oversize / Geniş Kesim 066902-900,Mavi,eşime aldık bayıldık çok güzel,Pozitif
Alınan bedenden çok çok büyük geldi,4,Doğa Dostu Siyah Basic Tişört Oversize / Geniş Kesim 066902-900,Mavi,alınan bedenden çok çok büyük geldi,Pozitif
180cm 70kg m beden tam oluyor.,5,Doğa Dostu Siyah Basic Tişört Oversize / Geniş Kesim 066902-900,Mavi,cm kg m beden tam oluyor,Pozitif
"tarz bi model ,bedeninize göre alın",5,Doğa Dostu Siyah Basic Tişört Oversize / Geniş Kesim 066902-900,Mavi,tarz bi model bedeninize göre alın,Pozitif
"Yaz için oldukça ideal oversize tam bedeninizi alabilirsiniz, 2 kere sipariş verdim",5,Doğa Dostu Siyah Basic Tişört Oversize / Geniş Kesim 066902-900,Mavi,yaz için oldukça ideal oversize tam bedeninizi alabilirsiniz kere sipariş verdim,Pozitif
Bedeni çok büyük,1,Doğa Dostu Siyah Basic Tişört Oversize / Geniş Kesim 066902-900,Mavi,bedeni çok büyük,Negatif
Güzel ürün,5,Doğa Dostu Siyah Basic Tişört Oversize / Geniş Kesim 066902-900,Mavi,güzel ürün,Pozitif
ürün çok güzel ancak aşırı aşırı bol. Normalde XL giiyen birisi olarak iade edip M almayı düşünüyorum,3,Doğa Dostu Siyah Basic Tişört Oversize / Geniş Kesim 066902-900,Mavi,ürün çok güzel ancak aşırı aşırı bol normalde xl giiyen birisi olarak iade edip m almayı düşünüyorum,Nötr
bayaaaa iyyiiiii,5,Doğa Dostu Siyah Basic Tişört Oversize / Geniş Kesim 066902-900,Mavi,bayaaaa iyyiiiii,Pozitif
Çok güzel bir tişört tam yazlık kumaşı çok rahat ve ince,5,Doğa Dostu Siyah Basic Tişört Oversize / Geniş Kesim 066902-900,Mavi,çok güzel bir tişört tam yazlık kumaşı çok rahat ve ince,Pozitif
"çok rahat bir tişört,almak isteyenlere tavsiye ederim.",4,Doğa Dostu Siyah Basic Tişört Oversize / Geniş Kesim 066902-900,Mavi,çok rahat bir tişörtalmak isteyenlere tavsiye ederim,Pozitif
Yumuşacık ve muhteşem bir ürün. Şiddetle tavsiye ediyorum 👌🏼☺️,5,Doğa Dostu Siyah Basic Tişört Oversize / Geniş Kesim 066902-900,Mavi,yumuşacık ve muhteşem bir ürün şiddetle tavsiye ediyorum,Pozitif
bedeninizi alın,5,Doğa Dostu Siyah Basic Tişört Oversize / Geniş Kesim 066902-900,Mavi,bedeninizi alın,Pozitif
Dokusu ince tam yazlık ancak istediğim oversize görüntü yok üzerinize yapışıyor sünecek gibi bir görüntüsü var kalıbı baya bi bol,5,Doğa Dostu Siyah Basic Tişört Oversize / Geniş Kesim 066902-900,Mavi,dokusu ince tam yazlık ancak istediğim oversize görüntü yok üzerinize yapışıyor sünecek gibi bir görüntüsü var kalıbı baya bi bol,Pozitif
Çok güzel kesin alınmalı,5,Doğa Dostu Siyah Basic Tişört Oversize / Geniş Kesim 066902-900,Mavi,çok güzel kesin alınmalı,Pozitif
kalıbı çok fazla büyük,3,Doğa Dostu Siyah Basic Tişört Oversize / Geniş Kesim 066902-900,Mavi,kalıbı çok fazla büyük,Nötr
Süper her zaman kullanabileceğiniz bir ürün,5,Doğa Dostu Siyah Basic Tişört Oversize / Geniş Kesim 066902-900,Mavi,süper her zaman kullanabileceğiniz bir ürün,Pozitif
Güzel beğendim,5,Doğa Dostu Siyah Basic Tişört Oversize / Geniş Kesim 066902-900,Mavi,güzel beğendim,Pozitif
Güzel görünüyor,4,Doğa Dostu Siyah Basic Tişört Oversize / Geniş Kesim 066902-900,Mavi,güzel görünüyor,Pozitif
gayet güzel,5,Doğa Dostu Siyah Basic Tişört Oversize / Geniş Kesim 066902-900,Mavi,gayet güzel,Pozitif
Gayet güzel,5,Doğa Dostu Siyah Basic Tişört Oversize / Geniş Kesim 066902-900,Mavi,gayet güzel,Pozitif
Tavsiye ederim,5,Doğa Dostu Siyah Basic Tişört Oversize / Geniş Kesim 066902-900,Mavi,tavsiye ederim,Pozitif
çok kaliteli bol kesim ve ince kendi bedeninizi alın,5,Doğa Dostu Siyah Basic Tişört Oversize / Geniş Kesim 066902-900,Mavi,çok kaliteli bol kesim ve ince kendi bedeninizi alın,Pozitif
"çok hoş ürün,gayet kullanışlı",5,Doğa Dostu Siyah Basic Tişört Oversize / Geniş Kesim 066902-900,Mavi,çok hoş ürüngayet kullanışlı,Pozitif
Kumaşı fotoğrafta biraz kalın duruyor ama hiç öyle değil ince bir kumaşı var tam yazlık tişört. 178 boy 77 kilo ve hafif göbeğimle M beden aldım ve tam oversize kalıp oldu. Sakın bir beden büyüğünü almayın ürün bol kalıp. Ürünü perşembe sipariş ettim p.tesi elime ulaştı. Herhangi bir defosu da yoktu. Ben beğendim kesinlikle tavsiye ederim.,5,Doğa Dostu Siyah Basic Tişört Oversize / Geniş Kesim 066902-900,Mavi,kumaşı fotoğrafta biraz kalın duruyor ama hiç öyle değil ince bir kumaşı var tam yazlık tişört boy kilo ve hafif göbeğimle m beden aldım ve tam oversize kalıp oldu sakın bir beden büyüğünü almayın ürün bol kalıp ürünü perşembe sipariş ettim ptesi elime ulaştı herhangi bir defosu da yoktu ben beğendim kesinlikle tavsiye ederim,Pozitif
Normal bedeninizin bi küçüğünü alın bol ama çok güzel,5,Doğa Dostu Siyah Basic Tişört Oversize / Geniş Kesim 066902-900,Mavi,normal bedeninizin bi küçüğünü alın bol ama çok güzel,Pozitif
Bu ikinci alışım bu tişörtten eşimle birlikte kullanıyoruz,5,Doğa Dostu Siyah Basic Tişört Oversize / Geniş Kesim 066902-900,Mavi,bu ikinci alışım bu tişörtten eşimle birlikte kullanıyoruz,Pozitif
çok güzel ve tam oturuyor,5,Doğa Dostu Siyah Basic Tişört Oversize / Geniş Kesim 066902-900,Mavi,çok güzel ve tam oturuyor,Pozitif
Güzellllll 👍,5,Doğa Dostu Siyah Basic Tişört Oversize / Geniş Kesim 066902-900,Mavi,güzellllll,Pozitif
Guzel tabsiye ederim,5,Doğa Dostu Siyah Basic Tişört Oversize / Geniş Kesim 066902-900,Mavi,guzel tabsiye ederim,Pozitif
cox guzel tovsiye edierem,4,Slim Fit Halter Yaka Pamuklu Crop Atlet X6527AZ22SP,Defacto,cox guzel tovsiye edierem,Pozitif
Mükemmel bi parça,5,Slim Fit Halter Yaka Pamuklu Crop Atlet X6527AZ22SP,Defacto,mükemmel bi parça,Pozitif
super bayildim,5,Slim Fit Halter Yaka Pamuklu Crop Atlet X6527AZ22SP,Defacto,super bayildim,Pozitif
"Kalitesi güzel ancak m beden giyiyorum xl aldım, o bile göbeğimin oldukça üzerinde kaldı. Bıktık herşeyin crop olmasından , bitse de şu crop modası kurtulsak 😒",3,Slim Fit Halter Yaka Pamuklu Crop Atlet X6527AZ22SP,Defacto,kalitesi güzel ancak m beden giyiyorum xl aldım o bile göbeğimin oldukça üzerinde kaldı bıktık herşeyin crop olmasından bitse de şu crop modası kurtulsak,Nötr
Renk ve kalitesi hoş,5,Slim Fit Halter Yaka Pamuklu Crop Atlet X6527AZ22SP,Defacto,renk ve kalitesi hoş,Pozitif
"Hızlı kargo ,güzel kumaş.Bedeninizi alın.",5,Slim Fit Halter Yaka Pamuklu Crop Atlet X6527AZ22SP,Defacto,hızlı kargo güzel kumaşbedeninizi alın,Pozitif
Mükemmel otesi sadece 1 beden büyük alın derım çok guzel 💗,5,Slim Fit Halter Yaka Pamuklu Crop Atlet X6527AZ22SP,Defacto,mükemmel otesi sadece beden büyük alın derım çok guzel,Pozitif
Harika bir crop çok kısa değil yüksek bel giysilerle çok şık oldu,5,Slim Fit Halter Yaka Pamuklu Crop Atlet X6527AZ22SP,Defacto,harika bir crop çok kısa değil yüksek bel giysilerle çok şık oldu,Pozitif
Harika bir dokusu var ve çok uygun fiyatlı,5,Slim Fit Halter Yaka Pamuklu Crop Atlet X6527AZ22SP,Defacto,harika bir dokusu var ve çok uygun fiyatlı,Pozitif
beklediğimden iyi geldi çok beğendim,5,Erkek %100 Pamuk Antrasit Polo Yaka Düz T-shirt E001004,Avva,beklediğimden iyi geldi çok beğendim,Pozitif
Çok kaliteli,5,Erkek %100 Pamuk Antrasit Polo Yaka Düz T-shirt E001004,Avva,çok kaliteli,Pozitif
Çok beğendik ve çok kaliteli,5,Erkek %100 Pamuk Antrasit Polo Yaka Düz T-shirt E001004,Avva,çok beğendik ve çok kaliteli,Pozitif
Her şeyiyle mükemmel ürün,5,Erkek %100 Pamuk Antrasit Polo Yaka Düz T-shirt E001004,Avva,her şeyiyle mükemmel ürün,Pozitif
ürün muhteşem,5,Erkek %100 Pamuk Antrasit Polo Yaka Düz T-shirt E001004,Avva,ürün muhteşem,Pozitif
harika bir ürün,5,Erkek %100 Pamuk Antrasit Polo Yaka Düz T-shirt E001004,Avva,harika bir ürün,Pozitif
gayet güzel ve kaliteli,5,Erkek %100 Pamuk Antrasit Polo Yaka Düz T-shirt E001004,Avva,gayet güzel ve kaliteli,Pozitif
Harikaaaaaaa,5,Erkek %100 Pamuk Antrasit Polo Yaka Düz T-shirt E001004,Avva,harikaaaaaaa,Pozitif
Güzel bi ürüb,5,Erkek %100 Pamuk Antrasit Polo Yaka Düz T-shirt E001004,Avva,güzel bi ürüb,Pozitif
Avva iyi bir Marka.urun de güzel. ve hızlı bir şekilde teslim edildi.,5,Erkek %100 Pamuk Antrasit Polo Yaka Düz T-shirt E001004,Avva,avva iyi bir markaurun de güzel ve hızlı bir şekilde teslim edildi,Pozitif
Kardeşime aldım gayet güzel,5,Erkek %100 Pamuk Antrasit Polo Yaka Düz T-shirt E001004,Avva,kardeşime aldım gayet güzel,Pozitif
Tam oldu çok güzel,5,Erkek %100 Pamuk Antrasit Polo Yaka Düz T-shirt E001004,Avva,tam oldu çok güzel,Pozitif
kampayadan uygun fiyata aldım . ürün kaliteli,5,Erkek %100 Pamuk Antrasit Polo Yaka Düz T-shirt E001004,Avva,kampayadan uygun fiyata aldım ürün kaliteli,Pozitif
Ürün güzel,4,Erkek %100 Pamuk Antrasit Polo Yaka Düz T-shirt E001004,Avva,ürün güzel,Pozitif
Kaliteli dokusu var,4,Erkek %100 Pamuk Antrasit Polo Yaka Düz T-shirt E001004,Avva,kaliteli dokusu var,Pozitif
Zamanında geldi esim çok begendi,5,Erkek %100 Pamuk Antrasit Polo Yaka Düz T-shirt E001004,Avva,zamanında geldi esim çok begendi,Pozitif
Çok beğendim %100 pamuklu tavsiye ederim,5,Erkek %100 Pamuk Antrasit Polo Yaka Düz T-shirt E001004,Avva,çok beğendim pamuklu tavsiye ederim,Pozitif
Ürün çok hızlı ulaştı gayet güzel Ürün.,5,Erkek %100 Pamuk Antrasit Polo Yaka Düz T-shirt E001004,Avva,ürün çok hızlı ulaştı gayet güzel ürün,Pozitif
Gayet kaliteli hızlı kargo,5,Erkek %100 Pamuk Antrasit Polo Yaka Düz T-shirt E001004,Avva,gayet kaliteli hızlı kargo,Pozitif
Babam için aldım çok beğendi,5,Erkek %100 Pamuk Antrasit Polo Yaka Düz T-shirt E001004,Avva,babam için aldım çok beğendi,Pozitif
Harika hemen hemen her rengini aldık. Mutlaka alın aldırııın.,5,Erkek %100 Pamuk Antrasit Polo Yaka Düz T-shirt E001004,Avva,harika hemen hemen her rengini aldık mutlaka alın aldırııın,Pozitif
Güzel çok beğendik,5,Erkek %100 Pamuk Antrasit Polo Yaka Düz T-shirt E001004,Avva,güzel çok beğendik,Pozitif
oldukça kaliteli eşime aldım çok begendi,5,Erkek %100 Pamuk Antrasit Polo Yaka Düz T-shirt E001004,Avva,oldukça kaliteli eşime aldım çok begendi,Pozitif
cok iyi tvsiye ederim,5,Erkek %100 Pamuk Antrasit Polo Yaka Düz T-shirt E001004,Avva,cok iyi tvsiye ederim,Pozitif
kaliteli beğendik,4,Erkek %100 Pamuk Antrasit Polo Yaka Düz T-shirt E001004,Avva,kaliteli beğendik,Pozitif
Kaliteli bir ürün. Çok begendim.,5,Erkek %100 Pamuk Antrasit Polo Yaka Düz T-shirt E001004,Avva,kaliteli bir ürün çok begendim,Pozitif
Harika ürünler. Çok teşekkür ederim.,5,Erkek %100 Pamuk Antrasit Polo Yaka Düz T-shirt E001004,Avva,harika ürünler çok teşekkür ederim,Pozitif
Teşekkürler,5,Erkek %100 Pamuk Antrasit Polo Yaka Düz T-shirt E001004,Avva,teşekkürler,Pozitif
gayet kaliteli,4,Erkek %100 Pamuk Antrasit Polo Yaka Düz T-shirt E001004,Avva,gayet kaliteli,Pozitif
bayıldımmmm,4,Erkek %100 Pamuk Antrasit Polo Yaka Düz T-shirt E001004,Avva,bayıldımmmm,Pozitif
Güzel ürün,5,Erkek %100 Pamuk Vizon Slim Fit Bisiklet Yaka T-Shirt E001000,Avva,güzel ürün,Pozitif
cuma pazarı,1,Erkek %100 Pamuk Vizon Slim Fit Bisiklet Yaka T-Shirt E001000,Avva,cuma pazarı,Negatif
indirimden aldım,4,Erkek %100 Pamuk Vizon Slim Fit Bisiklet Yaka T-Shirt E001000,Avva,indirimden aldım,Pozitif
Çok güzel eşime aldım severek giyiyor,5,Erkek %100 Pamuk Vizon Slim Fit Bisiklet Yaka T-Shirt E001000,Avva,çok güzel eşime aldım severek giyiyor,Pozitif
guzel urun,5,Erkek %100 Pamuk Vizon Slim Fit Bisiklet Yaka T-Shirt E001000,Avva,guzel urun,Pozitif
güzel ürün,5,Erkek %100 Pamuk Vizon Slim Fit Bisiklet Yaka T-Shirt E001000,Avva,güzel ürün,Pozitif
🤌 çok güzel geldi ürün,5,Erkek %100 Pamuk Vizon Slim Fit Bisiklet Yaka T-Shirt E001000,Avva,çok güzel geldi ürün,Pozitif
Güzel ürün.,5,Erkek %100 Pamuk Vizon Slim Fit Bisiklet Yaka T-Shirt E001000,Avva,güzel ürün,Pozitif
Beyendik cox rahat 👍🏻👍🏻👍🏻,5,Erkek %100 Pamuk Vizon Slim Fit Bisiklet Yaka T-Shirt E001000,Avva,beyendik cox rahat,Pozitif
Kalitesi çok güzel babam için aldım bayıldık,5,Erkek %100 Pamuk Vizon Slim Fit Bisiklet Yaka T-Shirt E001000,Avva,kalitesi çok güzel babam için aldım bayıldık,Pozitif
eşime beğenerek aldım çok memnunum tavsiye ederim herkese🥰🥰🥰,5,Erkek %100 Pamuk Vizon Slim Fit Bisiklet Yaka T-Shirt E001000,Avva,eşime beğenerek aldım çok memnunum tavsiye ederim herkese,Pozitif
Beğendim çok rahat güzel ürün,5,Erkek %100 Pamuk Vizon Slim Fit Bisiklet Yaka T-Shirt E001000,Avva,beğendim çok rahat güzel ürün,Pozitif
Güzel ürün,4,Erkek %100 Pamuk Vizon Slim Fit Bisiklet Yaka T-Shirt E001000,Avva,güzel ürün,Pozitif
güzel urun,5,Erkek %100 Pamuk Vizon Slim Fit Bisiklet Yaka T-Shirt E001000,Avva,güzel urun,Pozitif
güzel alinabilir,4,Erkek %100 Pamuk Vizon Slim Fit Bisiklet Yaka T-Shirt E001000,Avva,güzel alinabilir,Pozitif
Kaliteli. Teşekkürler,5,Erkek %100 Pamuk Vizon Slim Fit Bisiklet Yaka T-Shirt E001000,Avva,kaliteli teşekkürler,Pozitif
Kalitesi muhteşem,5,Erkek %100 Pamuk Vizon Slim Fit Bisiklet Yaka T-Shirt E001000,Avva,kalitesi muhteşem,Pozitif
on numara 5 yıldız,5,Erkek %100 Pamuk Vizon Slim Fit Bisiklet Yaka T-Shirt E001000,Avva,on numara yıldız,Pozitif
Gayet uygun ve kaliteli eşime aldım çok beğendi,5,Erkek %100 Pamuk Vizon Slim Fit Bisiklet Yaka T-Shirt E001000,Avva,gayet uygun ve kaliteli eşime aldım çok beğendi,Pozitif
1.75 boy 90 kilo xl tam oldu,5,Erkek %100 Pamuk Vizon Slim Fit Bisiklet Yaka T-Shirt E001000,Avva,boy kilo xl tam oldu,Pozitif
mükemmel ürün,5,Erkek %100 Pamuk Vizon Slim Fit Bisiklet Yaka T-Shirt E001000,Avva,mükemmel ürün,Pozitif
Avva kalitesi gayet rahat,5,Erkek %100 Pamuk Vizon Slim Fit Bisiklet Yaka T-Shirt E001000,Avva,avva kalitesi gayet rahat,Pozitif
Çok güzel ve rahat alabilirsiniz,5,Erkek %100 Pamuk Vizon Slim Fit Bisiklet Yaka T-Shirt E001000,Avva,çok güzel ve rahat alabilirsiniz,Pozitif
Beğendik güzel,5,Erkek %100 Pamuk Vizon Slim Fit Bisiklet Yaka T-Shirt E001000,Avva,beğendik güzel,Pozitif
Guzel begendı eşim,4,Erkek %100 Pamuk Vizon Slim Fit Bisiklet Yaka T-Shirt E001000,Avva,guzel begendı eşim,Pozitif
kaliteli harika bir urun hızlı kargo teşekkür ederim,5,Erkek %100 Pamuk Vizon Slim Fit Bisiklet Yaka T-Shirt E001000,Avva,kaliteli harika bir urun hızlı kargo teşekkür ederim,Pozitif
Harika oldu,5,Erkek %100 Pamuk Vizon Slim Fit Bisiklet Yaka T-Shirt E001000,Avva,harika oldu,Pozitif
guzel bir urun,5,Erkek %100 Pamuk Vizon Slim Fit Bisiklet Yaka T-Shirt E001000,Avva,guzel bir urun,Pozitif
Cok guzellllll,3,Erkek %100 Pamuk Vizon Slim Fit Bisiklet Yaka T-Shirt E001000,Avva,cok guzellllll,Nötr
Çok güzel beğendik,4,Erkek %100 Pamuk Vizon Slim Fit Bisiklet Yaka T-Shirt E001000,Avva,çok güzel beğendik,Pozitif
İndirimdeyken eşime aldım gerçekten çok güzel ve kaliteli,5,Erkek %100 Pamuk Koyu Bordo Slim Fit Bisiklet Yaka T-shirt E001000,Avva,indirimdeyken eşime aldım gerçekten çok güzel ve kaliteli,Pozitif
İndirimden almıştım gayet güzel,4,Erkek %100 Pamuk Koyu Bordo Slim Fit Bisiklet Yaka T-shirt E001000,Avva,indirimden almıştım gayet güzel,Pozitif
indirimden 38 liraya aldım kaliteli bir ürün,5,Erkek %100 Pamuk Koyu Bordo Slim Fit Bisiklet Yaka T-shirt E001000,Avva,indirimden liraya aldım kaliteli bir ürün,Pozitif
çok begendik eşime aldım,5,Erkek %100 Pamuk Koyu Bordo Slim Fit Bisiklet Yaka T-shirt E001000,Avva,çok begendik eşime aldım,Pozitif
Güzel kaliteli ürün,4,Erkek %100 Pamuk Koyu Bordo Slim Fit Bisiklet Yaka T-shirt E001000,Avva,güzel kaliteli ürün,Pozitif
kampanyada 45 TL adim,5,Erkek %100 Pamuk Koyu Bordo Slim Fit Bisiklet Yaka T-shirt E001000,Avva,kampanyada tl adim,Pozitif
Kaliteli indirimli almıştım,5,Erkek %100 Pamuk Koyu Bordo Slim Fit Bisiklet Yaka T-shirt E001000,Avva,kaliteli indirimli almıştım,Pozitif
çok rahat bir ürün.,4,Erkek %100 Pamuk Koyu Bordo Slim Fit Bisiklet Yaka T-shirt E001000,Avva,çok rahat bir ürün,Pozitif
Çok kaliteli ürün,5,Erkek %100 Pamuk Koyu Bordo Slim Fit Bisiklet Yaka T-shirt E001000,Avva,çok kaliteli ürün,Pozitif
Güzel ürün,5,Erkek %100 Pamuk Koyu Bordo Slim Fit Bisiklet Yaka T-shirt E001000,Avva,güzel ürün,Pozitif
Güzel ürün.,5,Erkek %100 Pamuk Koyu Bordo Slim Fit Bisiklet Yaka T-shirt E001000,Avva,güzel ürün,Pozitif
Kalitesi çok güzel babam için aldım bayıldık,5,Erkek %100 Pamuk Koyu Bordo Slim Fit Bisiklet Yaka T-shirt E001000,Avva,kalitesi çok güzel babam için aldım bayıldık,Pozitif
gayet kaliteli ürün,5,Erkek %100 Pamuk Koyu Bordo Slim Fit Bisiklet Yaka T-shirt E001000,Avva,gayet kaliteli ürün,Pozitif
Teşekkürler 👏Güzel ürün,5,Erkek %100 Pamuk Koyu Bordo Slim Fit Bisiklet Yaka T-shirt E001000,Avva,teşekkürler güzel ürün,Pozitif
Beğendim çok rahat güzel ürün,5,Erkek %100 Pamuk Koyu Bordo Slim Fit Bisiklet Yaka T-shirt E001000,Avva,beğendim çok rahat güzel ürün,Pozitif
güzel ürün,4,Erkek %100 Pamuk Koyu Bordo Slim Fit Bisiklet Yaka T-shirt E001000,Avva,güzel ürün,Pozitif
cok iyi tesekkurler,5,Erkek %100 Pamuk Koyu Bordo Slim Fit Bisiklet Yaka T-shirt E001000,Avva,cok iyi tesekkurler,Pozitif
Kaliteli ve hoş bir ürün tavsiye ederim,4,Erkek %100 Pamuk Koyu Bordo Slim Fit Bisiklet Yaka T-shirt E001000,Avva,kaliteli ve hoş bir ürün tavsiye ederim,Pozitif
hoş bir ürün,5,Erkek %100 Pamuk Koyu Bordo Slim Fit Bisiklet Yaka T-shirt E001000,Avva,hoş bir ürün,Pozitif
Çook güzel bir ürün,5,Erkek %100 Pamuk Koyu Bordo Slim Fit Bisiklet Yaka T-shirt E001000,Avva,çook güzel bir ürün,Pozitif
AVVA kalitesi zaten belli çok begendik,5,Erkek %100 Pamuk Koyu Bordo Slim Fit Bisiklet Yaka T-shirt E001000,Avva,avva kalitesi zaten belli çok begendik,Pozitif
Çok güzel eşim çok begendi,5,Erkek %100 Pamuk Koyu Bordo Slim Fit Bisiklet Yaka T-shirt E001000,Avva,çok güzel eşim çok begendi,Pozitif
Kaliteli. Teşekkürler,5,Erkek %100 Pamuk Koyu Bordo Slim Fit Bisiklet Yaka T-shirt E001000,Avva,kaliteli teşekkürler,Pozitif
ürün kaliteli güzel,5,Erkek %100 Pamuk Koyu Bordo Slim Fit Bisiklet Yaka T-shirt E001000,Avva,ürün kaliteli güzel,Pozitif
ogluma aldım gündelik için çok güzel,5,Erkek %100 Pamuk Koyu Bordo Slim Fit Bisiklet Yaka T-shirt E001000,Avva,ogluma aldım gündelik için çok güzel,Pozitif
çok teşekkür ederim gerçekten bekledim de daha kaliteli ve güzel çıktı herkes rahatlıkla alabilir,5,Erkek %100 Pamuk Koyu Bordo Slim Fit Bisiklet Yaka T-shirt E001000,Avva,çok teşekkür ederim gerçekten bekledim de daha kaliteli ve güzel çıktı herkes rahatlıkla alabilir,Pozitif
"eşime ve kendime aldım ikimizde severek kullanıyoruz, kalitesi çok güzel",5,Erkek %100 Pamuk Koyu Bordo Slim Fit Bisiklet Yaka T-shirt E001000,Avva,eşime ve kendime aldım ikimizde severek kullanıyoruz kalitesi çok güzel,Pozitif
Nişanlıma aldım mükemmel çok sevdik,5,Erkek %100 Pamuk Koyu Bordo Slim Fit Bisiklet Yaka T-shirt E001000,Avva,nişanlıma aldım mükemmel çok sevdik,Pozitif
eşime aldm cok begendi ürün gayet güzel,5,Erkek %100 Pamuk Koyu Bordo Slim Fit Bisiklet Yaka T-shirt E001000,Avva,eşime aldm cok begendi ürün gayet güzel,Pozitif
Eşime aldım bayıldık,5,Erkek %100 Pamuk Koyu Bordo Slim Fit Bisiklet Yaka T-shirt E001000,Avva,eşime aldım bayıldık,Pozitif
Ürün çok rahat teşekkür ederim,5,3 Lü Pamuklu Hipster Külot ST0045601,Suwen,ürün çok rahat teşekkür ederim,Pozitif
Güzel ama beni biraz sıktırdı.Bir beden büyük alabilirmişim,3,3 Lü Pamuklu Hipster Külot ST0045601,Suwen,güzel ama beni biraz sıktırdıbir beden büyük alabilirmişim,Nötr
Ürün kalitesi çok güzel kargolama hızlıydı. Almak isteyen arkadaşlar bir beden büyük tercih edebilirler normalde suwende m giyiyorum fakat bunu L almalıymışım. Kızıma verdim küçük geldiği için,5,3 Lü Pamuklu Hipster Külot ST0045601,Suwen,ürün kalitesi çok güzel kargolama hızlıydı almak isteyen arkadaşlar bir beden büyük tercih edebilirler normalde suwende m giyiyorum fakat bunu l almalıymışım kızıma verdim küçük geldiği için,Pozitif
170 53 kg M beden tercih ettım gayet guzel oldu,5,3 Lü Pamuklu Hipster Külot ST0045601,Suwen,kg m beden tercih ettım gayet guzel oldu,Pozitif
Aşırı kaliteli çok güzeller,5,3 Lü Pamuklu Hipster Külot ST0045601,Suwen,aşırı kaliteli çok güzeller,Pozitif
Çok kaliteli ürünler🌸💜,5,3 Lü Pamuklu Hipster Külot ST0045601,Suwen,çok kaliteli ürünler,Pozitif
gayet düzgün,5,3 Lü Pamuklu Hipster Külot ST0045601,Suwen,gayet düzgün,Pozitif
Suwen kalitesi çok güzel 👍🏻,5,3 Lü Pamuklu Hipster Külot ST0045601,Suwen,suwen kalitesi çok güzel,Pozitif
3 yıkamada kenarlarından ipler çıkmaya başladı. Dokusu güzel ama değer mi tartışılır,4,3 Lü Pamuklu Hipster Külot ST0045601,Suwen,yıkamada kenarlarından ipler çıkmaya başladı dokusu güzel ama değer mi tartışılır,Pozitif
Begendim lastikleri kaliteli,4,3 Lü Pamuklu Hipster Külot ST0045601,Suwen,begendim lastikleri kaliteli,Pozitif
Spor şık ve çok kaliteli. Ben bir beden büyük aldım ve çok dar sevmediğim için tam oldu.,5,3 Lü Pamuklu Hipster Külot ST0045601,Suwen,spor şık ve çok kaliteli ben bir beden büyük aldım ve çok dar sevmediğim için tam oldu,Pozitif
bi beden büyük alabilirsiniz bence çok hos duruyo CK muadili diyebilirim,5,3 Lü Pamuklu Hipster Külot ST0045601,Suwen,bi beden büyük alabilirsiniz bence çok hos duruyo ck muadili diyebilirim,Pozitif
Yumuşacık kumaşı,5,3 Lü Pamuklu Hipster Külot ST0045601,Suwen,yumuşacık kumaşı,Pozitif
güzel gözüküyor ve rahat fakat birkaç yıkamada ipleri çıktı.,3,3 Lü Pamuklu Hipster Külot ST0045601,Suwen,güzel gözüküyor ve rahat fakat birkaç yıkamada ipleri çıktı,Nötr
Çok beğendim kumaşı duruşu harika,5,3 Lü Pamuklu Hipster Külot ST0045601,Suwen,çok beğendim kumaşı duruşu harika,Pozitif
Beden olarak bir ya da iki beden büyük alınabilir. Normalde M giyiyorum L aldım yine de lastikten biraz sıktı. Kumaş ve model olarak çok güzel 2 paket aldım indirimden 👍🏼,5,3 Lü Pamuklu Hipster Külot ST0045601,Suwen,beden olarak bir ya da iki beden büyük alınabilir normalde m giyiyorum l aldım yine de lastikten biraz sıktı kumaş ve model olarak çok güzel paket aldım indirimden,Pozitif
Kalitesini beğenmedim bu markadan beklentim yumuşak kumaştı,1,3 Lü Pamuklu Hipster Külot ST0045601,Suwen,kalitesini beğenmedim bu markadan beklentim yumuşak kumaştı,Negatif
kendi bedenimi aldım çok güzel oldu,5,3 Lü Pamuklu Hipster Külot ST0045601,Suwen,kendi bedenimi aldım çok güzel oldu,Pozitif
Fiyatı tekrar düşse de alsam diye beklediğim çok yumuşak iç çamaşırları,4,3 Lü Pamuklu Hipster Külot ST0045601,Suwen,fiyatı tekrar düşse de alsam diye beklediğim çok yumuşak iç çamaşırları,Pozitif
bence gayet güzel dokusu yumuşacık kaliteli,4,3 Lü Pamuklu Hipster Külot ST0045601,Suwen,bence gayet güzel dokusu yumuşacık kaliteli,Pozitif
Hiç rahat değil.,1,3 Lü Pamuklu Hipster Külot ST0045601,Suwen,hiç rahat değil,Negatif
Harika bir ürün bayıldım yumuşacık ve çok kaliteli M giyiniyorum L aldım ama Xl de alsam olur Muş kenar lastikleri bir tık sıkıyor,5,3 Lü Pamuklu Hipster Külot ST0045601,Suwen,harika bir ürün bayıldım yumuşacık ve çok kaliteli m giyiniyorum l aldım ama xl de alsam olur muş kenar lastikleri bir tık sıkıyor,Pozitif
Resimde olan geldi. Çok kaliteli ve şık. Bir beden büyük alınabilir. İndirimdeyken aldım herkes alsın,5,3 Lü Pamuklu Hipster Külot ST0045601,Suwen,resimde olan geldi çok kaliteli ve şık bir beden büyük alınabilir indirimdeyken aldım herkes alsın,Pozitif
"Lastiği biraz sert geldi bu model için ama kumaşı gayet güzel, genel olarak suweni kaliteli ve rahat buluyorum.",4,3 Lü Pamuklu Hipster Külot ST0045601,Suwen,lastiği biraz sert geldi bu model için ama kumaşı gayet güzel genel olarak suweni kaliteli ve rahat buluyorum,Pozitif
Pek rahat bulmadım. Lastiği biraz sıkı ve sert,3,3 Lü Pamuklu Hipster Külot ST0045601,Suwen,pek rahat bulmadım lastiği biraz sıkı ve sert,Nötr
model guzel fakat yumusak bir kulot beklemeyin,2,3 Lü Pamuklu Hipster Külot ST0045601,Suwen,model guzel fakat yumusak bir kulot beklemeyin,Negatif
Yan kısımları çok sert,1,3 Lü Pamuklu Hipster Külot ST0045601,Suwen,yan kısımları çok sert,Negatif
Beden olarak bir beden büyük alabilirsiniz kumaş ve duruş olarak çok güzel,5,3 Lü Pamuklu Hipster Külot ST0045601,Suwen,beden olarak bir beden büyük alabilirsiniz kumaş ve duruş olarak çok güzel,Pozitif
Kumaş kalitesi güzel. 1.76 boy 61 kiloyum yorumlara bakarak L beden aldım tam oldu.,5,3 Lü Pamuklu Hipster Külot ST0045601,Suwen,kumaş kalitesi güzel boy kiloyum yorumlara bakarak l beden aldım tam oldu,Pozitif
bir beden büyük alın. çok güzel ve spor,5,3 Lü Pamuklu Hipster Külot ST0045601,Suwen,bir beden büyük alın çok güzel ve spor,Pozitif
fiyatina gore cok iyi indirime girmesini bekliyodum tekrardan alicam,5,Erkek %100 Pamuk Yeşil Düz Alttan Britli Yaka Regular Fit Uzun Kol Vual Gömlek E002206,Avva,fiyatina gore cok iyi indirime girmesini bekliyodum tekrardan alicam,Pozitif
cok guzel dedeme cok yakisti,5,Erkek %100 Pamuk Yeşil Düz Alttan Britli Yaka Regular Fit Uzun Kol Vual Gömlek E002206,Avva,cok guzel dedeme cok yakisti,Pozitif
sevgilime aldım cok beğendi dokusu harika,5,Erkek %100 Pamuk Yeşil Düz Alttan Britli Yaka Regular Fit Uzun Kol Vual Gömlek E002206,Avva,sevgilime aldım cok beğendi dokusu harika,Pozitif
İndirimde çok uygun bi fiyata aldım yazlık bi gömlek beğendim,5,Erkek %100 Pamuk Yeşil Düz Alttan Britli Yaka Regular Fit Uzun Kol Vual Gömlek E002206,Avva,indirimde çok uygun bi fiyata aldım yazlık bi gömlek beğendim,Pozitif
Dokusu çok güzel,5,Erkek %100 Pamuk Yeşil Düz Alttan Britli Yaka Regular Fit Uzun Kol Vual Gömlek E002206,Avva,dokusu çok güzel,Pozitif
Dokusu ve kalitesi çok güzel,5,Erkek %100 Pamuk Yeşil Düz Alttan Britli Yaka Regular Fit Uzun Kol Vual Gömlek E002206,Avva,dokusu ve kalitesi çok güzel,Pozitif
Güzel şık bir gömlek sorunsuz hemen elime ulaştı,5,Erkek %100 Pamuk Yeşil Düz Alttan Britli Yaka Regular Fit Uzun Kol Vual Gömlek E002206,Avva,güzel şık bir gömlek sorunsuz hemen elime ulaştı,Pozitif
çabuk kırışıyor ama tam yazlık ve kaliteli bir ürün,5,Erkek %100 Pamuk Yeşil Düz Alttan Britli Yaka Regular Fit Uzun Kol Vual Gömlek E002206,Avva,çabuk kırışıyor ama tam yazlık ve kaliteli bir ürün,Pozitif
Babama aldık kaliteli,4,Erkek %100 Pamuk Yeşil Düz Alttan Britli Yaka Regular Fit Uzun Kol Vual Gömlek E002206,Avva,babama aldık kaliteli,Pozitif
ürünler gayet güzeldi tam yazlık tril tril,5,Erkek %100 Pamuk Yeşil Düz Alttan Britli Yaka Regular Fit Uzun Kol Vual Gömlek E002206,Avva,ürünler gayet güzeldi tam yazlık tril tril,Pozitif
Eşime aldım tam oldu,3,Erkek %100 Pamuk Yeşil Düz Alttan Britli Yaka Regular Fit Uzun Kol Vual Gömlek E002206,Avva,eşime aldım tam oldu,Nötr
Hediye olarak almıştık göründüğü gibi geldi sorunsuz elime ulaştı. Sadece kuryenin adresi yanlış anlayıp diğer adresime götürmesi dışında problem yok 🤣,4,Erkek %100 Pamuk Yeşil Düz Alttan Britli Yaka Regular Fit Uzun Kol Vual Gömlek E002206,Avva,hediye olarak almıştık göründüğü gibi geldi sorunsuz elime ulaştı sadece kuryenin adresi yanlış anlayıp diğer adresime götürmesi dışında problem yok,Pozitif
güzel ürün,5,Erkek %100 Pamuk Yeşil Düz Alttan Britli Yaka Regular Fit Uzun Kol Vual Gömlek E002206,Avva,güzel ürün,Pozitif
Babama doğum günü hediyesi olarak aldım. çok kaliteli tam yazlık.,5,Erkek %100 Pamuk Yeşil Düz Alttan Britli Yaka Regular Fit Uzun Kol Vual Gömlek E002206,Avva,babama doğum günü hediyesi olarak aldım çok kaliteli tam yazlık,Pozitif
tam yazlık bir gömlek,5,Erkek %100 Pamuk Yeşil Düz Alttan Britli Yaka Regular Fit Uzun Kol Vual Gömlek E002206,Avva,tam yazlık bir gömlek,Pozitif
yazlık bir gomlek,5,Erkek %100 Pamuk Yeşil Düz Alttan Britli Yaka Regular Fit Uzun Kol Vual Gömlek E002206,Avva,yazlık bir gomlek,Pozitif
yazlık hoş bir gömlek,5,Erkek %100 Pamuk Yeşil Düz Alttan Britli Yaka Regular Fit Uzun Kol Vual Gömlek E002206,Avva,yazlık hoş bir gömlek,Pozitif
tam yazlık güzel bir gomlek,5,Erkek %100 Pamuk Yeşil Düz Alttan Britli Yaka Regular Fit Uzun Kol Vual Gömlek E002206,Avva,tam yazlık güzel bir gomlek,Pozitif
tam yazlık bir gömlek...,5,Erkek %100 Pamuk Yeşil Düz Alttan Britli Yaka Regular Fit Uzun Kol Vual Gömlek E002206,Avva,tam yazlık bir gömlek,Pozitif
güzel gömlek,5,Erkek %100 Pamuk Yeşil Düz Alttan Britli Yaka Regular Fit Uzun Kol Vual Gömlek E002206,Avva,güzel gömlek,Pozitif
Kullanışlı ve şık,5,Erkek %100 Pamuk Yeşil Düz Alttan Britli Yaka Regular Fit Uzun Kol Vual Gömlek E002206,Avva,kullanışlı ve şık,Pozitif
güzel pamuklu yumuşacık,5,Erkek %100 Pamuk Yeşil Düz Alttan Britli Yaka Regular Fit Uzun Kol Vual Gömlek E002206,Avva,güzel pamuklu yumuşacık,Pozitif
Kumaşı Avva kalitesinde değil.,4,Erkek %100 Pamuk Yeşil Düz Alttan Britli Yaka Regular Fit Uzun Kol Vual Gömlek E002206,Avva,kumaşı avva kalitesinde değil,Pozitif
Kesinlikle alınması gereken yumuşacık dokusu olan bir ürün çok begendik,5,Erkek %100 Pamuk Yeşil Düz Alttan Britli Yaka Regular Fit Uzun Kol Vual Gömlek E002206,Avva,kesinlikle alınması gereken yumuşacık dokusu olan bir ürün çok begendik,Pozitif
Bayıldım gerçekten kumaşı efsane,5,Erkek %100 Pamuk Yeşil Düz Alttan Britli Yaka Regular Fit Uzun Kol Vual Gömlek E002206,Avva,bayıldım gerçekten kumaşı efsane,Pozitif
çok güzel tam bir f/p ürünü,5,Erkek %100 Pamuk Yeşil Düz Alttan Britli Yaka Regular Fit Uzun Kol Vual Gömlek E002206,Avva,çok güzel tam bir fp ürünü,Pozitif
100 liraya mükemmel,5,Erkek %100 Pamuk Yeşil Düz Alttan Britli Yaka Regular Fit Uzun Kol Vual Gömlek E002206,Avva,liraya mükemmel,Pozitif
Gayet yumuşak bir kumaşı var yaza uygun biz beğendik tavsiye ederizz,5,Erkek %100 Pamuk Yeşil Düz Alttan Britli Yaka Regular Fit Uzun Kol Vual Gömlek E002206,Avva,gayet yumuşak bir kumaşı var yaza uygun biz beğendik tavsiye ederizz,Pozitif
harika bir kumaş kesinlikle tavsiye ediyorum,5,Erkek %100 Pamuk Yeşil Düz Alttan Britli Yaka Regular Fit Uzun Kol Vual Gömlek E002206,Avva,harika bir kumaş kesinlikle tavsiye ediyorum,Pozitif
gayet güzel şık,4,Erkek %100 Pamuk Yeşil Düz Alttan Britli Yaka Regular Fit Uzun Kol Vual Gömlek E002206,Avva,gayet güzel şık,Pozitif
çok rahat bir tişört teşekkürler trendyol,5,Erkek %100 Pamuk Antrasit Slim Fit Bisiklet Yaka T-shirt E001000,Avva,çok rahat bir tişört teşekkürler trendyol,Pozitif
cuma pazarı,1,Erkek %100 Pamuk Antrasit Slim Fit Bisiklet Yaka T-shirt E001000,Avva,cuma pazarı,Negatif
fiyat performans ürünü. indirimdeyken baya uyguna almıştık,4,Erkek %100 Pamuk Antrasit Slim Fit Bisiklet Yaka T-shirt E001000,Avva,fiyat performans ürünü indirimdeyken baya uyguna almıştık,Pozitif
biraz yumuşak olsaydı daha iyi olurdu ama yine de iyi🙂,3,Erkek %100 Pamuk Antrasit Slim Fit Bisiklet Yaka T-shirt E001000,Avva,biraz yumuşak olsaydı daha iyi olurdu ama yine de iyi,Nötr
kaliteli ürün,4,Erkek %100 Pamuk Antrasit Slim Fit Bisiklet Yaka T-shirt E001000,Avva,kaliteli ürün,Pozitif
harika ürün,5,Erkek %100 Pamuk Antrasit Slim Fit Bisiklet Yaka T-shirt E001000,Avva,harika ürün,Pozitif
Güzel ürün,4,Erkek %100 Pamuk Antrasit Slim Fit Bisiklet Yaka T-shirt E001000,Avva,güzel ürün,Pozitif
Kalitesi çok güzel babam için aldım bayıldık,5,Erkek %100 Pamuk Antrasit Slim Fit Bisiklet Yaka T-shirt E001000,Avva,kalitesi çok güzel babam için aldım bayıldık,Pozitif
Nişanlıma aldım güzel,3,Erkek %100 Pamuk Antrasit Slim Fit Bisiklet Yaka T-shirt E001000,Avva,nişanlıma aldım güzel,Nötr
gayet şık alınabilir,3,Erkek %100 Pamuk Antrasit Slim Fit Bisiklet Yaka T-shirt E001000,Avva,gayet şık alınabilir,Nötr
"oğlum için aldım , memnun kaldım",5,Erkek %100 Pamuk Antrasit Slim Fit Bisiklet Yaka T-shirt E001000,Avva,oğlum için aldım memnun kaldım,Pozitif
Babama aldım kalitesini çok begendi avva kalitesi,4,Erkek %100 Pamuk Antrasit Slim Fit Bisiklet Yaka T-shirt E001000,Avva,babama aldım kalitesini çok begendi avva kalitesi,Pozitif
şık ve rahat,5,Erkek %100 Pamuk Antrasit Slim Fit Bisiklet Yaka T-shirt E001000,Avva,şık ve rahat,Pozitif
Çok güzel ve rahat bir ürün,5,Erkek %100 Pamuk Antrasit Slim Fit Bisiklet Yaka T-shirt E001000,Avva,çok güzel ve rahat bir ürün,Pozitif
manitama aldım güzeldi,5,Erkek %100 Pamuk Antrasit Slim Fit Bisiklet Yaka T-shirt E001000,Avva,manitama aldım güzeldi,Pozitif
Güzel ürün,4,Erkek %100 Pamuk Antrasit Slim Fit Bisiklet Yaka T-shirt E001000,Avva,güzel ürün,Pozitif
Güzel ürün,5,Erkek %100 Pamuk Antrasit Slim Fit Bisiklet Yaka T-shirt E001000,Avva,güzel ürün,Pozitif
cok sik rahatvrenk te resimdeki gibi,5,Erkek %100 Pamuk Antrasit Slim Fit Bisiklet Yaka T-shirt E001000,Avva,cok sik rahatvrenk te resimdeki gibi,Pozitif
Kardeşim çok sevdi,4,Erkek %100 Pamuk Antrasit Slim Fit Bisiklet Yaka T-shirt E001000,Avva,kardeşim çok sevdi,Pozitif
Kaliteli ve güzel,4,Erkek %100 Pamuk Antrasit Slim Fit Bisiklet Yaka T-shirt E001000,Avva,kaliteli ve güzel,Pozitif
Kaliteli. Teşekkürler,5,Erkek %100 Pamuk Antrasit Slim Fit Bisiklet Yaka T-shirt E001000,Avva,kaliteli teşekkürler,Pozitif
teşekkürler,4,Erkek %100 Pamuk Antrasit Slim Fit Bisiklet Yaka T-shirt E001000,Avva,teşekkürler,Pozitif
Çok güzel çok iyi,5,Erkek %100 Pamuk Antrasit Slim Fit Bisiklet Yaka T-shirt E001000,Avva,çok güzel çok iyi,Pozitif
çok rahat ve güzel,5,Erkek %100 Pamuk Antrasit Slim Fit Bisiklet Yaka T-shirt E001000,Avva,çok rahat ve güzel,Pozitif
👏👏👏AVVA 👏👏💪,5,Erkek %100 Pamuk Antrasit Slim Fit Bisiklet Yaka T-shirt E001000,Avva,avva,Pozitif
Eşime almıştım çok beğendi,5,Erkek %100 Pamuk Antrasit Slim Fit Bisiklet Yaka T-shirt E001000,Avva,eşime almıştım çok beğendi,Pozitif
"Eşime aldım, çok güxel",5,Erkek %100 Pamuk Antrasit Slim Fit Bisiklet Yaka T-shirt E001000,Avva,eşime aldım çok güxel,Pozitif
sağlam guzekll,4,Erkek %100 Pamuk Antrasit Slim Fit Bisiklet Yaka T-shirt E001000,Avva,sağlam guzekll,Pozitif
👍🏼👍🏼👍🏼 gayet hoş,4,Erkek %100 Pamuk Antrasit Slim Fit Bisiklet Yaka T-shirt E001000,Avva,gayet hoş,Pozitif
On numara tişört daha ne olsun,5,Erkek %100 Pamuk Antrasit Slim Fit Bisiklet Yaka T-shirt E001000,Avva,on numara tişört daha ne olsun,Pozitif
Ürün içeriği yazmadığı için tereddüt etmiştim fakat hoş alın bu fiyata bulamazsiniz pamuk oranı yuksek,5,"Erkek Spor Sweatshirt - Blank Base Men""s FZ Hoodie TR - 67401201",Puma,ürün içeriği yazmadığı için tereddüt etmiştim fakat hoş alın bu fiyata bulamazsiniz pamuk oranı yuksek,Pozitif
"ürün kusurlu geldi. dekolte yerindeki iplerden biri uzun doğru düzgün durmuyor bile ,zaten 8 günde elime ulaştı bidaha iadeyle uğraşmak istemediğim için kendim söküp kisaltmayi deneyeceğim",2,Fall In Love Dantelli Pedli Triangle Bralet R6569AZ22SP,Defacto,ürün kusurlu geldi dekolte yerindeki iplerden biri uzun doğru düzgün durmuyor bile zaten günde elime ulaştı bidaha iadeyle uğraşmak istemediğim için kendim söküp kisaltmayi deneyeceğim,Negatif
Güzel ürün,5,Erkek %100 Pamuk Beyaz Bisiklet Yaka Düz Uzun Kol T-Shirt E001002,Avva,güzel ürün,Pozitif
teşekkürler,5,Erkek %100 Pamuk Beyaz Bisiklet Yaka Düz Uzun Kol T-Shirt E001002,Avva,teşekkürler,Pozitif
Ürünü beyendik güzel,5,Erkek %100 Pamuk Beyaz Bisiklet Yaka Düz Uzun Kol T-Shirt E001002,Avva,ürünü beyendik güzel,Pozitif
Avva kaliyesi çok iyi,5,Erkek %100 Pamuk Beyaz Bisiklet Yaka Düz Uzun Kol T-Shirt E001002,Avva,avva kaliyesi çok iyi,Pozitif
Güzel sevdim,5,Erkek %100 Pamuk Beyaz Bisiklet Yaka Düz Uzun Kol T-Shirt E001002,Avva,güzel sevdim,Pozitif
harika bir ürğn gerçekten,5,Erkek %100 Pamuk Beyaz Bisiklet Yaka Düz Uzun Kol T-Shirt E001002,Avva,harika bir ürğn gerçekten,Pozitif
Tavsiye etmem çuvaldan hallice.,1,Erkek %100 Pamuk Beyaz Bisiklet Yaka Düz Uzun Kol T-Shirt E001002,Avva,tavsiye etmem çuvaldan hallice,Negatif
kaliteli ürün..,5,Erkek %100 Pamuk Beyaz Bisiklet Yaka Düz Uzun Kol T-Shirt E001002,Avva,kaliteli ürün,Pozitif
Güzeldi elbise,5,Erkek %100 Pamuk Beyaz Bisiklet Yaka Düz Uzun Kol T-Shirt E001002,Avva,güzeldi elbise,Pozitif
kaliteli guzel alabilirsiniz,5,Erkek %100 Pamuk Beyaz Bisiklet Yaka Düz Uzun Kol T-Shirt E001002,Avva,kaliteli guzel alabilirsiniz,Pozitif
Çok iyi değil.alırken iki kere düşünün,2,Erkek %100 Pamuk Beyaz Bisiklet Yaka Düz Uzun Kol T-Shirt E001002,Avva,çok iyi değilalırken iki kere düşünün,Negatif
güzel kaliteli,5,Erkek %100 Pamuk Beyaz Bisiklet Yaka Düz Uzun Kol T-Shirt E001002,Avva,güzel kaliteli,Pozitif
beğenmedim kaliteli durmuyor,1,Erkek %100 Pamuk Beyaz Bisiklet Yaka Düz Uzun Kol T-Shirt E001002,Avva,beğenmedim kaliteli durmuyor,Negatif
Almayınn kesinliklee,1,Erkek %100 Pamuk Beyaz Bisiklet Yaka Düz Uzun Kol T-Shirt E001002,Avva,almayınn kesinliklee,Negatif
Çok güzel ve kalıteli,5,Erkek %100 Pamuk Beyaz Bisiklet Yaka Düz Uzun Kol T-Shirt E001002,Avva,çok güzel ve kalıteli,Pozitif
Avva kalitesi,5,Erkek %100 Pamuk Beyaz Bisiklet Yaka Düz Uzun Kol T-Shirt E001002,Avva,avva kalitesi,Pozitif
"Kaitesiz,pazarda daha iyileri var çok daha uygun",5,Erkek %100 Pamuk Beyaz Bisiklet Yaka Düz Uzun Kol T-Shirt E001002,Avva,kaitesizpazarda daha iyileri var çok daha uygun,Pozitif
Ürün gayet güzel nede olsa avva marka,5,Erkek %100 Pamuk Beyaz Bisiklet Yaka Düz Uzun Kol T-Shirt E001002,Avva,ürün gayet güzel nede olsa avva marka,Pozitif
Ürün çok güzel. Kargolaması da özenli. Teşekkürler.,5,Erkek %100 Pamuk Beyaz Bisiklet Yaka Düz Uzun Kol T-Shirt E001002,Avva,ürün çok güzel kargolaması da özenli teşekkürler,Pozitif
Kaliteli .çok geç kargoya veriliyor ürünler,4,Erkek %100 Pamuk Beyaz Bisiklet Yaka Düz Uzun Kol T-Shirt E001002,Avva,kaliteli çok geç kargoya veriliyor ürünler,Pozitif
Kaliteli degil. Deymez.,1,Erkek %100 Pamuk Beyaz Bisiklet Yaka Düz Uzun Kol T-Shirt E001002,Avva,kaliteli degil deymez,Negatif
Hic beyenmedik,3,Erkek %100 Pamuk Beyaz Bisiklet Yaka Düz Uzun Kol T-Shirt E001002,Avva,hic beyenmedik,Nötr
5 para etmez her yeri aciliyor,1,Erkek %100 Pamuk Beyaz Bisiklet Yaka Düz Uzun Kol T-Shirt E001002,Avva,para etmez her yeri aciliyor,Negatif
ürün güzel sorunsuz avva kalitesi,5,Erkek %100 Pamuk Beyaz Bisiklet Yaka Düz Uzun Kol T-Shirt E001002,Avva,ürün güzel sorunsuz avva kalitesi,Pozitif
idare eder işte,4,Erkek %100 Pamuk Beyaz Bisiklet Yaka Düz Uzun Kol T-Shirt E001002,Avva,idare eder işte,Pozitif
avva farkı,4,Erkek %100 Pamuk Beyaz Bisiklet Yaka Düz Uzun Kol T-Shirt E001002,Avva,avva farkı,Pozitif
İdare eder markanın hakkını vermiyor,1,Erkek %100 Pamuk Beyaz Bisiklet Yaka Düz Uzun Kol T-Shirt E001002,Avva,idare eder markanın hakkını vermiyor,Negatif
berbat kalite,1,Erkek %100 Pamuk Beyaz Bisiklet Yaka Düz Uzun Kol T-Shirt E001002,Avva,berbat kalite,Negatif
"güzel, şık ürün",4,Erkek %100 Pamuk Beyaz Bisiklet Yaka Düz Uzun Kol T-Shirt E001002,Avva,güzel şık ürün,Pozitif
kaliteli ürün,5,Erkek %100 Pamuk Beyaz Bisiklet Yaka Düz Uzun Kol T-Shirt E001002,Avva,kaliteli ürün,Pozitif
"guzel, beğendi esim",5,Erkek %100 Pamuk Beyaz Hakim Yaka Düz T-Shirt E001030,Avva,guzel beğendi esim,Pozitif
Çok güzel ve şık oldu. Tavsiye ederim.,5,Erkek %100 Pamuk Beyaz Hakim Yaka Düz T-Shirt E001030,Avva,çok güzel ve şık oldu tavsiye ederim,Pozitif
eşime aldım güzel,5,Erkek %100 Pamuk Beyaz Hakim Yaka Düz T-Shirt E001030,Avva,eşime aldım güzel,Pozitif
ürün gerçekten Cook kaliteli içiniz rahat alışveriş yapabilirsiniz,5,Erkek %100 Pamuk Beyaz Hakim Yaka Düz T-Shirt E001030,Avva,ürün gerçekten cook kaliteli içiniz rahat alışveriş yapabilirsiniz,Pozitif
"Ürün güzel, kalitesi 100%",5,Erkek %100 Pamuk Beyaz Hakim Yaka Düz T-Shirt E001030,Avva,ürün güzel kalitesi,Pozitif
Çok şık duruyor,5,Erkek %100 Pamuk Beyaz Hakim Yaka Düz T-Shirt E001030,Avva,çok şık duruyor,Pozitif
urun çok güzel eşime almistim çok beğendi şimdi diğer renk sipariş vereceğim,5,Erkek %100 Pamuk Beyaz Hakim Yaka Düz T-Shirt E001030,Avva,urun çok güzel eşime almistim çok beğendi şimdi diğer renk sipariş vereceğim,Pozitif
cok kaliteli bir ürün,4,Erkek %100 Pamuk Beyaz Hakim Yaka Düz T-Shirt E001030,Avva,cok kaliteli bir ürün,Pozitif
Çok güzel kaliteli bir ürün,5,Erkek %100 Pamuk Beyaz Hakim Yaka Düz T-Shirt E001030,Avva,çok güzel kaliteli bir ürün,Pozitif
Kalitesine bayıldım,5,Erkek %100 Pamuk Beyaz Hakim Yaka Düz T-Shirt E001030,Avva,kalitesine bayıldım,Pozitif
Çok güzel çok beğendim,5,Erkek %100 Pamuk Beyaz Hakim Yaka Düz T-Shirt E001030,Avva,çok güzel çok beğendim,Pozitif
güzel kaliteli,5,Erkek %100 Pamuk Beyaz Hakim Yaka Düz T-Shirt E001030,Avva,güzel kaliteli,Pozitif
Çok şık ve kaliteli tavsiye ederim,5,Erkek %100 Pamuk Beyaz Hakim Yaka Düz T-Shirt E001030,Avva,çok şık ve kaliteli tavsiye ederim,Pozitif
güzel ürün çok beğendim,5,Erkek %100 Pamuk Beyaz Hakim Yaka Düz T-Shirt E001030,Avva,güzel ürün çok beğendim,Pozitif
Çok kaliteli beğendi eşim teşekkürler,5,Erkek %100 Pamuk Beyaz Hakim Yaka Düz T-Shirt E001030,Avva,çok kaliteli beğendi eşim teşekkürler,Pozitif
siyahinida aldım gayet guzel,5,Erkek %100 Pamuk Beyaz Hakim Yaka Düz T-Shirt E001030,Avva,siyahinida aldım gayet guzel,Pozitif
Çok güzel bir t şhört,5,Erkek %100 Pamuk Beyaz Hakim Yaka Düz T-Shirt E001030,Avva,çok güzel bir t şhört,Pozitif
Çok beğendim,5,Erkek %100 Pamuk Beyaz Hakim Yaka Düz T-Shirt E001030,Avva,çok beğendim,Pozitif
fena değil,1,Erkek %100 Pamuk Beyaz Hakim Yaka Düz T-Shirt E001030,Avva,fena değil,Negatif
Cok guzel,5,Erkek %100 Pamuk Beyaz Hakim Yaka Düz T-Shirt E001030,Avva,cok guzel,Pozitif
çok beğendim. beklediğimden çok iyi geldi.,5,Erkek %100 Pamuk Beyaz Hakim Yaka Düz T-Shirt E001030,Avva,çok beğendim beklediğimden çok iyi geldi,Pozitif
ürün gayet iyi ve kaliteli tavsiye ederim,5,Erkek %100 Pamuk Beyaz Hakim Yaka Düz T-Shirt E001030,Avva,ürün gayet iyi ve kaliteli tavsiye ederim,Pozitif
gayet kaliteli güzel cok memnun kaldım,5,Erkek %100 Pamuk Beyaz Hakim Yaka Düz T-Shirt E001030,Avva,gayet kaliteli güzel cok memnun kaldım,Pozitif
Çok güzel teşekkür ederim,5,Erkek %100 Pamuk Beyaz Hakim Yaka Düz T-Shirt E001030,Avva,çok güzel teşekkür ederim,Pozitif
Çok kaliteli çok beğendikk,5,Erkek %100 Pamuk Beyaz Hakim Yaka Düz T-Shirt E001030,Avva,çok kaliteli çok beğendikk,Pozitif
Çok kaliteli harika eşim beğendi,5,Erkek %100 Pamuk Beyaz Hakim Yaka Düz T-Shirt E001030,Avva,çok kaliteli harika eşim beğendi,Pozitif
çok kaliteli şiddetle tavsiye ederim,5,Erkek %100 Pamuk Beyaz Hakim Yaka Düz T-Shirt E001030,Avva,çok kaliteli şiddetle tavsiye ederim,Pozitif
ürüne harika indirim de iken aldım erkek arkadaşıma tam yazlık tereddüt etmeden alın derim :)),5,Erkek %100 Pamuk Beyaz Hakim Yaka Düz T-Shirt E001030,Avva,ürüne harika indirim de iken aldım erkek arkadaşıma tam yazlık tereddüt etmeden alın derim,Pozitif
Erkek arkadasıma aldım fiyata göre cok iyi,5,Erkek %100 Pamuk Beyaz Hakim Yaka Düz T-Shirt E001030,Avva,erkek arkadasıma aldım fiyata göre cok iyi,Pozitif
bu fiyata gayet kaliteli ve hediye paketi olmuştu,5,Erkek %100 Pamuk Beyaz Hakim Yaka Düz T-Shirt E001030,Avva,bu fiyata gayet kaliteli ve hediye paketi olmuştu,Pozitif
Ürün indirimliyken aldık bayildi esim,5,Erkek %100 Pamuk Siyah Bisiklet Yaka Düz Uzun Kol T-Shirt E001002,Avva,ürün indirimliyken aldık bayildi esim,Pozitif
güzel ürün,5,Erkek %100 Pamuk Siyah Bisiklet Yaka Düz Uzun Kol T-Shirt E001002,Avva,güzel ürün,Pozitif
kaliteli ürün,5,Erkek %100 Pamuk Siyah Bisiklet Yaka Düz Uzun Kol T-Shirt E001002,Avva,kaliteli ürün,Pozitif
Rahat bir penyesi var. Gayet güzel,5,Erkek %100 Pamuk Siyah Bisiklet Yaka Düz Uzun Kol T-Shirt E001002,Avva,rahat bir penyesi var gayet güzel,Pozitif
Harika çok rahat bir TShirt,5,Erkek %100 Pamuk Siyah Bisiklet Yaka Düz Uzun Kol T-Shirt E001002,Avva,harika çok rahat bir tshirt,Pozitif
Ürün çok kaliteli ve elime çabuk ulaştı teşekkür ederim,5,Erkek %100 Pamuk Siyah Bisiklet Yaka Düz Uzun Kol T-Shirt E001002,Avva,ürün çok kaliteli ve elime çabuk ulaştı teşekkür ederim,Pozitif
Kalıteli ve çok rahat,5,Erkek %100 Pamuk Siyah Bisiklet Yaka Düz Uzun Kol T-Shirt E001002,Avva,kalıteli ve çok rahat,Pozitif
Cok salaş duruyor beğenmedim,2,Erkek %100 Pamuk Siyah Bisiklet Yaka Düz Uzun Kol T-Shirt E001002,Avva,cok salaş duruyor beğenmedim,Negatif
ürün kaliteli ve şık fiyatı çok uygun teşekkürler,5,Erkek %100 Pamuk Siyah Bisiklet Yaka Düz Uzun Kol T-Shirt E001002,Avva,ürün kaliteli ve şık fiyatı çok uygun teşekkürler,Pozitif
ürün çok güzel gönül rahatlığıyla alinabilir,4,Erkek %100 Pamuk Siyah Bisiklet Yaka Düz Uzun Kol T-Shirt E001002,Avva,ürün çok güzel gönül rahatlığıyla alinabilir,Pozitif
Gayet güzel ürün.,5,Erkek %100 Pamuk Siyah Bisiklet Yaka Düz Uzun Kol T-Shirt E001002,Avva,gayet güzel ürün,Pozitif
güzel teşekkürler,4,Erkek %100 Pamuk Siyah Bisiklet Yaka Düz Uzun Kol T-Shirt E001002,Avva,güzel teşekkürler,Pozitif
teşekkürler,5,Erkek %100 Pamuk Siyah Bisiklet Yaka Düz Uzun Kol T-Shirt E001002,Avva,teşekkürler,Pozitif
Ürün çok başarılı,5,Erkek %100 Pamuk Siyah Bisiklet Yaka Düz Uzun Kol T-Shirt E001002,Avva,ürün çok başarılı,Pozitif
kaliteli ve güzel şik,5,Erkek %100 Pamuk Siyah Bisiklet Yaka Düz Uzun Kol T-Shirt E001002,Avva,kaliteli ve güzel şik,Pozitif
Bşarz daha iyi olabilirdi.,4,Erkek %100 Pamuk Siyah Bisiklet Yaka Düz Uzun Kol T-Shirt E001002,Avva,bşarz daha iyi olabilirdi,Pozitif
Her zaman ki gibi avva farkı cok güzel yumusak,5,Erkek %100 Pamuk Siyah Bisiklet Yaka Düz Uzun Kol T-Shirt E001002,Avva,her zaman ki gibi avva farkı cok güzel yumusak,Pozitif
güzel penyesi varr,5,Erkek %100 Pamuk Siyah Bisiklet Yaka Düz Uzun Kol T-Shirt E001002,Avva,güzel penyesi varr,Pozitif
Avva kalitesi,5,Erkek %100 Pamuk Siyah Bisiklet Yaka Düz Uzun Kol T-Shirt E001002,Avva,avva kalitesi,Pozitif
Avva kalitesi çok iyi,5,Erkek %100 Pamuk Siyah Bisiklet Yaka Düz Uzun Kol T-Shirt E001002,Avva,avva kalitesi çok iyi,Pozitif
mükemmel bir ürün,5,Erkek %100 Pamuk Siyah Bisiklet Yaka Düz Uzun Kol T-Shirt E001002,Avva,mükemmel bir ürün,Pozitif
memnun kaldım kaliteli,5,Erkek %100 Pamuk Siyah Bisiklet Yaka Düz Uzun Kol T-Shirt E001002,Avva,memnun kaldım kaliteli,Pozitif
"kaliteli bir ürün , beğendim.",5,Erkek %100 Pamuk Siyah Bisiklet Yaka Düz Uzun Kol T-Shirt E001002,Avva,kaliteli bir ürün beğendim,Pozitif
Begendim kaliteli teşekkürler,5,Erkek %100 Pamuk Siyah Bisiklet Yaka Düz Uzun Kol T-Shirt E001002,Avva,begendim kaliteli teşekkürler,Pozitif
"Güzel, kaliteli 👍",4,Erkek %100 Pamuk Siyah Bisiklet Yaka Düz Uzun Kol T-Shirt E001002,Avva,güzel kaliteli,Pozitif
gayet guzel,3,Erkek %100 Pamuk Siyah Bisiklet Yaka Düz Uzun Kol T-Shirt E001002,Avva,gayet guzel,Nötr
kaliteli ürün..,5,Erkek %100 Pamuk Siyah Bisiklet Yaka Düz Uzun Kol T-Shirt E001002,Avva,kaliteli ürün,Pozitif
Çok güzel çok kaliteli,5,Erkek %100 Pamuk Siyah Bisiklet Yaka Düz Uzun Kol T-Shirt E001002,Avva,çok güzel çok kaliteli,Pozitif
Teşekkür ediyorum,5,Erkek %100 Pamuk Siyah Bisiklet Yaka Düz Uzun Kol T-Shirt E001002,Avva,teşekkür ediyorum,Pozitif
on numara beş yıldız kaliteli satıcıya teşekkürler hızlı gönderim yapıyor tavsiye ederim,5,Erkek %100 Pamuk Siyah Bisiklet Yaka Düz Uzun Kol T-Shirt E001002,Avva,on numara beş yıldız kaliteli satıcıya teşekkürler hızlı gönderim yapıyor tavsiye ederim,Pozitif
Beğenildi terletmeyen pamuklu kumaşı için alındı.,5,Logo Baskılı Lacivert Tişört Loose Fit / Bol Rahat Kesim 0610478-70490,Mavi,beğenildi terletmeyen pamuklu kumaşı için alındı,Pozitif
Kampanyadayken aldım uygun ve güzel,5,Erkek %100 Pamuk Yeşil Slim Fit Bisiklet Yaka T-shirt E001000,Avva,kampanyadayken aldım uygun ve güzel,Pozitif
"hoş durdu, teşekkürler",5,Erkek %100 Pamuk Yeşil Slim Fit Bisiklet Yaka T-shirt E001000,Avva,hoş durdu teşekkürler,Pozitif
güzel ürün,5,Erkek %100 Pamuk Yeşil Slim Fit Bisiklet Yaka T-shirt E001000,Avva,güzel ürün,Pozitif
Güzel ürün,3,Erkek %100 Pamuk Yeşil Slim Fit Bisiklet Yaka T-shirt E001000,Avva,güzel ürün,Nötr
eşime beğenerek aldım çok güzel de oldu çok beğendi,5,Erkek %100 Pamuk Yeşil Slim Fit Bisiklet Yaka T-shirt E001000,Avva,eşime beğenerek aldım çok güzel de oldu çok beğendi,Pozitif
Güzel ürün.,5,Erkek %100 Pamuk Yeşil Slim Fit Bisiklet Yaka T-shirt E001000,Avva,güzel ürün,Pozitif
Kalitesi çok güzel babam için aldım bayıldık,5,Erkek %100 Pamuk Yeşil Slim Fit Bisiklet Yaka T-shirt E001000,Avva,kalitesi çok güzel babam için aldım bayıldık,Pozitif
Çok rahat 👍🏼,5,Erkek %100 Pamuk Yeşil Slim Fit Bisiklet Yaka T-shirt E001000,Avva,çok rahat,Pozitif
Kaliteli ve Rahat...,5,Erkek %100 Pamuk Yeşil Slim Fit Bisiklet Yaka T-shirt E001000,Avva,kaliteli ve rahat,Pozitif
Süper t-shirt.,5,Erkek %100 Pamuk Yeşil Slim Fit Bisiklet Yaka T-shirt E001000,Avva,süper tshirt,Pozitif
Babaya aldım tam oldu çok güzel yumuşacık,5,Erkek %100 Pamuk Yeşil Slim Fit Bisiklet Yaka T-shirt E001000,Avva,babaya aldım tam oldu çok güzel yumuşacık,Pozitif
kardesime aldim beyendi...,4,Erkek %100 Pamuk Yeşil Slim Fit Bisiklet Yaka T-shirt E001000,Avva,kardesime aldim beyendi,Pozitif
çok güzel nisanlima aldım,5,Erkek %100 Pamuk Yeşil Slim Fit Bisiklet Yaka T-shirt E001000,Avva,çok güzel nisanlima aldım,Pozitif
Eşime hediye olarak aldım çok beğendik,5,Erkek %100 Pamuk Yeşil Slim Fit Bisiklet Yaka T-shirt E001000,Avva,eşime hediye olarak aldım çok beğendik,Pozitif
Ürün kaliteli beğendik,5,Erkek %100 Pamuk Yeşil Slim Fit Bisiklet Yaka T-shirt E001000,Avva,ürün kaliteli beğendik,Pozitif
Teşekkür ederiz,5,Erkek %100 Pamuk Yeşil Slim Fit Bisiklet Yaka T-shirt E001000,Avva,teşekkür ederiz,Pozitif
Eşime aldım güzel,5,Erkek %100 Pamuk Yeşil Slim Fit Bisiklet Yaka T-shirt E001000,Avva,eşime aldım güzel,Pozitif
kaliteli harika bir urun hızlı kargo teşekkür ederim,5,Erkek %100 Pamuk Yeşil Slim Fit Bisiklet Yaka T-shirt E001000,Avva,kaliteli harika bir urun hızlı kargo teşekkür ederim,Pozitif
çok güzel beğendim,5,Erkek %100 Pamuk Yeşil Slim Fit Bisiklet Yaka T-shirt E001000,Avva,çok güzel beğendim,Pozitif
ürün kalitesi mükemmel tüm çalışanların emeğine sağlık,5,Erkek %100 Pamuk Yeşil Slim Fit Bisiklet Yaka T-shirt E001000,Avva,ürün kalitesi mükemmel tüm çalışanların emeğine sağlık,Pozitif
Ürün güzel kaliteli,5,Erkek %100 Pamuk Yeşil Slim Fit Bisiklet Yaka T-shirt E001000,Avva,ürün güzel kaliteli,Pozitif
Yumuşak güzel ve harika fiyat,5,Erkek %100 Pamuk Yeşil Slim Fit Bisiklet Yaka T-shirt E001000,Avva,yumuşak güzel ve harika fiyat,Pozitif
yumuşacık güzel bir ürün,5,Erkek %100 Pamuk Yeşil Slim Fit Bisiklet Yaka T-shirt E001000,Avva,yumuşacık güzel bir ürün,Pozitif
kalitesi yumuşaklığı çok güzel,5,Erkek %100 Pamuk Yeşil Slim Fit Bisiklet Yaka T-shirt E001000,Avva,kalitesi yumuşaklığı çok güzel,Pozitif
Yumuşacık güzel 🥰,5,Erkek %100 Pamuk Yeşil Slim Fit Bisiklet Yaka T-shirt E001000,Avva,yumuşacık güzel,Pozitif
Gayet güzel yumuşacık.,5,Erkek %100 Pamuk Yeşil Slim Fit Bisiklet Yaka T-shirt E001000,Avva,gayet güzel yumuşacık,Pozitif
gayet şık güzel ürün,5,Erkek %100 Pamuk Yeşil Slim Fit Bisiklet Yaka T-shirt E001000,Avva,gayet şık güzel ürün,Pozitif
Babam çok beğendi güzel ürün,5,Erkek %100 Pamuk Yeşil Slim Fit Bisiklet Yaka T-shirt E001000,Avva,babam çok beğendi güzel ürün,Pozitif
eşime hediye aldım beğendik rengi çok güzel,5,Erkek %100 Pamuk Yeşil Slim Fit Bisiklet Yaka T-shirt E001000,Avva,eşime hediye aldım beğendik rengi çok güzel,Pozitif
👍👍👍👍👍,5,Erkek %100 Pamuk Yeşil Slim Fit Bisiklet Yaka T-shirt E001000,Avva,,Pozitif
İndirimde aldım güzel bir ürün,5,Erkek %100 Pamuk Siyah Düz Alttan Britli Yaka Regular Fit Uzun Kol Vual Gömlek E002206,Avva,indirimde aldım güzel bir ürün,Pozitif
abim için aldim umarım begenir güzele benziyor,5,Erkek %100 Pamuk Siyah Düz Alttan Britli Yaka Regular Fit Uzun Kol Vual Gömlek E002206,Avva,abim için aldim umarım begenir güzele benziyor,Pozitif
eşime hediye aldım tiril tiril tam yazlık cok Beğendik,5,Erkek %100 Pamuk Siyah Düz Alttan Britli Yaka Regular Fit Uzun Kol Vual Gömlek E002206,Avva,eşime hediye aldım tiril tiril tam yazlık cok beğendik,Pozitif
indirimden aldım gayet güzel,3,Erkek %100 Pamuk Siyah Düz Alttan Britli Yaka Regular Fit Uzun Kol Vual Gömlek E002206,Avva,indirimden aldım gayet güzel,Nötr
cok guzrl ve şık ve yazlık,5,Erkek %100 Pamuk Siyah Düz Alttan Britli Yaka Regular Fit Uzun Kol Vual Gömlek E002206,Avva,cok guzrl ve şık ve yazlık,Pozitif
Ürün yazlık serin tavsiye ederim biz çok beğendik,5,Erkek %100 Pamuk Siyah Düz Alttan Britli Yaka Regular Fit Uzun Kol Vual Gömlek E002206,Avva,ürün yazlık serin tavsiye ederim biz çok beğendik,Pozitif
Göründüğünden daha güzel ve tam yazın giyilecek bir gömlek,5,Erkek %100 Pamuk Siyah Düz Alttan Britli Yaka Regular Fit Uzun Kol Vual Gömlek E002206,Avva,göründüğünden daha güzel ve tam yazın giyilecek bir gömlek,Pozitif
Tam yazlık. 10 Numara,5,Erkek %100 Pamuk Siyah Düz Alttan Britli Yaka Regular Fit Uzun Kol Vual Gömlek E002206,Avva,tam yazlık numara,Pozitif
Çok güzel babam için almıştık kesinlikle avva kalitesi.,5,Erkek %100 Pamuk Siyah Düz Alttan Britli Yaka Regular Fit Uzun Kol Vual Gömlek E002206,Avva,çok güzel babam için almıştık kesinlikle avva kalitesi,Pozitif
Harika tam yazlık,5,Erkek %100 Pamuk Siyah Düz Alttan Britli Yaka Regular Fit Uzun Kol Vual Gömlek E002206,Avva,harika tam yazlık,Pozitif
Gerçekten çok güzel tam yazlık ürün,5,Erkek %100 Pamuk Siyah Düz Alttan Britli Yaka Regular Fit Uzun Kol Vual Gömlek E002206,Avva,gerçekten çok güzel tam yazlık ürün,Pozitif
Eşime aldım tam oldu,4,Erkek %100 Pamuk Siyah Düz Alttan Britli Yaka Regular Fit Uzun Kol Vual Gömlek E002206,Avva,eşime aldım tam oldu,Pozitif
nişanlıma aldım 93 kilo 183 xl tam oldu 🤌🏻🤌🏻🤌🏻,5,Erkek %100 Pamuk Siyah Düz Alttan Britli Yaka Regular Fit Uzun Kol Vual Gömlek E002206,Avva,nişanlıma aldım kilo xl tam oldu,Pozitif
"dokusu kumaşı çok kaliteli fiyatı da piyasaya göre iyidir. eşime aldım 1,84 kg 100 kg XL çok iyi oldu",5,Erkek %100 Pamuk Siyah Düz Alttan Britli Yaka Regular Fit Uzun Kol Vual Gömlek E002206,Avva,dokusu kumaşı çok kaliteli fiyatı da piyasaya göre iyidir eşime aldım kg kg xl çok iyi oldu,Pozitif
Cok guzel urun kardesim icin aldik cok begendik ☺️,5,Erkek %100 Pamuk Siyah Düz Alttan Britli Yaka Regular Fit Uzun Kol Vual Gömlek E002206,Avva,cok guzel urun kardesim icin aldik cok begendik,Pozitif
Birebir gömleğin aynısı geldi. Üstüme tam oturdu,5,Erkek %100 Pamuk Siyah Düz Alttan Britli Yaka Regular Fit Uzun Kol Vual Gömlek E002206,Avva,birebir gömleğin aynısı geldi üstüme tam oturdu,Pozitif
rahat kaliteli,5,Erkek %100 Pamuk Siyah Düz Alttan Britli Yaka Regular Fit Uzun Kol Vual Gömlek E002206,Avva,rahat kaliteli,Pozitif
Çok güzel bir duruşu var çok beğendim,5,Erkek %100 Pamuk Siyah Düz Alttan Britli Yaka Regular Fit Uzun Kol Vual Gömlek E002206,Avva,çok güzel bir duruşu var çok beğendim,Pozitif
güzel oldu,4,Erkek %100 Pamuk Siyah Düz Alttan Britli Yaka Regular Fit Uzun Kol Vual Gömlek E002206,Avva,güzel oldu,Pozitif
Şık duruyor,5,Erkek %100 Pamuk Siyah Düz Alttan Britli Yaka Regular Fit Uzun Kol Vual Gömlek E002206,Avva,şık duruyor,Pozitif
güzel ürün,5,Erkek %100 Pamuk Siyah Düz Alttan Britli Yaka Regular Fit Uzun Kol Vual Gömlek E002206,Avva,güzel ürün,Pozitif
Güzel ürün,5,Erkek %100 Pamuk Siyah Düz Alttan Britli Yaka Regular Fit Uzun Kol Vual Gömlek E002206,Avva,güzel ürün,Pozitif
Rahat ve şık.,5,Erkek %100 Pamuk Siyah Düz Alttan Britli Yaka Regular Fit Uzun Kol Vual Gömlek E002206,Avva,rahat ve şık,Pozitif
Eşim çok beğendi teşekkür ederiz kuponla 76₺ ye alındı,5,Erkek %100 Pamuk Siyah Düz Alttan Britli Yaka Regular Fit Uzun Kol Vual Gömlek E002206,Avva,eşim çok beğendi teşekkür ederiz kuponla ye alındı,Pozitif
dokusu muhteşem yumuşacık tam yazlık bu fiyata kacmaz,5,Erkek %100 Pamuk Siyah Düz Alttan Britli Yaka Regular Fit Uzun Kol Vual Gömlek E002206,Avva,dokusu muhteşem yumuşacık tam yazlık bu fiyata kacmaz,Pozitif
tam yazlık güzel bir gomlek,5,Erkek %100 Pamuk Siyah Düz Alttan Britli Yaka Regular Fit Uzun Kol Vual Gömlek E002206,Avva,tam yazlık güzel bir gomlek,Pozitif
"Ürün tamamen yazlık bir ürün, sıcak havalarda tiril tiril giyilir",5,Erkek %100 Pamuk Siyah Düz Alttan Britli Yaka Regular Fit Uzun Kol Vual Gömlek E002206,Avva,ürün tamamen yazlık bir ürün sıcak havalarda tiril tiril giyilir,Pozitif
çok iyi urün,5,Erkek %100 Pamuk Siyah Düz Alttan Britli Yaka Regular Fit Uzun Kol Vual Gömlek E002206,Avva,çok iyi urün,Pozitif
Severek giyiyorum gayet rahat ve şık,5,Erkek %100 Pamuk Siyah Düz Alttan Britli Yaka Regular Fit Uzun Kol Vual Gömlek E002206,Avva,severek giyiyorum gayet rahat ve şık,Pozitif
Kumaşı çok kaliteli beğendik,5,Erkek %100 Pamuk Siyah Düz Alttan Britli Yaka Regular Fit Uzun Kol Vual Gömlek E002206,Avva,kumaşı çok kaliteli beğendik,Pozitif
Pamukluu yumuş yumuş,5,Fall In Love Relax Fit Beli Bağcıklı Basic Jogger Pijama Altı X3401AZ22SP,Defacto,pamukluu yumuş yumuş,Pozitif
"Ertesi gün elime ulaştı. Pamuklu, kaliteli ürün.",5,Guıle Kısa Kollu Tişört 911086,HUMMEL,ertesi gün elime ulaştı pamuklu kaliteli ürün,Pozitif
İndirimden aldım ürünü %70 pamuk %30 polyester gayet yumuşak bir dokusu var tavsiye ederim.,5,Guıle Kısa Kollu Tişört 911086,HUMMEL,indirimden aldım ürünü pamuk polyester gayet yumuşak bir dokusu var tavsiye ederim,Pozitif
Şimdilik iyi duruyor pamuk terletiyor,3,Guıle Kısa Kollu Tişört 911086,HUMMEL,şimdilik iyi duruyor pamuk terletiyor,Nötr
Çok sevdim. Pamuklu olmasına rağmen yumuşak geldi bana kalın olmadığı için. 169 boyum 60 kilom 28/28 bedenini aldım. Ne uzun ne de kısa oldu. Bileğimde kaldı.,5,Victoria All Blue Açık Jean Pantolon 101072-34111,Mavi,çok sevdim pamuklu olmasına rağmen yumuşak geldi bana kalın olmadığı için boyum kilom bedenini aldım ne uzun ne de kısa oldu bileğimde kaldı,Pozitif
Esim severek kullaniyor kampanyadan almistik,5,Erkek %100 Pamuk Beyaz V Yaka Düz T-Shirt E001001,Avva,esim severek kullaniyor kampanyadan almistik,Pozitif
Muhteşem oğluma aldım,5,Erkek %100 Pamuk Beyaz V Yaka Düz T-Shirt E001001,Avva,muhteşem oğluma aldım,Pozitif
Eşime aldım çok beğendi 👍,5,Erkek %100 Pamuk Beyaz V Yaka Düz T-Shirt E001001,Avva,eşime aldım çok beğendi,Pozitif
"kardeşime tam oldu, teşekkürler",5,Erkek %100 Pamuk Beyaz V Yaka Düz T-Shirt E001001,Avva,kardeşime tam oldu teşekkürler,Pozitif
Kaliteli urun,5,Erkek %100 Pamuk Beyaz V Yaka Düz T-Shirt E001001,Avva,kaliteli urun,Pozitif
kaliteli urun,5,Erkek %100 Pamuk Beyaz V Yaka Düz T-Shirt E001001,Avva,kaliteli urun,Pozitif
İyi ürün.,4,Erkek %100 Pamuk Beyaz V Yaka Düz T-Shirt E001001,Avva,iyi ürün,Pozitif
rahat ve kullanışlı,4,Erkek %100 Pamuk Beyaz V Yaka Düz T-Shirt E001001,Avva,rahat ve kullanışlı,Pozitif
her zama. tavsiye ettiğim bir marka,5,Erkek %100 Pamuk Beyaz V Yaka Düz T-Shirt E001001,Avva,her zama tavsiye ettiğim bir marka,Pozitif
Çok iyi 👍🏻,5,Erkek %100 Pamuk Beyaz V Yaka Düz T-Shirt E001001,Avva,çok iyi,Pozitif
çok başarılı,5,Erkek %100 Pamuk Beyaz V Yaka Düz T-Shirt E001001,Avva,çok başarılı,Pozitif
çok çok iyi,5,Erkek %100 Pamuk Beyaz V Yaka Düz T-Shirt E001001,Avva,çok çok iyi,Pozitif
çok hoş kaliteli,5,Erkek %100 Pamuk Beyaz V Yaka Düz T-Shirt E001001,Avva,çok hoş kaliteli,Pozitif
güzel bir ürün,5,Erkek %100 Pamuk Beyaz V Yaka Düz T-Shirt E001001,Avva,güzel bir ürün,Pozitif
normal aldığım tsirtler cok daha iyi,3,Erkek %100 Pamuk Beyaz V Yaka Düz T-Shirt E001001,Avva,normal aldığım tsirtler cok daha iyi,Nötr
Ürün güzel de almak isteyen indirimi beklesin,5,Erkek %100 Pamuk Beyaz V Yaka Düz T-Shirt E001001,Avva,ürün güzel de almak isteyen indirimi beklesin,Pozitif
güzel t-shirt,5,Erkek %100 Pamuk Beyaz V Yaka Düz T-Shirt E001001,Avva,güzel tshirt,Pozitif
beklediğim kaliteyi göremedim çabuk pamuklanıyor.şık durmuyor ev içnde giyileblir,1,Erkek %100 Pamuk Beyaz V Yaka Düz T-Shirt E001001,Avva,beklediğim kaliteyi göremedim çabuk pamuklanıyorşık durmuyor ev içnde giyileblir,Negatif
gayet güzeldi eşime aldım beğendi,5,Erkek %100 Pamuk Beyaz V Yaka Düz T-Shirt E001001,Avva,gayet güzeldi eşime aldım beğendi,Pozitif
Eşime aldım. Çok beğendi 👏🏼,5,Erkek %100 Pamuk Beyaz V Yaka Düz T-Shirt E001001,Avva,eşime aldım çok beğendi,Pozitif
atlet gibi duruyor avva kalitesi değil,1,Erkek %100 Pamuk Beyaz V Yaka Düz T-Shirt E001001,Avva,atlet gibi duruyor avva kalitesi değil,Negatif
Kaliteli ürün,5,Erkek %100 Pamuk Beyaz V Yaka Düz T-Shirt E001001,Avva,kaliteli ürün,Pozitif
Kaliteli ürün,5,Erkek %100 Pamuk Beyaz V Yaka Düz T-Shirt E001001,Avva,kaliteli ürün,Pozitif
Güzel bir ürün,5,Erkek %100 Pamuk Beyaz V Yaka Düz T-Shirt E001001,Avva,güzel bir ürün,Pozitif
Cok begendim,5,Erkek %100 Pamuk Beyaz V Yaka Düz T-Shirt E001001,Avva,cok begendim,Pozitif
Çok güzel kesinlikle tavsiye ederim,5,Erkek %100 Pamuk Beyaz V Yaka Düz T-Shirt E001001,Avva,çok güzel kesinlikle tavsiye ederim,Pozitif
avva kalitesi şaşmaz,5,Erkek %100 Pamuk Beyaz V Yaka Düz T-Shirt E001001,Avva,avva kalitesi şaşmaz,Pozitif
Kalitesi güzel bir ürün,5,Erkek %100 Pamuk Beyaz V Yaka Düz T-Shirt E001001,Avva,kalitesi güzel bir ürün,Pozitif
cık beğenmedim,2,Erkek %100 Pamuk Beyaz V Yaka Düz T-Shirt E001001,Avva,cık beğenmedim,Negatif
Siyahınıda aldım kaliteli ürün,5,Erkek %100 Pamuk Beyaz V Yaka Düz T-Shirt E001001,Avva,siyahınıda aldım kaliteli ürün,Pozitif
Kızım için aldık rengi dokusu Pamuklu olması sadeliği çok güzel,5,Oversize Fit Bisiklet Yaka Baskılı Kısa Kollu Tişört X0973AZ22SM,Defacto,kızım için aldık rengi dokusu pamuklu olması sadeliği çok güzel,Pozitif
kalıbı gerçekten büyük bir beden küçük aldığınızda dahi oversize durur özellikle minyonsaniz kesinlikle bir beden küçük tercih edin kumaşı güzel pamuklu,5,Oversize Fit Bisiklet Yaka Baskılı Kısa Kollu Tişört X0973AZ22SM,Defacto,kalıbı gerçekten büyük bir beden küçük aldığınızda dahi oversize durur özellikle minyonsaniz kesinlikle bir beden küçük tercih edin kumaşı güzel pamuklu,Pozitif
Esim severek kullaniyor kampanyadan almistik,5,Erkek %100 Pamuk Haki Slim Fit Bisiklet Yaka T-Shirt E001000,Avva,esim severek kullaniyor kampanyadan almistik,Pozitif
dokusu gayet kaliteli. fiyatına göre çok başarılı bir ürün babama aldın severek kullanıyor,5,Erkek %100 Pamuk Haki Slim Fit Bisiklet Yaka T-Shirt E001000,Avva,dokusu gayet kaliteli fiyatına göre çok başarılı bir ürün babama aldın severek kullanıyor,Pozitif
çok güzel oglum için aldım,5,Erkek %100 Pamuk Haki Slim Fit Bisiklet Yaka T-Shirt E001000,Avva,çok güzel oglum için aldım,Pozitif
"kampanyadayken aldım. 5 al 4 öde. beyendim, duruşu güzel",5,Erkek %100 Pamuk Haki Slim Fit Bisiklet Yaka T-Shirt E001000,Avva,kampanyadayken aldım al öde beyendim duruşu güzel,Pozitif
Güzel ürün,5,Erkek %100 Pamuk Haki Slim Fit Bisiklet Yaka T-Shirt E001000,Avva,güzel ürün,Pozitif
Kalitesi çok güzel babam için aldım bayıldık,5,Erkek %100 Pamuk Haki Slim Fit Bisiklet Yaka T-Shirt E001000,Avva,kalitesi çok güzel babam için aldım bayıldık,Pozitif
Gayet güzel dokusu var beş tane aldim eşime begendik teşekkürler,5,Erkek %100 Pamuk Haki Slim Fit Bisiklet Yaka T-Shirt E001000,Avva,gayet güzel dokusu var beş tane aldim eşime begendik teşekkürler,Pozitif
"Oğlum için aldim, memnun kaldı.",4,Erkek %100 Pamuk Haki Slim Fit Bisiklet Yaka T-Shirt E001000,Avva,oğlum için aldim memnun kaldı,Pozitif
Çok rahat 👍🏼,5,Erkek %100 Pamuk Haki Slim Fit Bisiklet Yaka T-Shirt E001000,Avva,çok rahat,Pozitif
Ürün gayet güzel ve kaliteli. Tavsiye ederim.,5,Erkek %100 Pamuk Haki Slim Fit Bisiklet Yaka T-Shirt E001000,Avva,ürün gayet güzel ve kaliteli tavsiye ederim,Pozitif
Güzel bir ürün,5,Erkek %100 Pamuk Haki Slim Fit Bisiklet Yaka T-Shirt E001000,Avva,güzel bir ürün,Pozitif
eşime aldım güzeldi fena degil.,5,Erkek %100 Pamuk Haki Slim Fit Bisiklet Yaka T-Shirt E001000,Avva,eşime aldım güzeldi fena degil,Pozitif
Harika bir ürün,5,Erkek %100 Pamuk Haki Slim Fit Bisiklet Yaka T-Shirt E001000,Avva,harika bir ürün,Pozitif
Kaliteli. Teşekkürler,5,Erkek %100 Pamuk Haki Slim Fit Bisiklet Yaka T-Shirt E001000,Avva,kaliteli teşekkürler,Pozitif
gayet güzel tasarım teşekkürler,5,Erkek %100 Pamuk Haki Slim Fit Bisiklet Yaka T-Shirt E001000,Avva,gayet güzel tasarım teşekkürler,Pozitif
Kaliteli indirimde aldim,5,Erkek %100 Pamuk Haki Slim Fit Bisiklet Yaka T-Shirt E001000,Avva,kaliteli indirimde aldim,Pozitif
Babama aldım güzel,5,Erkek %100 Pamuk Haki Slim Fit Bisiklet Yaka T-Shirt E001000,Avva,babama aldım güzel,Pozitif
Güzel ürün 5 al ö de seçeneğinden yararlandım,5,Erkek %100 Pamuk Haki Slim Fit Bisiklet Yaka T-Shirt E001000,Avva,güzel ürün al ö de seçeneğinden yararlandım,Pozitif
Eşime almıştım çok beğendi severek giyiyor 👍🏻,5,Erkek %100 Pamuk Haki Slim Fit Bisiklet Yaka T-Shirt E001000,Avva,eşime almıştım çok beğendi severek giyiyor,Pozitif
güzel ürün teşekkürler,5,Erkek %100 Pamuk Haki Slim Fit Bisiklet Yaka T-Shirt E001000,Avva,güzel ürün teşekkürler,Pozitif
Dokusu çok güzel,5,Erkek %100 Pamuk Haki Slim Fit Bisiklet Yaka T-Shirt E001000,Avva,dokusu çok güzel,Pozitif
Cok guzel.hediye aldım.,5,Erkek %100 Pamuk Haki Slim Fit Bisiklet Yaka T-Shirt E001000,Avva,cok guzelhediye aldım,Pozitif
Çok kaliteli tşkl,5,Erkek %100 Pamuk Haki Slim Fit Bisiklet Yaka T-Shirt E001000,Avva,çok kaliteli tşkl,Pozitif
beğendim çok güzel,5,Erkek %100 Pamuk Haki Slim Fit Bisiklet Yaka T-Shirt E001000,Avva,beğendim çok güzel,Pozitif
kaliteli harika bir urun hızlı kargo teşekkür ederim,5,Erkek %100 Pamuk Haki Slim Fit Bisiklet Yaka T-Shirt E001000,Avva,kaliteli harika bir urun hızlı kargo teşekkür ederim,Pozitif
kaliteli ürün...,5,Erkek %100 Pamuk Haki Slim Fit Bisiklet Yaka T-Shirt E001000,Avva,kaliteli ürün,Pozitif
Çok güzel yumuşacık,5,Erkek %100 Pamuk Haki Slim Fit Bisiklet Yaka T-Shirt E001000,Avva,çok güzel yumuşacık,Pozitif
Çok güzel ürünüyle paketleri gönderim hızıyla teşekkürler,5,Erkek %100 Pamuk Haki Slim Fit Bisiklet Yaka T-Shirt E001000,Avva,çok güzel ürünüyle paketleri gönderim hızıyla teşekkürler,Pozitif
her rengini aldık pençesi cok kaliteli,5,Erkek %100 Pamuk Haki Slim Fit Bisiklet Yaka T-Shirt E001000,Avva,her rengini aldık pençesi cok kaliteli,Pozitif
ürün güzel,5,Erkek %100 Pamuk Haki Slim Fit Bisiklet Yaka T-Shirt E001000,Avva,ürün güzel,Pozitif
Yumuşacık çok güzel,5,Erkek %100 Pamuk Lacivert Bisiklet Yaka Düz Uzun Kol T-Shirt E001002,Avva,yumuşacık çok güzel,Pozitif
"F/P ürünü , rahat ve şık",5,Erkek %100 Pamuk Lacivert Bisiklet Yaka Düz Uzun Kol T-Shirt E001002,Avva,fp ürünü rahat ve şık,Pozitif
kaliteli ürün,5,Erkek %100 Pamuk Lacivert Bisiklet Yaka Düz Uzun Kol T-Shirt E001002,Avva,kaliteli ürün,Pozitif
təşəkkürlər trendyol və Avva,5,Erkek %100 Pamuk Lacivert Bisiklet Yaka Düz Uzun Kol T-Shirt E001002,Avva,tşkkürlr trendyol v avva,Pozitif
Kaliteli bir ürün. Tavsiye ederim,5,Erkek %100 Pamuk Lacivert Bisiklet Yaka Düz Uzun Kol T-Shirt E001002,Avva,kaliteli bir ürün tavsiye ederim,Pozitif
Ürün güzel mevsimlik teşekkürler,5,Erkek %100 Pamuk Lacivert Bisiklet Yaka Düz Uzun Kol T-Shirt E001002,Avva,ürün güzel mevsimlik teşekkürler,Pozitif
Ürün güzel,5,Erkek %100 Pamuk Lacivert Bisiklet Yaka Düz Uzun Kol T-Shirt E001002,Avva,ürün güzel,Pozitif
güzel tavsiye ederim,4,Erkek %100 Pamuk Lacivert Bisiklet Yaka Düz Uzun Kol T-Shirt E001002,Avva,güzel tavsiye ederim,Pozitif
cok guzel tesekkurler,5,Erkek %100 Pamuk Lacivert Bisiklet Yaka Düz Uzun Kol T-Shirt E001002,Avva,cok guzel tesekkurler,Pozitif
Begendim kaliteli teşekkür,5,Erkek %100 Pamuk Lacivert Bisiklet Yaka Düz Uzun Kol T-Shirt E001002,Avva,begendim kaliteli teşekkür,Pozitif
Güzel sevdim,5,Erkek %100 Pamuk Lacivert Bisiklet Yaka Düz Uzun Kol T-Shirt E001002,Avva,güzel sevdim,Pozitif
berbat urun tavsiye etmiyorum,1,Erkek %100 Pamuk Lacivert Bisiklet Yaka Düz Uzun Kol T-Shirt E001002,Avva,berbat urun tavsiye etmiyorum,Negatif
tavsiye etmiyorum almayın.,1,Erkek %100 Pamuk Lacivert Bisiklet Yaka Düz Uzun Kol T-Shirt E001002,Avva,tavsiye etmiyorum almayın,Negatif
Teşekkür ediyorum,5,Erkek %100 Pamuk Lacivert Bisiklet Yaka Düz Uzun Kol T-Shirt E001002,Avva,teşekkür ediyorum,Pozitif
Çok iyi tevsiye ederim,5,Erkek %100 Pamuk Lacivert Bisiklet Yaka Düz Uzun Kol T-Shirt E001002,Avva,çok iyi tevsiye ederim,Pozitif
güzel bir üründür tavsiye ederim,5,Erkek %100 Pamuk Lacivert Bisiklet Yaka Düz Uzun Kol T-Shirt E001002,Avva,güzel bir üründür tavsiye ederim,Pozitif
Kalitesi markayla uyumlu değil,3,Erkek %100 Pamuk Lacivert Bisiklet Yaka Düz Uzun Kol T-Shirt E001002,Avva,kalitesi markayla uyumlu değil,Nötr
Ürün güzel kaliteli,5,Erkek %100 Pamuk Lacivert Bisiklet Yaka Düz Uzun Kol T-Shirt E001002,Avva,ürün güzel kaliteli,Pozitif
beğenmedim kaliteli durmuyor,1,Erkek %100 Pamuk Lacivert Bisiklet Yaka Düz Uzun Kol T-Shirt E001002,Avva,beğenmedim kaliteli durmuyor,Negatif
tavsiye ederim..kaliteli penye,5,Erkek %100 Pamuk Lacivert Bisiklet Yaka Düz Uzun Kol T-Shirt E001002,Avva,tavsiye ederimkaliteli penye,Pozitif
Hiç beğenmedim,1,Erkek %100 Pamuk Lacivert Bisiklet Yaka Düz Uzun Kol T-Shirt E001002,Avva,hiç beğenmedim,Negatif
Tam mevsimlik güzel ürün,5,Erkek %100 Pamuk Lacivert Bisiklet Yaka Düz Uzun Kol T-Shirt E001002,Avva,tam mevsimlik güzel ürün,Pozitif
"harika , uygun fiyat..",5,Erkek %100 Pamuk Lacivert Bisiklet Yaka Düz Uzun Kol T-Shirt E001002,Avva,harika uygun fiyat,Pozitif
NORMAL,3,Erkek %100 Pamuk Lacivert Bisiklet Yaka Düz Uzun Kol T-Shirt E001002,Avva,normal,Nötr
penye kalitesi düşük mankendeki gibi durmuyor,1,Erkek %100 Pamuk Lacivert Bisiklet Yaka Düz Uzun Kol T-Shirt E001002,Avva,penye kalitesi düşük mankendeki gibi durmuyor,Negatif
Gayet başarılı bir ürün🤌,5,Erkek %100 Pamuk Lacivert Bisiklet Yaka Düz Uzun Kol T-Shirt E001002,Avva,gayet başarılı bir ürün,Pozitif
cok begendik,5,Erkek %100 Pamuk Lacivert Bisiklet Yaka Düz Uzun Kol T-Shirt E001002,Avva,cok begendik,Pozitif
ürün güzel sorunsuz avva kalitesi,5,Erkek %100 Pamuk Lacivert Bisiklet Yaka Düz Uzun Kol T-Shirt E001002,Avva,ürün güzel sorunsuz avva kalitesi,Pozitif
orta seviyede bir urun,3,Erkek %100 Pamuk Lacivert Bisiklet Yaka Düz Uzun Kol T-Shirt E001002,Avva,orta seviyede bir urun,Nötr
penyesi guzel fiyat ida iyii,5,Erkek %100 Pamuk Lacivert Bisiklet Yaka Düz Uzun Kol T-Shirt E001002,Avva,penyesi guzel fiyat ida iyii,Pozitif
"Gayet güzel 👍🏻 bir beden büyük alınması daha iyi olur rahatlık için , pamuklu rahat bir iç çamaşırı",5,Kadın Kırmızı - Lacivert 3 Lü Slip 66223,US Polo Assn,gayet güzel bir beden büyük alınması daha iyi olur rahatlık için pamuklu rahat bir iç çamaşırı,Pozitif
cok guzel pamuklu cok kaliteli,5,Kadın Kırmızı - Lacivert 3 Lü Slip 66223,US Polo Assn,cok guzel pamuklu cok kaliteli,Pozitif
Tam kalıp ve pamuklu çok rahat,5,Kadın Kırmızı - Lacivert 3 Lü Slip 66223,US Polo Assn,tam kalıp ve pamuklu çok rahat,Pozitif
bayildim indirimde iken aldim,5,Regular Fit Bisiklet Yaka Kısa Kollu Pamuklu Tişört X1537AZ22SP,Defacto,bayildim indirimde iken aldim,Pozitif
Çok rahat bir tşort,5,Regular Fit Bisiklet Yaka Kısa Kollu Pamuklu Tişört X1537AZ22SP,Defacto,çok rahat bir tşort,Pozitif
Çok güzel bir ürün,5,Regular Fit Bisiklet Yaka Kısa Kollu Pamuklu Tişört X1537AZ22SP,Defacto,çok güzel bir ürün,Pozitif
Çok güzel beğendim,5,Regular Fit Bisiklet Yaka Kısa Kollu Pamuklu Tişört X1537AZ22SP,Defacto,çok güzel beğendim,Pozitif
Çok rahat bir tişört. Ben dar giyinmeyi sevmediğim için 1 beden büyük aldım. İyi ki de öyle yapmışım çok daha güzel oldu.,4,Regular Fit Bisiklet Yaka Kısa Kollu Pamuklu Tişört X1537AZ22SP,Defacto,çok rahat bir tişört ben dar giyinmeyi sevmediğim için beden büyük aldım iyi ki de öyle yapmışım çok daha güzel oldu,Pozitif
kaliteli hızlı kargo,5,Regular Fit Bisiklet Yaka Kısa Kollu Pamuklu Tişört X1537AZ22SP,Defacto,kaliteli hızlı kargo,Pozitif
"ürün kaliteli,bir beden ufak alınabilir.",5,Regular Fit Bisiklet Yaka Kısa Kollu Pamuklu Tişört X1537AZ22SP,Defacto,ürün kalitelibir beden ufak alınabilir,Pozitif
Kendi bedeninizi alın.,5,Regular Fit Bisiklet Yaka Kısa Kollu Pamuklu Tişört X1537AZ22SP,Defacto,kendi bedeninizi alın,Pozitif
okadar rahatkı iki rengini aldım tşk defakto,5,Regular Fit Bisiklet Yaka Kısa Kollu Pamuklu Tişört X1537AZ22SP,Defacto,okadar rahatkı iki rengini aldım tşk defakto,Pozitif
Ürün renk olarak kalıp olarak çok güzel. üstelik kargo süreleri de hızlandı. teşekkürler .,5,Regular Fit Bisiklet Yaka Kısa Kollu Pamuklu Tişört X1537AZ22SP,Defacto,ürün renk olarak kalıp olarak çok güzel üstelik kargo süreleri de hızlandı teşekkürler,Pozitif
Çok güzel renk ve beden harika,5,Regular Fit Bisiklet Yaka Kısa Kollu Pamuklu Tişört X1537AZ22SP,Defacto,çok güzel renk ve beden harika,Pozitif
kumaşı cok güzel ama kol altı çok açık,4,Regular Fit Bisiklet Yaka Kısa Kollu Pamuklu Tişört X1537AZ22SP,Defacto,kumaşı cok güzel ama kol altı çok açık,Pozitif
Kalitesiz duruyor. İade ettim,2,Regular Fit Bisiklet Yaka Kısa Kollu Pamuklu Tişört X1537AZ22SP,Defacto,kalitesiz duruyor iade ettim,Negatif
iki tane aldım rendi duruşu süper ve kol altı kapaması var yani büyük beden de alınabilir,5,Regular Fit Bisiklet Yaka Kısa Kollu Pamuklu Tişört X1537AZ22SP,Defacto,iki tane aldım rendi duruşu süper ve kol altı kapaması var yani büyük beden de alınabilir,Pozitif
"Çok hızlı geldi. XXL bedenim onu söyledim ve tam geldi. Kumaşı çok güzel, pamuklu hissiyatını veriyor.",5,Bisiklet Yaka Siyah Basic Tişört Fitted / Vücuda Oturan Kesim 06605902,Mavi,çok hızlı geldi xxl bedenim onu söyledim ve tam geldi kumaşı çok güzel pamuklu hissiyatını veriyor,Pozitif
Cok iyi ürün,5,Oversize Fit Pamuklu Kısa Kollu Basic Tişört V4136AZ22SP,Defacto,cok iyi ürün,Pozitif
Müthiş bir kurtarıcı Boyfrend Tshirt 👍🏼 @selinyağcıoğlu sayesinde ki keşiflerimden 🥰,5,Oversize Fit Pamuklu Kısa Kollu Basic Tişört V4136AZ22SP,Defacto,müthiş bir kurtarıcı boyfrend tshirt selinyağcıoğlu sayesinde ki keşiflerimden,Pozitif
Ürün çok güzel aşırı rahat,5,Oversize Fit Pamuklu Kısa Kollu Basic Tişört V4136AZ22SP,Defacto,ürün çok güzel aşırı rahat,Pozitif
Çok beğendim tam istediğim gibi 1.63 boy 50 kilo s beden aldım gayet güzel oldu zamanında geldi tavsiye ederim :),5,Oversize Fit Pamuklu Kısa Kollu Basic Tişört V4136AZ22SP,Defacto,çok beğendim tam istediğim gibi boy kilo s beden aldım gayet güzel oldu zamanında geldi tavsiye ederim,Pozitif
Harika ürün,5,Oversize Fit Pamuklu Kısa Kollu Basic Tişört V4136AZ22SP,Defacto,harika ürün,Pozitif
ben 60kg L beden tercih ettim eğer salaş seviyosaniz kendi bedeninizden büyük alın 🤌🏻,5,Oversize Fit Pamuklu Kısa Kollu Basic Tişört V4136AZ22SP,Defacto,ben kg l beden tercih ettim eğer salaş seviyosaniz kendi bedeninizden büyük alın,Pozitif
Benim gibi salaş seviyorsanız mükemmel.,5,Oversize Fit Pamuklu Kısa Kollu Basic Tişört V4136AZ22SP,Defacto,benim gibi salaş seviyorsanız mükemmel,Pozitif
indirimden aldım çok beğendim,5,Oversize Fit Pamuklu Kısa Kollu Basic Tişört V4136AZ22SP,Defacto,indirimden aldım çok beğendim,Pozitif
54 kiloya s büyük geldi salaş istiyorsanız o ayrı tabi. Ama kumaşı başarılı,4,Oversize Fit Pamuklu Kısa Kollu Basic Tişört V4136AZ22SP,Defacto,kiloya s büyük geldi salaş istiyorsanız o ayrı tabi ama kumaşı başarılı,Pozitif
Çokkkkk beğendim aşırı güzel,5,Oversize Fit Pamuklu Kısa Kollu Basic Tişört V4136AZ22SP,Defacto,çokkkkk beğendim aşırı güzel,Pozitif
Gayet kaliteli,5,Oversize Fit Pamuklu Kısa Kollu Basic Tişört V4136AZ22SP,Defacto,gayet kaliteli,Pozitif
bayıldım harika 🌼🌼🌼,5,Oversize Fit Pamuklu Kısa Kollu Basic Tişört V4136AZ22SP,Defacto,bayıldım harika,Pozitif
Gayet iyi kizlar alabilirsiniz gönül rahatligiyla🥰,5,Oversize Fit Pamuklu Kısa Kollu Basic Tişört V4136AZ22SP,Defacto,gayet iyi kizlar alabilirsiniz gönül rahatligiyla,Pozitif
cok beğendim salaş,5,Oversize Fit Pamuklu Kısa Kollu Basic Tişört V4136AZ22SP,Defacto,cok beğendim salaş,Pozitif
Gayet guzel,5,Oversize Fit Pamuklu Kısa Kollu Basic Tişört V4136AZ22SP,Defacto,gayet guzel,Pozitif
Harika bayıldım 🥰,5,Oversize Fit Pamuklu Kısa Kollu Basic Tişört V4136AZ22SP,Defacto,harika bayıldım,Pozitif
Beğendim gayet güzel,4,Oversize Fit Pamuklu Kısa Kollu Basic Tişört V4136AZ22SP,Defacto,beğendim gayet güzel,Pozitif
Cok kaliteli kumasi cok memnun kaldim bedenleri gelince kucuk bedenini de almak istiyorum,5,Oversize Fit Pamuklu Kısa Kollu Basic Tişört V4136AZ22SP,Defacto,cok kaliteli kumasi cok memnun kaldim bedenleri gelince kucuk bedenini de almak istiyorum,Pozitif
Gayet kalıteli ve salaş düşünmeden alın,5,Oversize Fit Pamuklu Kısa Kollu Basic Tişört V4136AZ22SP,Defacto,gayet kalıteli ve salaş düşünmeden alın,Pozitif
mükemmel kaliteli sonuna kadar hak ediyor 5 yıldızı,5,Oversize Fit Pamuklu Kısa Kollu Basic Tişört V4136AZ22SP,Defacto,mükemmel kaliteli sonuna kadar hak ediyor yıldızı,Pozitif
güzel bir ürün,5,Oversize Fit Pamuklu Kısa Kollu Basic Tişört V4136AZ22SP,Defacto,güzel bir ürün,Pozitif
çok begendim,5,Oversize Fit Pamuklu Kısa Kollu Basic Tişört V4136AZ22SP,Defacto,çok begendim,Pozitif
gayet güzel tavsiye ederim,5,Oversize Fit Pamuklu Kısa Kollu Basic Tişört V4136AZ22SP,Defacto,gayet güzel tavsiye ederim,Pozitif
gayet iyi bir ürün,5,Oversize Fit Pamuklu Kısa Kollu Basic Tişört V4136AZ22SP,Defacto,gayet iyi bir ürün,Pozitif
Mis gibi bir tişört 🌸,5,Oversize Fit Pamuklu Kısa Kollu Basic Tişört V4136AZ22SP,Defacto,mis gibi bir tişört,Pozitif
cok guzel kaliteli baya,5,Oversize Fit Pamuklu Kısa Kollu Basic Tişört V4136AZ22SP,Defacto,cok guzel kaliteli baya,Pozitif
Harika harikaaaaa,5,Oversize Fit Pamuklu Kısa Kollu Basic Tişört V4136AZ22SP,Defacto,harika harikaaaaa,Pozitif
O kadar geniş o kadar kötü ki s beden almama rağmen içerisinde kayboldum.,1,Oversize Fit Pamuklu Kısa Kollu Basic Tişört V4136AZ22SP,Defacto,o kadar geniş o kadar kötü ki s beden almama rağmen içerisinde kayboldum,Negatif
hiç güzel değil atlet gibi,1,Oversize Fit Pamuklu Kısa Kollu Basic Tişört V4136AZ22SP,Defacto,hiç güzel değil atlet gibi,Negatif
Alın aldırın,5,Oversize Fit Pamuklu Kısa Kollu Basic Tişört V4136AZ22SP,Defacto,alın aldırın,Pozitif
Dokusu cok güzel,5,Erkek %100 Pamuk Vizon Düz Alttan Britli Yaka Regular Fit Uzun Kol Vual Gömlek E002206,Avva,dokusu cok güzel,Pozitif
Tam yazlık çok iyi,5,Erkek %100 Pamuk Vizon Düz Alttan Britli Yaka Regular Fit Uzun Kol Vual Gömlek E002206,Avva,tam yazlık çok iyi,Pozitif
Ürün kaliteli çok şık,5,Erkek %100 Pamuk Vizon Düz Alttan Britli Yaka Regular Fit Uzun Kol Vual Gömlek E002206,Avva,ürün kaliteli çok şık,Pozitif
çok şık ve rahat bir gömlek,5,Erkek %100 Pamuk Vizon Düz Alttan Britli Yaka Regular Fit Uzun Kol Vual Gömlek E002206,Avva,çok şık ve rahat bir gömlek,Pozitif
Kaliteli ürün,5,Erkek %100 Pamuk Vizon Düz Alttan Britli Yaka Regular Fit Uzun Kol Vual Gömlek E002206,Avva,kaliteli ürün,Pozitif
ürün çok güzel ve tam zamanında geldi teşekkürler,5,Erkek %100 Pamuk Vizon Düz Alttan Britli Yaka Regular Fit Uzun Kol Vual Gömlek E002206,Avva,ürün çok güzel ve tam zamanında geldi teşekkürler,Pozitif
Ürün çok güzel ve 1 günde geldi.,5,Erkek %100 Pamuk Vizon Düz Alttan Britli Yaka Regular Fit Uzun Kol Vual Gömlek E002206,Avva,ürün çok güzel ve günde geldi,Pozitif
fiyatına göre çok çok iyi çok beğendim,4,Erkek %100 Pamuk Vizon Düz Alttan Britli Yaka Regular Fit Uzun Kol Vual Gömlek E002206,Avva,fiyatına göre çok çok iyi çok beğendim,Pozitif
Eşime aldım çok beğendi kumaşı çok güzel,4,Erkek %100 Pamuk Vizon Düz Alttan Britli Yaka Regular Fit Uzun Kol Vual Gömlek E002206,Avva,eşime aldım çok beğendi kumaşı çok güzel,Pozitif
çok kaliteli bir ürün,5,Erkek %100 Pamuk Vizon Düz Alttan Britli Yaka Regular Fit Uzun Kol Vual Gömlek E002206,Avva,çok kaliteli bir ürün,Pozitif
Çok beğendim,5,Erkek %100 Pamuk Vizon Düz Alttan Britli Yaka Regular Fit Uzun Kol Vual Gömlek E002206,Avva,çok beğendim,Pozitif
harika bir ürün ...,5,Erkek %100 Pamuk Vizon Düz Alttan Britli Yaka Regular Fit Uzun Kol Vual Gömlek E002206,Avva,harika bir ürün,Pozitif
Avva kalitesi çok güzel👍,4,Erkek %100 Pamuk Vizon Düz Alttan Britli Yaka Regular Fit Uzun Kol Vual Gömlek E002206,Avva,avva kalitesi çok güzel,Pozitif
Gerçek bir avva kalitesi 🙏🏻,5,Erkek %100 Pamuk Vizon Düz Alttan Britli Yaka Regular Fit Uzun Kol Vual Gömlek E002206,Avva,gerçek bir avva kalitesi,Pozitif
Avva kalitesi harika,5,Erkek %100 Pamuk Vizon Düz Alttan Britli Yaka Regular Fit Uzun Kol Vual Gömlek E002206,Avva,avva kalitesi harika,Pozitif
Gerçekten çok kaliteli ve canlı herkese tavsiye ediyorum,5,Erkek %100 Pamuk Vizon Düz Alttan Britli Yaka Regular Fit Uzun Kol Vual Gömlek E002206,Avva,gerçekten çok kaliteli ve canlı herkese tavsiye ediyorum,Pozitif
kalitesi ve modeli çok güzel,5,Erkek %100 Pamuk Vizon Düz Alttan Britli Yaka Regular Fit Uzun Kol Vual Gömlek E002206,Avva,kalitesi ve modeli çok güzel,Pozitif
görselden çok daha güzel,5,Erkek %100 Pamuk Vizon Düz Alttan Britli Yaka Regular Fit Uzun Kol Vual Gömlek E002206,Avva,görselden çok daha güzel,Pozitif
Gayet başarılı fotoğraftakiyle benzerliği aynı serin ve güzel ürün,4,Erkek %100 Pamuk Vizon Düz Alttan Britli Yaka Regular Fit Uzun Kol Vual Gömlek E002206,Avva,gayet başarılı fotoğraftakiyle benzerliği aynı serin ve güzel ürün,Pozitif
nişanlım için aldık Çok güzel yeri var,5,Erkek %100 Pamuk Vizon Düz Alttan Britli Yaka Regular Fit Uzun Kol Vual Gömlek E002206,Avva,nişanlım için aldık çok güzel yeri var,Pozitif
Ürün çok güzel di tşk Avva,5,Erkek %100 Pamuk Vizon Düz Alttan Britli Yaka Regular Fit Uzun Kol Vual Gömlek E002206,Avva,ürün çok güzel di tşk avva,Pozitif
tam bir yaz ürünü,4,Erkek %100 Pamuk Vizon Düz Alttan Britli Yaka Regular Fit Uzun Kol Vual Gömlek E002206,Avva,tam bir yaz ürünü,Pozitif
Ürün çok kaliteli,5,Erkek %100 Pamuk Vizon Düz Alttan Britli Yaka Regular Fit Uzun Kol Vual Gömlek E002206,Avva,ürün çok kaliteli,Pozitif
ürün oldukça kaliteli 👍,5,Erkek %100 Pamuk Vizon Düz Alttan Britli Yaka Regular Fit Uzun Kol Vual Gömlek E002206,Avva,ürün oldukça kaliteli,Pozitif
Kumaşı tam yazlık çok güzel bir gömlek,5,Erkek %100 Pamuk Vizon Düz Alttan Britli Yaka Regular Fit Uzun Kol Vual Gömlek E002206,Avva,kumaşı tam yazlık çok güzel bir gömlek,Pozitif
ürün süper sadece rengini bu renk beklemeyin,5,Erkek %100 Pamuk Vizon Düz Alttan Britli Yaka Regular Fit Uzun Kol Vual Gömlek E002206,Avva,ürün süper sadece rengini bu renk beklemeyin,Pozitif
Beğendim ama rengi konusunda Bi kaç tık farklılık var oda çekimlerden dolayı,4,Erkek %100 Pamuk Vizon Düz Alttan Britli Yaka Regular Fit Uzun Kol Vual Gömlek E002206,Avva,beğendim ama rengi konusunda bi kaç tık farklılık var oda çekimlerden dolayı,Pozitif
Çok güzel tam kalıp alın,5,Erkek %100 Pamuk Vizon Düz Alttan Britli Yaka Regular Fit Uzun Kol Vual Gömlek E002206,Avva,çok güzel tam kalıp alın,Pozitif
indirimdeyken eşime aldım çok beğendi 84 kilo l beden biraz bol oldu tamirle halledilir,5,Erkek %100 Pamuk Vizon Düz Alttan Britli Yaka Regular Fit Uzun Kol Vual Gömlek E002206,Avva,indirimdeyken eşime aldım çok beğendi kilo l beden biraz bol oldu tamirle halledilir,Pozitif
Kaliteli yazlık kumaş ama kırışıyor,4,Erkek %100 Pamuk Vizon Düz Alttan Britli Yaka Regular Fit Uzun Kol Vual Gömlek E002206,Avva,kaliteli yazlık kumaş ama kırışıyor,Pozitif
kızıma aldım severek giyiyor,5,Oversize Fit Bisiklet Yaka Sırt Baskılı Kısa Kollu Pamuklu Tişört X9273AZ22SM,Defacto,kızıma aldım severek giyiyor,Pozitif
çok salaş...,5,Oversize Fit Bisiklet Yaka Sırt Baskılı Kısa Kollu Pamuklu Tişört X9273AZ22SM,Defacto,çok salaş,Pozitif
over size gayet rahat gorundigu gibi,4,Oversize Fit Bisiklet Yaka Sırt Baskılı Kısa Kollu Pamuklu Tişört X9273AZ22SM,Defacto,over size gayet rahat gorundigu gibi,Pozitif
sevgilime aldım çok beğendi,5,Oversize Fit Bisiklet Yaka Sırt Baskılı Kısa Kollu Pamuklu Tişört X9273AZ22SM,Defacto,sevgilime aldım çok beğendi,Pozitif
çok rahat ve salaş,5,Oversize Fit Bisiklet Yaka Sırt Baskılı Kısa Kollu Pamuklu Tişört X9273AZ22SM,Defacto,çok rahat ve salaş,Pozitif
Hoş oldu gerçekten.,5,Oversize Fit Bisiklet Yaka Sırt Baskılı Kısa Kollu Pamuklu Tişört X9273AZ22SM,Defacto,hoş oldu gerçekten,Pozitif
L bədən geyinirəm ama yenə də çox salaş qaldı əynimdə,1,Oversize Fit Bisiklet Yaka Sırt Baskılı Kısa Kollu Pamuklu Tişört X9273AZ22SM,Defacto,l bdn geyinirm ama yen d çox salaş qaldı ynimd,Negatif
AŞIRII TATLI HEMEN ALINNNN,5,Oversize Fit Bisiklet Yaka Sırt Baskılı Kısa Kollu Pamuklu Tişört X9273AZ22SM,Defacto,aşirii tatli hemen alinnnn,Pozitif
"Severek giyiyorum, şortla çok yakışıyor.",5,Oversize Fit Bisiklet Yaka Sırt Baskılı Kısa Kollu Pamuklu Tişört X9273AZ22SM,Defacto,severek giyiyorum şortla çok yakışıyor,Pozitif
çok güzel tereddüt etmeden alabilirsiniz salaş model,5,Oversize Fit Bisiklet Yaka Sırt Baskılı Kısa Kollu Pamuklu Tişört X9273AZ22SM,Defacto,çok güzel tereddüt etmeden alabilirsiniz salaş model,Pozitif
xxs almama rağmen m gibi durdu,5,Oversize Fit Bisiklet Yaka Sırt Baskılı Kısa Kollu Pamuklu Tişört X9273AZ22SM,Defacto,xxs almama rağmen m gibi durdu,Pozitif
asiri begendik cook guzel,5,Oversize Fit Bisiklet Yaka Sırt Baskılı Kısa Kollu Pamuklu Tişört X9273AZ22SM,Defacto,asiri begendik cook guzel,Pozitif
çok çok güzel teşekkür Trendyol,5,Oversize Fit Bisiklet Yaka Sırt Baskılı Kısa Kollu Pamuklu Tişört X9273AZ22SM,Defacto,çok çok güzel teşekkür trendyol,Pozitif
cok beğendim tavsiye ederim,5,Oversize Fit Bisiklet Yaka Sırt Baskılı Kısa Kollu Pamuklu Tişört X9273AZ22SM,Defacto,cok beğendim tavsiye ederim,Pozitif
harikaaaaa,5,Oversize Fit Bisiklet Yaka Sırt Baskılı Kısa Kollu Pamuklu Tişört X9273AZ22SM,Defacto,harikaaaaa,Pozitif
Çok güzel tavsiye ederim,5,Oversize Fit Bisiklet Yaka Sırt Baskılı Kısa Kollu Pamuklu Tişört X9273AZ22SM,Defacto,çok güzel tavsiye ederim,Pozitif
çok güzel kaliteli,5,Oversize Fit Bisiklet Yaka Sırt Baskılı Kısa Kollu Pamuklu Tişört X9273AZ22SM,Defacto,çok güzel kaliteli,Pozitif
cok guzel👍🏻👍🏻,5,Oversize Fit Bisiklet Yaka Sırt Baskılı Kısa Kollu Pamuklu Tişört X9273AZ22SM,Defacto,cok guzel,Pozitif
çok güzel ve pratik,4,Oversize Fit Bisiklet Yaka Sırt Baskılı Kısa Kollu Pamuklu Tişört X9273AZ22SM,Defacto,çok güzel ve pratik,Pozitif
severek kullaniyorum. kurtarici bir parca,5,Oversize Fit Bisiklet Yaka Sırt Baskılı Kısa Kollu Pamuklu Tişört X9273AZ22SM,Defacto,severek kullaniyorum kurtarici bir parca,Pozitif
Beklediğim gibi geldi güzel bi ürün,3,Oversize Fit Bisiklet Yaka Sırt Baskılı Kısa Kollu Pamuklu Tişört X9273AZ22SM,Defacto,beklediğim gibi geldi güzel bi ürün,Nötr
Oversize çok rahat güzel bir tişört.,5,Oversize Fit Bisiklet Yaka Sırt Baskılı Kısa Kollu Pamuklu Tişört X9273AZ22SM,Defacto,oversize çok rahat güzel bir tişört,Pozitif
👍 hızlı gönderi,5,Oversize Fit Bisiklet Yaka Sırt Baskılı Kısa Kollu Pamuklu Tişört X9273AZ22SM,Defacto,hızlı gönderi,Pozitif
Ovarsize tşört güzel renkler,4,Oversize Fit Bisiklet Yaka Sırt Baskılı Kısa Kollu Pamuklu Tişört X9273AZ22SM,Defacto,ovarsize tşört güzel renkler,Pozitif
düşündüğümden buyuk geldi ordan 1 yıldız kirdim sadece,4,Oversize Fit Bisiklet Yaka Sırt Baskılı Kısa Kollu Pamuklu Tişört X9273AZ22SM,Defacto,düşündüğümden buyuk geldi ordan yıldız kirdim sadece,Pozitif
S beden kızım için aldım bol rahat olsun M söyledik ama 2 xl eşime oldu inanılmaz büyük iade ediyoruz,1,Oversize Fit Bisiklet Yaka Sırt Baskılı Kısa Kollu Pamuklu Tişört X9273AZ22SM,Defacto,s beden kızım için aldım bol rahat olsun m söyledik ama xl eşime oldu inanılmaz büyük iade ediyoruz,Negatif
Küçük kızım için S beden almıştık ancak kalıbı çok büyük L büyüklüğünde hatta Xl gibi ancak yinede güzel ürün,4,Oversize Fit Bisiklet Yaka Sırt Baskılı Kısa Kollu Pamuklu Tişört X9273AZ22SM,Defacto,küçük kızım için s beden almıştık ancak kalıbı çok büyük l büyüklüğünde hatta xl gibi ancak yinede güzel ürün,Pozitif
Çok tatlı ve oversize,5,Oversize Fit Bisiklet Yaka Sırt Baskılı Kısa Kollu Pamuklu Tişört X9273AZ22SM,Defacto,çok tatlı ve oversize,Pozitif
"Renk daha koyu görseldekinden, amma güzel",5,Oversize Fit Bisiklet Yaka Sırt Baskılı Kısa Kollu Pamuklu Tişört X9273AZ22SM,Defacto,renk daha koyu görseldekinden amma güzel,Pozitif
kumaşına bayıldım yumuşacık hiç terletmiyor ve deseni güzel ..,5,Oversize Fit Bisiklet Yaka Sırt Baskılı Kısa Kollu Pamuklu Tişört X9273AZ22SM,Defacto,kumaşına bayıldım yumuşacık hiç terletmiyor ve deseni güzel,Pozitif
Çok beğendim dekoltesi sıfır diyemem ama körüğü sayesinde biraz kapanıyor bedeni tam beden kaliteli içinde süngeri var askıları ayarlanabilir normal derli toplu bir üst,5,Balenli Körüklü Bağcıklı Bikini Üst SB22940,Suwen,çok beğendim dekoltesi sıfır diyemem ama körüğü sayesinde biraz kapanıyor bedeni tam beden kaliteli içinde süngeri var askıları ayarlanabilir normal derli toplu bir üst,Pozitif
severek giyeceğim bikini üstü ön dekoltesi fazla değil gayet ideal,5,Volanlı Bralet Bikini Üst SB22400,Suwen,severek giyeceğim bikini üstü ön dekoltesi fazla değil gayet ideal,Pozitif
Rengine bayıldım tam pamuk şeker renginde,5,Erkek Pembe Oxford Düğmeli Yaka Regular Fit Gömlek E002000,Avva,rengine bayıldım tam pamuk şeker renginde,Pozitif
oğluma aldım çok beyendi AVVA kalitesi,5,Erkek %100 Pamuk Siyah Bisiklet Yaka Baskılı T-shirt A21Y1104,Avva,oğluma aldım çok beyendi avva kalitesi,Pozitif
Çok şık. Eşim çok beğendi.,5,Erkek %100 Pamuk Siyah Bisiklet Yaka Baskılı T-shirt A21Y1104,Avva,çok şık eşim çok beğendi,Pozitif
kaliteli ürün,4,Erkek %100 Pamuk Siyah Bisiklet Yaka Baskılı T-shirt A21Y1104,Avva,kaliteli ürün,Pozitif
guzel urun cok şık,5,Erkek %100 Pamuk Siyah Bisiklet Yaka Baskılı T-shirt A21Y1104,Avva,guzel urun cok şık,Pozitif
Çok beğendim baya havalı duruyor:),5,Erkek %100 Pamuk Siyah Bisiklet Yaka Baskılı T-shirt A21Y1104,Avva,çok beğendim baya havalı duruyor,Pozitif
Nişanlıma damat bohçası için aldım dokusu çok güzel 👌🏻,5,Erkek %100 Pamuk Siyah Bisiklet Yaka Baskılı T-shirt A21Y1104,Avva,nişanlıma damat bohçası için aldım dokusu çok güzel,Pozitif
Gerçekten kaliteli ürün✌🏼,5,Erkek %100 Pamuk Siyah Bisiklet Yaka Baskılı T-shirt A21Y1104,Avva,gerçekten kaliteli ürün,Pozitif
Çok güzel kaliteli,5,Erkek %100 Pamuk Siyah Bisiklet Yaka Baskılı T-shirt A21Y1104,Avva,çok güzel kaliteli,Pozitif
Ürün guzel kaliteli geldı,5,Erkek %100 Pamuk Siyah Bisiklet Yaka Baskılı T-shirt A21Y1104,Avva,ürün guzel kaliteli geldı,Pozitif
ürün çok iyi kalitesi gayet guzel,5,Erkek %100 Pamuk Siyah Bisiklet Yaka Baskılı T-shirt A21Y1104,Avva,ürün çok iyi kalitesi gayet guzel,Pozitif
avva kaliteai,5,Erkek %100 Pamuk Siyah Bisiklet Yaka Baskılı T-shirt A21Y1104,Avva,avva kaliteai,Pozitif
tam kalip çok guzel,5,Erkek %100 Pamuk Siyah Bisiklet Yaka Baskılı T-shirt A21Y1104,Avva,tam kalip çok guzel,Pozitif
Erkek arkadaşıma aldım çok beğendi tam beden,5,Erkek %100 Pamuk Siyah Bisiklet Yaka Baskılı T-shirt A21Y1104,Avva,erkek arkadaşıma aldım çok beğendi tam beden,Pozitif
Eşim çok beğendi yıkamadan sonra herhangi bir sorun yaşamadım 95 kilo Xxl tam oldu,5,Erkek %100 Pamuk Siyah Bisiklet Yaka Baskılı T-shirt A21Y1104,Avva,eşim çok beğendi yıkamadan sonra herhangi bir sorun yaşamadım kilo xxl tam oldu,Pozitif
avva kalitesi mukemmel tam beden alin.,5,Erkek %100 Pamuk Siyah Bisiklet Yaka Baskılı T-shirt A21Y1104,Avva,avva kalitesi mukemmel tam beden alin,Pozitif
Mük🤞kaliteli de,5,Erkek %100 Pamuk Siyah Bisiklet Yaka Baskılı T-shirt A21Y1104,Avva,mükkaliteli de,Pozitif
"Kalitesine tek kelimeyle bayıldık, bu markadan sürekli alışveriş yapacağız.",5,Erkek %100 Pamuk Siyah Bisiklet Yaka Baskılı T-shirt A21Y1104,Avva,kalitesine tek kelimeyle bayıldık bu markadan sürekli alışveriş yapacağız,Pozitif
Kaliteli ve uygun fiyat.,5,Erkek %100 Pamuk Siyah Bisiklet Yaka Baskılı T-shirt A21Y1104,Avva,kaliteli ve uygun fiyat,Pozitif
Kumaşı mükemmel,5,Erkek %100 Pamuk Siyah Bisiklet Yaka Baskılı T-shirt A21Y1104,Avva,kumaşı mükemmel,Pozitif
Ürünün rengi solmuş bir şekilde geldi.,1,Erkek %100 Pamuk Siyah Bisiklet Yaka Baskılı T-shirt A21Y1104,Avva,ürünün rengi solmuş bir şekilde geldi,Negatif
Kumaşı kalitesi harika:)),5,Erkek %100 Pamuk Siyah Bisiklet Yaka Baskılı T-shirt A21Y1104,Avva,kumaşı kalitesi harika,Pozitif
Çok kaliteli kumaşı ve duruşu çok begendik,5,Erkek %100 Pamuk Siyah Bisiklet Yaka Baskılı T-shirt A21Y1104,Avva,çok kaliteli kumaşı ve duruşu çok begendik,Pozitif
İlk yıkamadan kendini bıraktı tavsiye etmiyorum.,2,Erkek %100 Pamuk Siyah Bisiklet Yaka Baskılı T-shirt A21Y1104,Avva,ilk yıkamadan kendini bıraktı tavsiye etmiyorum,Negatif
güzel beğendik fakat yıkamadan sonra kabartması kalktı,5,Erkek %100 Pamuk Siyah Bisiklet Yaka Baskılı T-shirt A21Y1104,Avva,güzel beğendik fakat yıkamadan sonra kabartması kalktı,Pozitif
5 yıldız veriyorum ki yorumum üste çıksın diye bir yıkamada rengi soldu eskiden avva kalitesi vardı şimdi malesef artık burdan alışveriş yapmiyacagim,5,Erkek %100 Pamuk Siyah Bisiklet Yaka Baskılı T-shirt A21Y1104,Avva,yıldız veriyorum ki yorumum üste çıksın diye bir yıkamada rengi soldu eskiden avva kalitesi vardı şimdi malesef artık burdan alışveriş yapmiyacagim,Pozitif
Eşim 85 kiloda L beden giyiyor tam bedeni oldu. Çok beğendik,5,Erkek %100 Pamuk Siyah Bisiklet Yaka Baskılı T-shirt A21Y1104,Avva,eşim kiloda l beden giyiyor tam bedeni oldu çok beğendik,Pozitif
"kumaş yapısı ve çok iyi, beden olarak da süper oldu. paketlenmesini çok beğendim.",5,Erkek %100 Pamuk Siyah Bisiklet Yaka Baskılı T-shirt A21Y1104,Avva,kumaş yapısı ve çok iyi beden olarak da süper oldu paketlenmesini çok beğendim,Pozitif
Yıkanınca üzerindeki baskılar düşmeye başladı pek kaliteli değil,3,Erkek %100 Pamuk Siyah Bisiklet Yaka Baskılı T-shirt A21Y1104,Avva,yıkanınca üzerindeki baskılar düşmeye başladı pek kaliteli değil,Nötr
"kalıp çok iyi, yıka sık giy kumaşı da çok kaliteli.",5,Erkek %100 Pamuk Siyah Bisiklet Yaka Baskılı T-shirt A21Y1104,Avva,kalıp çok iyi yıka sık giy kumaşı da çok kaliteli,Pozitif
85kg 1.90cm boy L beden aldım çok güzel oturdu aşırı fit degil aşırı bolda degil tam kararinda. %100 koton mukemmel bi tisort,5,Erkek %100 Pamuk Siyah Bisiklet Yaka Baskılı T-shirt A21Y1104,Avva,kg cm boy l beden aldım çok güzel oturdu aşırı fit degil aşırı bolda degil tam kararinda koton mukemmel bi tisort,Pozitif
Çok güzel desenler biraz ince ama yaza uygun bir ürün,5,Nefes Istanbul X Regular Fit Desenli Pamuklu Kimono X9177AZ22HS,Defacto,çok güzel desenler biraz ince ama yaza uygun bir ürün,Pozitif
Harika nefes markasını çok severim defacto birlikteliklerine bayıldım 🌸 kumaşı zaten çok kaliteli,5,Nefes Istanbul X Regular Fit Desenli Pamuklu Kimono X9177AZ22HS,Defacto,harika nefes markasını çok severim defacto birlikteliklerine bayıldım kumaşı zaten çok kaliteli,Pozitif
güzel ürün,5,Loose Fit Bisiklet Yaka Mistik Sırt Baskılı Kısa Kollu Pamuklu Tişört X6357AZ22SM,Defacto,güzel ürün,Pozitif
aşırı güzel bir t-shirt,5,Loose Fit Bisiklet Yaka Mistik Sırt Baskılı Kısa Kollu Pamuklu Tişört X6357AZ22SM,Defacto,aşırı güzel bir tshirt,Pozitif
Çok güzel aşırı rahat ben taytın üzerine kullanıyorum aşırı güzel duruyor,5,Loose Fit Bisiklet Yaka Mistik Sırt Baskılı Kısa Kollu Pamuklu Tişört X6357AZ22SM,Defacto,çok güzel aşırı rahat ben taytın üzerine kullanıyorum aşırı güzel duruyor,Pozitif
Ürün çok güzel ve rahat . Eşim çok beğendi,5,Loose Fit Bisiklet Yaka Mistik Sırt Baskılı Kısa Kollu Pamuklu Tişört X6357AZ22SM,Defacto,ürün çok güzel ve rahat eşim çok beğendi,Pozitif
Kızıma aldım beğenerek kullanıyor 👍🏻,5,Loose Fit Bisiklet Yaka Mistik Sırt Baskılı Kısa Kollu Pamuklu Tişört X6357AZ22SM,Defacto,kızıma aldım beğenerek kullanıyor,Pozitif
güzel ürün,4,Loose Fit Bisiklet Yaka Mistik Sırt Baskılı Kısa Kollu Pamuklu Tişört X6357AZ22SM,Defacto,güzel ürün,Pozitif
Ürün gayet güzel rahatlıkla alabilirsiniz tavsiye ediyorum,5,Loose Fit Bisiklet Yaka Mistik Sırt Baskılı Kısa Kollu Pamuklu Tişört X6357AZ22SM,Defacto,ürün gayet güzel rahatlıkla alabilirsiniz tavsiye ediyorum,Pozitif
mükemmel bir tişört,5,Loose Fit Bisiklet Yaka Mistik Sırt Baskılı Kısa Kollu Pamuklu Tişört X6357AZ22SM,Defacto,mükemmel bir tişört,Pozitif
çok güzell,5,Loose Fit Bisiklet Yaka Mistik Sırt Baskılı Kısa Kollu Pamuklu Tişört X6357AZ22SM,Defacto,çok güzell,Pozitif
güzel kaliteli bir ürün,5,Loose Fit Bisiklet Yaka Mistik Sırt Baskılı Kısa Kollu Pamuklu Tişört X6357AZ22SM,Defacto,güzel kaliteli bir ürün,Pozitif
"Bayıldık biz kızımla, çok güzel",5,Loose Fit Bisiklet Yaka Mistik Sırt Baskılı Kısa Kollu Pamuklu Tişört X6357AZ22SM,Defacto,bayıldık biz kızımla çok güzel,Pozitif
Çok beğendim. 163 boy 55 kilo S aldım istediğim bollukta oldu. Daha da büyüğüne gerek yokmuş bence.,5,Loose Fit Bisiklet Yaka Mistik Sırt Baskılı Kısa Kollu Pamuklu Tişört X6357AZ22SM,Defacto,çok beğendim boy kilo s aldım istediğim bollukta oldu daha da büyüğüne gerek yokmuş bence,Pozitif
çok iyi herkese almasını öneririm kendi bedenim kalmadığı için bi büyük beden aldım iyi ki de öyle yapmışım tam istediğim gibi oldu sizinde bi büyük beden almanızı tavsiye ederim.,5,Loose Fit Bisiklet Yaka Mistik Sırt Baskılı Kısa Kollu Pamuklu Tişört X6357AZ22SM,Defacto,çok iyi herkese almasını öneririm kendi bedenim kalmadığı için bi büyük beden aldım iyi ki de öyle yapmışım tam istediğim gibi oldu sizinde bi büyük beden almanızı tavsiye ederim,Pozitif
kızıma aldım. günlük geyim için uygundur,5,Loose Fit Bisiklet Yaka Mistik Sırt Baskılı Kısa Kollu Pamuklu Tişört X6357AZ22SM,Defacto,kızıma aldım günlük geyim için uygundur,Pozitif
Öncelikle bayıldım üstümden çıkarmıyorum aldığımdan beri fiyatına göre çok kaliteli ama büyük beden alın,5,Loose Fit Bisiklet Yaka Mistik Sırt Baskılı Kısa Kollu Pamuklu Tişört X6357AZ22SM,Defacto,öncelikle bayıldım üstümden çıkarmıyorum aldığımdan beri fiyatına göre çok kaliteli ama büyük beden alın,Pozitif
çok beğendim,5,Loose Fit Bisiklet Yaka Mistik Sırt Baskılı Kısa Kollu Pamuklu Tişört X6357AZ22SM,Defacto,çok beğendim,Pozitif
beğendim tavsiye ediyorum,5,Loose Fit Bisiklet Yaka Mistik Sırt Baskılı Kısa Kollu Pamuklu Tişört X6357AZ22SM,Defacto,beğendim tavsiye ediyorum,Pozitif
bayıldım çok güzel tavsiye ederim 💖💖,5,Loose Fit Bisiklet Yaka Mistik Sırt Baskılı Kısa Kollu Pamuklu Tişört X6357AZ22SM,Defacto,bayıldım çok güzel tavsiye ederim,Pozitif
çok güzel bir tshirt çok beğendim,5,Loose Fit Bisiklet Yaka Mistik Sırt Baskılı Kısa Kollu Pamuklu Tişört X6357AZ22SM,Defacto,çok güzel bir tshirt çok beğendim,Pozitif
çok güzell,5,Loose Fit Bisiklet Yaka Mistik Sırt Baskılı Kısa Kollu Pamuklu Tişört X6357AZ22SM,Defacto,çok güzell,Pozitif
Çokk güzell aşırıı beğendimm,5,Loose Fit Bisiklet Yaka Mistik Sırt Baskılı Kısa Kollu Pamuklu Tişört X6357AZ22SM,Defacto,çokk güzell aşırıı beğendimm,Pozitif
Spor bır urun salaş duruyor bıraz gayet guzel,5,Loose Fit Bisiklet Yaka Mistik Sırt Baskılı Kısa Kollu Pamuklu Tişört X6357AZ22SM,Defacto,spor bır urun salaş duruyor bıraz gayet guzel,Pozitif
"Kızım o kadar çok beğendi ki, sırtından çıkarmıyor.🌺",5,Loose Fit Bisiklet Yaka Mistik Sırt Baskılı Kısa Kollu Pamuklu Tişört X6357AZ22SM,Defacto,kızım o kadar çok beğendi ki sırtından çıkarmıyor,Pozitif
tşörte bayıldım çok.güzel tam bedeninizi alın salaş duruyo zaten,5,Loose Fit Bisiklet Yaka Mistik Sırt Baskılı Kısa Kollu Pamuklu Tişört X6357AZ22SM,Defacto,tşörte bayıldım çokgüzel tam bedeninizi alın salaş duruyo zaten,Pozitif
harikaaaa hem yumuşak hem de tam görselde ki gibi rengi çok güzel,5,Loose Fit Bisiklet Yaka Mistik Sırt Baskılı Kısa Kollu Pamuklu Tişört X6357AZ22SM,Defacto,harikaaaa hem yumuşak hem de tam görselde ki gibi rengi çok güzel,Pozitif
güsssel tişört tam beden alabilirsiniz,4,Loose Fit Bisiklet Yaka Mistik Sırt Baskılı Kısa Kollu Pamuklu Tişört X6357AZ22SM,Defacto,güsssel tişört tam beden alabilirsiniz,Pozitif
Çok büyük geldi xs almama rağmen,1,Loose Fit Bisiklet Yaka Mistik Sırt Baskılı Kısa Kollu Pamuklu Tişört X6357AZ22SM,Defacto,çok büyük geldi xs almama rağmen,Negatif
Çok beğendim kendi bedenim oversize duruyor,5,Loose Fit Bisiklet Yaka Mistik Sırt Baskılı Kısa Kollu Pamuklu Tişört X6357AZ22SM,Defacto,çok beğendim kendi bedenim oversize duruyor,Pozitif
spor ve güzel bir tişört,4,Loose Fit Bisiklet Yaka Mistik Sırt Baskılı Kısa Kollu Pamuklu Tişört X6357AZ22SM,Defacto,spor ve güzel bir tişört,Pozitif
Çok güzel harika erkek yada bayan baya daha çok yakışıyor,5,Loose Fit Bisiklet Yaka Mistik Sırt Baskılı Kısa Kollu Pamuklu Tişört X6357AZ22SM,Defacto,çok güzel harika erkek yada bayan baya daha çok yakışıyor,Pozitif
sevgilimle beraber aldık ona çok yakışdı keşke xs alsaydım aöa güsssel,4,Coool Oversize Fit Bisiklet Yaka Baskılı Pamuklu Penye Tişört X3927AZ22SM,Defacto,sevgilimle beraber aldık ona çok yakışdı keşke xs alsaydım aöa güsssel,Pozitif
güzel ürün,5,Coool Oversize Fit Bisiklet Yaka Baskılı Pamuklu Penye Tişört X3927AZ22SM,Defacto,güzel ürün,Pozitif
harika beğendik,5,Coool Oversize Fit Bisiklet Yaka Baskılı Pamuklu Penye Tişört X3927AZ22SM,Defacto,harika beğendik,Pozitif
salaş durması için bir beden büyük almıştım ama birazcık şişko gosterdi mdkdnjd onun haricinde gayet rahat ve güzel. erkek şortuyla birlikte almıştım iki günde geldi 👍🏻,5,Coool Oversize Fit Bisiklet Yaka Baskılı Pamuklu Penye Tişört X3927AZ22SM,Defacto,salaş durması için bir beden büyük almıştım ama birazcık şişko gosterdi mdkdnjd onun haricinde gayet rahat ve güzel erkek şortuyla birlikte almıştım iki günde geldi,Pozitif
Kardeşime aldık tam oversize çok güzel duruyor kendi bedeninizi alabilirsiniz,5,Coool Oversize Fit Bisiklet Yaka Baskılı Pamuklu Penye Tişört X3927AZ22SM,Defacto,kardeşime aldık tam oversize çok güzel duruyor kendi bedeninizi alabilirsiniz,Pozitif
teşekkürler Trendyol çok hızlı geldi,5,Coool Oversize Fit Bisiklet Yaka Baskılı Pamuklu Penye Tişört X3927AZ22SM,Defacto,teşekkürler trendyol çok hızlı geldi,Pozitif
idare eder,2,Coool Oversize Fit Bisiklet Yaka Baskılı Pamuklu Penye Tişört X3927AZ22SM,Defacto,idare eder,Negatif
sevgilime almistim. kumasi durusu falan cok guzel ama ayrildik. erkekler niye ayrildiktan hemen sonra kari kiz eklemeye bu kadar merakli hic bilmiyorum. guzel tisort,5,Coool Oversize Fit Bisiklet Yaka Baskılı Pamuklu Penye Tişört X3927AZ22SM,Defacto,sevgilime almistim kumasi durusu falan cok guzel ama ayrildik erkekler niye ayrildiktan hemen sonra kari kiz eklemeye bu kadar merakli hic bilmiyorum guzel tisort,Pozitif
1 beden küçük alabilirsiniz.,5,Coool Oversize Fit Bisiklet Yaka Baskılı Pamuklu Penye Tişört X3927AZ22SM,Defacto,beden küçük alabilirsiniz,Pozitif
"Her zaman defacto tişortleri almışımdır ve kalite, tasarım rahatlık konusunda çok iyi",5,Coool Oversize Fit Bisiklet Yaka Baskılı Pamuklu Penye Tişört X3927AZ22SM,Defacto,her zaman defacto tişortleri almışımdır ve kalite tasarım rahatlık konusunda çok iyi,Pozitif
biraz büyük oluyo onu söylüyeyim,5,Coool Oversize Fit Bisiklet Yaka Baskılı Pamuklu Penye Tişört X3927AZ22SM,Defacto,biraz büyük oluyo onu söylüyeyim,Pozitif
Ürün çok güzel ama XL giydiğim halde L aldım çok bol oldu S olsa anca olurmuş ama ürün çok güzel çok kaliteli,5,Coool Oversize Fit Bisiklet Yaka Baskılı Pamuklu Penye Tişört X3927AZ22SM,Defacto,ürün çok güzel ama xl giydiğim halde l aldım çok bol oldu s olsa anca olurmuş ama ürün çok güzel çok kaliteli,Pozitif
"penyesi pamuklu yumuşacık kalıbı tam,kendi bedeninizi alabilirsiniz",5,Logo Baskılı Siyah Tişört Slim Fit / Dar Kesim 065168-900,Mavi,penyesi pamuklu yumuşacık kalıbı tamkendi bedeninizi alabilirsiniz,Pozitif
Harika ürün alabilirsiniz.,5,Erkek %100 Pamuk Turuncu Polo Yaka Düz T-Shirt E001004,Avva,harika ürün alabilirsiniz,Pozitif
güzel tshirt,5,Erkek %100 Pamuk Turuncu Polo Yaka Düz T-Shirt E001004,Avva,güzel tshirt,Pozitif
Gayet güzel tavsiye ederim,5,Erkek %100 Pamuk Turuncu Polo Yaka Düz T-Shirt E001004,Avva,gayet güzel tavsiye ederim,Pozitif
çok güzel kaliteli,5,Erkek %100 Pamuk Turuncu Polo Yaka Düz T-Shirt E001004,Avva,çok güzel kaliteli,Pozitif
çok iyi,5,Erkek %100 Pamuk Turuncu Polo Yaka Düz T-Shirt E001004,Avva,çok iyi,Pozitif
Çok güzel kaliteli geldi,4,Erkek %100 Pamuk Turuncu Polo Yaka Düz T-Shirt E001004,Avva,çok güzel kaliteli geldi,Pozitif
çok güzel ve kaliteli,5,Erkek %100 Pamuk Turuncu Polo Yaka Düz T-Shirt E001004,Avva,çok güzel ve kaliteli,Pozitif
çok çok guzel,5,Erkek %100 Pamuk Turuncu Polo Yaka Düz T-Shirt E001004,Avva,çok çok guzel,Pozitif
Kaliteli ve güzel,5,Erkek %100 Pamuk Turuncu Polo Yaka Düz T-Shirt E001004,Avva,kaliteli ve güzel,Pozitif
Beğendım kalitesi güzel,4,Erkek %100 Pamuk Turuncu Polo Yaka Düz T-Shirt E001004,Avva,beğendım kalitesi güzel,Pozitif
güzel kaliteli,5,Erkek %100 Pamuk Turuncu Polo Yaka Düz T-Shirt E001004,Avva,güzel kaliteli,Pozitif
güzel ürün,5,Erkek %100 Pamuk Turuncu Polo Yaka Düz T-Shirt E001004,Avva,güzel ürün,Pozitif
Rahat ürün teşekkürler,5,Erkek %100 Pamuk Turuncu Polo Yaka Düz T-Shirt E001004,Avva,rahat ürün teşekkürler,Pozitif
"Avva kalitesi tabiki kendini belli ediyor, rengi de çok güzel bir turuncu",5,Erkek %100 Pamuk Turuncu Polo Yaka Düz T-Shirt E001004,Avva,avva kalitesi tabiki kendini belli ediyor rengi de çok güzel bir turuncu,Pozitif
Gayet kaliteli ve güzel,4,Erkek %100 Pamuk Turuncu Polo Yaka Düz T-Shirt E001004,Avva,gayet kaliteli ve güzel,Pozitif
Çok beğendim,5,Erkek %100 Pamuk Turuncu Polo Yaka Düz T-Shirt E001004,Avva,çok beğendim,Pozitif
eşime yıldönümü hediyesi olarak almıştım kalitesi gayet güzel,5,Erkek %100 Pamuk Turuncu Polo Yaka Düz T-Shirt E001004,Avva,eşime yıldönümü hediyesi olarak almıştım kalitesi gayet güzel,Pozitif
Ürün güzel,5,Erkek %100 Pamuk Turuncu Polo Yaka Düz T-Shirt E001004,Avva,ürün güzel,Pozitif
Eşime aldım babama da alacağım çok güzel,4,Erkek %100 Pamuk Turuncu Polo Yaka Düz T-Shirt E001004,Avva,eşime aldım babama da alacağım çok güzel,Pozitif
Güzel bir ürün tavsiye ederim tam bedeninizi alın,5,Erkek %100 Pamuk Turuncu Polo Yaka Düz T-Shirt E001004,Avva,güzel bir ürün tavsiye ederim tam bedeninizi alın,Pozitif
Duruşu güzel ve kaliteli bedenleri tam. Eşine almıştım eşim çok beğendi 3 tane daha aldı.,5,Erkek %100 Pamuk Turuncu Polo Yaka Düz T-Shirt E001004,Avva,duruşu güzel ve kaliteli bedenleri tam eşine almıştım eşim çok beğendi tane daha aldı,Pozitif
Çok güzel ve rahat,5,Erkek %100 Pamuk Turuncu Polo Yaka Düz T-Shirt E001004,Avva,çok güzel ve rahat,Pozitif
erkek arkadaşıma hediye aldım çok beğendi çok güzel kaliteli bir tişört,5,Erkek %100 Pamuk Turuncu Polo Yaka Düz T-Shirt E001004,Avva,erkek arkadaşıma hediye aldım çok beğendi çok güzel kaliteli bir tişört,Pozitif
çok guzel renkleri var cıvıl civil,5,Erkek %100 Pamuk Turuncu Polo Yaka Düz T-Shirt E001004,Avva,çok guzel renkleri var cıvıl civil,Pozitif
Rengi çok güzel,5,Erkek %100 Pamuk Turuncu Polo Yaka Düz T-Shirt E001004,Avva,rengi çok güzel,Pozitif
Kumaşı çok güzel kaliteli 👍🏻,5,Erkek %100 Pamuk Turuncu Polo Yaka Düz T-Shirt E001004,Avva,kumaşı çok güzel kaliteli,Pozitif
Kalite solma yok,5,Erkek %100 Pamuk Turuncu Polo Yaka Düz T-Shirt E001004,Avva,kalite solma yok,Pozitif
Göründüğü gibi çok canlı bi rengi var,5,Erkek %100 Pamuk Turuncu Polo Yaka Düz T-Shirt E001004,Avva,göründüğü gibi çok canlı bi rengi var,Pozitif
Rengi çok hoşş,5,Erkek %100 Pamuk Turuncu Polo Yaka Düz T-Shirt E001004,Avva,rengi çok hoşş,Pozitif
kalite hızlı kargo,5,Erkek %100 Pamuk Turuncu Polo Yaka Düz T-Shirt E001004,Avva,kalite hızlı kargo,Pozitif
Güzel bir ürün,4,Regular Fit Pamuklu Bermuda Şort X6153AZ22HS,Defacto,güzel bir ürün,Pozitif
gayet güzel kaliteli,5,Regular Fit Pamuklu Bermuda Şort X6153AZ22HS,Defacto,gayet güzel kaliteli,Pozitif
mükemmel ötesi,5,Regular Fit Pamuklu Bermuda Şort X6153AZ22HS,Defacto,mükemmel ötesi,Pozitif
Çok rahat vallaha sevdim,5,Regular Fit Pamuklu Bermuda Şort X6153AZ22HS,Defacto,çok rahat vallaha sevdim,Pozitif
Penye olduğu halde çok şık duruyor. Tam bedeninizi alın,5,Regular Fit Pamuklu Bermuda Şort X6153AZ22HS,Defacto,penye olduğu halde çok şık duruyor tam bedeninizi alın,Pozitif
Ürün çok iyi kaliteli,5,Regular Fit Pamuklu Bermuda Şort X6153AZ22HS,Defacto,ürün çok iyi kaliteli,Pozitif
çok güzel,5,Regular Fit Pamuklu Bermuda Şort X6153AZ22HS,Defacto,çok güzel,Pozitif
cok guzel cok beyendim,5,Regular Fit Pamuklu Bermuda Şort X6153AZ22HS,Defacto,cok guzel cok beyendim,Pozitif
her dolaba lazım,5,Regular Fit Pamuklu Bermuda Şort X6153AZ22HS,Defacto,her dolaba lazım,Pozitif
Çok rahat güzel,5,Regular Fit Pamuklu Bermuda Şort X6153AZ22HS,Defacto,çok rahat güzel,Pozitif
Aşırı beğenmedim ama rahat,3,Regular Fit Pamuklu Bermuda Şort X6153AZ22HS,Defacto,aşırı beğenmedim ama rahat,Nötr
Kalitesi baya iyi ve rahat.,5,Regular Fit Pamuklu Bermuda Şort X6153AZ22HS,Defacto,kalitesi baya iyi ve rahat,Pozitif
tiril tiril rahat bir şort..,5,Regular Fit Pamuklu Bermuda Şort X6153AZ22HS,Defacto,tiril tiril rahat bir şort,Pozitif
Tam bedeninizi alabilirsiniz,5,Regular Fit Pamuklu Bermuda Şort X6153AZ22HS,Defacto,tam bedeninizi alabilirsiniz,Pozitif
kızıma aldım çok sevindi..harika bir ürün,5,Regular Fit Pamuklu Bermuda Şort X6153AZ22HS,Defacto,kızıma aldım çok sevindiharika bir ürün,Pozitif
DeFactodan ne zaman sipariş versem hep 1 beden küçük geliyo 3xl verdim 2xl gelmiş oldu ama yapıştı üzerime kötü olmadı ama az dikkat edin olmayadabilirdi,5,Regular Fit Pamuklu Bermuda Şort X6153AZ22HS,Defacto,defactodan ne zaman sipariş versem hep beden küçük geliyo xl verdim xl gelmiş oldu ama yapıştı üzerime kötü olmadı ama az dikkat edin olmayadabilirdi,Pozitif
Çok güzel dedi kızım,5,Regular Fit Pamuklu Bermuda Şort X6153AZ22HS,Defacto,çok güzel dedi kızım,Pozitif
Evde giymek için aldım gayet rahat memnunum teşekkürler,4,Regular Fit Pamuklu Bermuda Şort X6153AZ22HS,Defacto,evde giymek için aldım gayet rahat memnunum teşekkürler,Pozitif
tek kelımeyle mukemmel,4,Regular Fit Pamuklu Bermuda Şort X6153AZ22HS,Defacto,tek kelımeyle mukemmel,Pozitif
tam kalıp teşekkürler,5,Regular Fit Pamuklu Bermuda Şort X6153AZ22HS,Defacto,tam kalıp teşekkürler,Pozitif
çok rahat bir şort,5,Regular Fit Pamuklu Bermuda Şort X6153AZ22HS,Defacto,çok rahat bir şort,Pozitif
Çok rahat ve kullanışlı,5,Regular Fit Pamuklu Bermuda Şort X6153AZ22HS,Defacto,çok rahat ve kullanışlı,Pozitif
Çok rahat ve çok güzel,5,Regular Fit Pamuklu Bermuda Şort X6153AZ22HS,Defacto,çok rahat ve çok güzel,Pozitif
Kendi bedenimden bir beden büyük aldım rahat çok güzel,5,Regular Fit Pamuklu Bermuda Şort X6153AZ22HS,Defacto,kendi bedenimden bir beden büyük aldım rahat çok güzel,Pozitif
Çok sevdim renklerinide alucam,5,Regular Fit Pamuklu Bermuda Şort X6153AZ22HS,Defacto,çok sevdim renklerinide alucam,Pozitif
Bu fiyata bu ürün bence gayet iyi. Bikaç yaz idare eder.,5,Regular Fit Pamuklu Bermuda Şort X6153AZ22HS,Defacto,bu fiyata bu ürün bence gayet iyi bikaç yaz idare eder,Pozitif
şık rahat,5,Regular Fit Pamuklu Bermuda Şort X6153AZ22HS,Defacto,şık rahat,Pozitif
çok rahat ve şık,5,Regular Fit Pamuklu Bermuda Şort X6153AZ22HS,Defacto,çok rahat ve şık,Pozitif
"çok rahat, güzel bir şort",5,Regular Fit Pamuklu Bermuda Şort X6153AZ22HS,Defacto,çok rahat güzel bir şort,Pozitif
rahat bir şort ben evde giymek için aldım cok hoşuma gitti 👍,5,Regular Fit Pamuklu Bermuda Şort X6153AZ22HS,Defacto,rahat bir şort ben evde giymek için aldım cok hoşuma gitti,Pozitif
Harika ürün alabilirsiniz.,5,Erkek %100 Pamuk Turuncu Polo Yaka Düz T-Shirt E001004,Avva,harika ürün alabilirsiniz,Pozitif
güzel tshirt,5,Erkek %100 Pamuk Turuncu Polo Yaka Düz T-Shirt E001004,Avva,güzel tshirt,Pozitif
Gayet güzel tavsiye ederim,5,Erkek %100 Pamuk Turuncu Polo Yaka Düz T-Shirt E001004,Avva,gayet güzel tavsiye ederim,Pozitif
çok güzel kaliteli,5,Erkek %100 Pamuk Turuncu Polo Yaka Düz T-Shirt E001004,Avva,çok güzel kaliteli,Pozitif
çok iyi,5,Erkek %100 Pamuk Turuncu Polo Yaka Düz T-Shirt E001004,Avva,çok iyi,Pozitif
Çok güzel kaliteli geldi,4,Erkek %100 Pamuk Turuncu Polo Yaka Düz T-Shirt E001004,Avva,çok güzel kaliteli geldi,Pozitif
çok güzel ve kaliteli,5,Erkek %100 Pamuk Turuncu Polo Yaka Düz T-Shirt E001004,Avva,çok güzel ve kaliteli,Pozitif
çok çok guzel,5,Erkek %100 Pamuk Turuncu Polo Yaka Düz T-Shirt E001004,Avva,çok çok guzel,Pozitif
Kaliteli ve güzel,5,Erkek %100 Pamuk Turuncu Polo Yaka Düz T-Shirt E001004,Avva,kaliteli ve güzel,Pozitif
Beğendım kalitesi güzel,4,Erkek %100 Pamuk Turuncu Polo Yaka Düz T-Shirt E001004,Avva,beğendım kalitesi güzel,Pozitif
güzel kaliteli,5,Erkek %100 Pamuk Turuncu Polo Yaka Düz T-Shirt E001004,Avva,güzel kaliteli,Pozitif
güzel ürün,5,Erkek %100 Pamuk Turuncu Polo Yaka Düz T-Shirt E001004,Avva,güzel ürün,Pozitif
Rahat ürün teşekkürler,5,Erkek %100 Pamuk Turuncu Polo Yaka Düz T-Shirt E001004,Avva,rahat ürün teşekkürler,Pozitif
"Avva kalitesi tabiki kendini belli ediyor, rengi de çok güzel bir turuncu",5,Erkek %100 Pamuk Turuncu Polo Yaka Düz T-Shirt E001004,Avva,avva kalitesi tabiki kendini belli ediyor rengi de çok güzel bir turuncu,Pozitif
Gayet kaliteli ve güzel,4,Erkek %100 Pamuk Turuncu Polo Yaka Düz T-Shirt E001004,Avva,gayet kaliteli ve güzel,Pozitif
Çok beğendim,5,Erkek %100 Pamuk Turuncu Polo Yaka Düz T-Shirt E001004,Avva,çok beğendim,Pozitif
eşime yıldönümü hediyesi olarak almıştım kalitesi gayet güzel,5,Erkek %100 Pamuk Turuncu Polo Yaka Düz T-Shirt E001004,Avva,eşime yıldönümü hediyesi olarak almıştım kalitesi gayet güzel,Pozitif
Ürün güzel,5,Erkek %100 Pamuk Turuncu Polo Yaka Düz T-Shirt E001004,Avva,ürün güzel,Pozitif
Eşime aldım babama da alacağım çok güzel,4,Erkek %100 Pamuk Turuncu Polo Yaka Düz T-Shirt E001004,Avva,eşime aldım babama da alacağım çok güzel,Pozitif
Güzel bir ürün tavsiye ederim tam bedeninizi alın,5,Erkek %100 Pamuk Turuncu Polo Yaka Düz T-Shirt E001004,Avva,güzel bir ürün tavsiye ederim tam bedeninizi alın,Pozitif
Duruşu güzel ve kaliteli bedenleri tam. Eşine almıştım eşim çok beğendi 3 tane daha aldı.,5,Erkek %100 Pamuk Turuncu Polo Yaka Düz T-Shirt E001004,Avva,duruşu güzel ve kaliteli bedenleri tam eşine almıştım eşim çok beğendi tane daha aldı,Pozitif
Çok güzel ve rahat,5,Erkek %100 Pamuk Turuncu Polo Yaka Düz T-Shirt E001004,Avva,çok güzel ve rahat,Pozitif
erkek arkadaşıma hediye aldım çok beğendi çok güzel kaliteli bir tişört,5,Erkek %100 Pamuk Turuncu Polo Yaka Düz T-Shirt E001004,Avva,erkek arkadaşıma hediye aldım çok beğendi çok güzel kaliteli bir tişört,Pozitif
çok guzel renkleri var cıvıl civil,5,Erkek %100 Pamuk Turuncu Polo Yaka Düz T-Shirt E001004,Avva,çok guzel renkleri var cıvıl civil,Pozitif
Rengi çok güzel,5,Erkek %100 Pamuk Turuncu Polo Yaka Düz T-Shirt E001004,Avva,rengi çok güzel,Pozitif
Kumaşı çok güzel kaliteli 👍🏻,5,Erkek %100 Pamuk Turuncu Polo Yaka Düz T-Shirt E001004,Avva,kumaşı çok güzel kaliteli,Pozitif
Kalite solma yok,5,Erkek %100 Pamuk Turuncu Polo Yaka Düz T-Shirt E001004,Avva,kalite solma yok,Pozitif
Göründüğü gibi çok canlı bi rengi var,5,Erkek %100 Pamuk Turuncu Polo Yaka Düz T-Shirt E001004,Avva,göründüğü gibi çok canlı bi rengi var,Pozitif
Rengi çok hoşş,5,Erkek %100 Pamuk Turuncu Polo Yaka Düz T-Shirt E001004,Avva,rengi çok hoşş,Pozitif
kalite hızlı kargo,5,Erkek %100 Pamuk Turuncu Polo Yaka Düz T-Shirt E001004,Avva,kalite hızlı kargo,Pozitif
harika bi pantolon müthiş hafif tam yazlık,5,Erkek %100 Pamuk Taş Yandan Cepli Beli Lastikli Kordonlu Relaxed Fit Pantolon E003052,Avva,harika bi pantolon müthiş hafif tam yazlık,Pozitif
memnun kaldık,5,Erkek %100 Pamuk Taş Yandan Cepli Beli Lastikli Kordonlu Relaxed Fit Pantolon E003052,Avva,memnun kaldık,Pozitif
Rahat çok güzel,5,Erkek %100 Pamuk Taş Yandan Cepli Beli Lastikli Kordonlu Relaxed Fit Pantolon E003052,Avva,rahat çok güzel,Pozitif
Erkek arkadaşıma aldım ikimizde bayıldık çok rahat çok güzel,5,Erkek %100 Pamuk Taş Yandan Cepli Beli Lastikli Kordonlu Relaxed Fit Pantolon E003052,Avva,erkek arkadaşıma aldım ikimizde bayıldık çok rahat çok güzel,Pozitif
Çok güzel ürün,5,Erkek %100 Pamuk Taş Yandan Cepli Beli Lastikli Kordonlu Relaxed Fit Pantolon E003052,Avva,çok güzel ürün,Pozitif
avva kalitesi çok güzel çok rahat tavsiye ederim👍🏻,5,Erkek %100 Pamuk Taş Yandan Cepli Beli Lastikli Kordonlu Relaxed Fit Pantolon E003052,Avva,avva kalitesi çok güzel çok rahat tavsiye ederim,Pozitif
bedeninizi alın kalite,5,Erkek %100 Pamuk Taş Yandan Cepli Beli Lastikli Kordonlu Relaxed Fit Pantolon E003052,Avva,bedeninizi alın kalite,Pozitif
kumaş güzel rahat giyim,5,Erkek %100 Pamuk Taş Yandan Cepli Beli Lastikli Kordonlu Relaxed Fit Pantolon E003052,Avva,kumaş güzel rahat giyim,Pozitif
erkek arkadaşıma ve kardeşime aldım 180 boy 80 kilo large aldım tam oldu,5,Erkek %100 Pamuk Taş Yandan Cepli Beli Lastikli Kordonlu Relaxed Fit Pantolon E003052,Avva,erkek arkadaşıma ve kardeşime aldım boy kilo large aldım tam oldu,Pozitif
çok beğendik çok kaliteli anca büyük geldi L iade ettim M alacağım,5,Erkek %100 Pamuk Taş Yandan Cepli Beli Lastikli Kordonlu Relaxed Fit Pantolon E003052,Avva,çok beğendik çok kaliteli anca büyük geldi l iade ettim m alacağım,Pozitif
Kullanışlı ve rahat bir pantolon tavsiye ederim.,5,Erkek %100 Pamuk Taş Yandan Cepli Beli Lastikli Kordonlu Relaxed Fit Pantolon E003052,Avva,kullanışlı ve rahat bir pantolon tavsiye ederim,Pozitif
Avva diye istedik çok kalitesizdi,1,Erkek %100 Pamuk Taş Yandan Cepli Beli Lastikli Kordonlu Relaxed Fit Pantolon E003052,Avva,avva diye istedik çok kalitesizdi,Negatif
Eşim için aldım güzel,4,Erkek %100 Pamuk Taş Yandan Cepli Beli Lastikli Kordonlu Relaxed Fit Pantolon E003052,Avva,eşim için aldım güzel,Pozitif
resimdeki ile ayni,5,Erkek %100 Pamuk Taş Yandan Cepli Beli Lastikli Kordonlu Relaxed Fit Pantolon E003052,Avva,resimdeki ile ayni,Pozitif
İdare eder,3,Erkek %100 Pamuk Taş Yandan Cepli Beli Lastikli Kordonlu Relaxed Fit Pantolon E003052,Avva,idare eder,Nötr
Hızlı kargo harikasınız,5,Erkek %100 Pamuk Taş Yandan Cepli Beli Lastikli Kordonlu Relaxed Fit Pantolon E003052,Avva,hızlı kargo harikasınız,Pozitif
Çok şık avva kalitesi %100 pamuk güzel paketleme,5,Erkek %100 Pamuk Taş Yandan Cepli Beli Lastikli Kordonlu Relaxed Fit Pantolon E003052,Avva,çok şık avva kalitesi pamuk güzel paketleme,Pozitif
"Bedenden tereddüt ediyordum ama iyiki bir beden büyük almışım,güzel ürün teşekkürler 👍",5,Erkek %100 Pamuk Taş Yandan Cepli Beli Lastikli Kordonlu Relaxed Fit Pantolon E003052,Avva,bedenden tereddüt ediyordum ama iyiki bir beden büyük almışımgüzel ürün teşekkürler,Pozitif
"pantolon güzelde 1,85 boy 85 kilo olarak L beden aldım bende slim durdu halbuki mankende rahat beden duruyıor xl tercih edilebilir",5,Erkek %100 Pamuk Taş Yandan Cepli Beli Lastikli Kordonlu Relaxed Fit Pantolon E003052,Avva,pantolon güzelde boy kilo olarak l beden aldım bende slim durdu halbuki mankende rahat beden duruyıor xl tercih edilebilir,Pozitif
ürün harika indirimden aldım sadece kargo uzun sürdü,5,Erkek %100 Pamuk Taş Yandan Cepli Beli Lastikli Kordonlu Relaxed Fit Pantolon E003052,Avva,ürün harika indirimden aldım sadece kargo uzun sürdü,Pozitif
Çok beğendi eşim. M beden giyiyo m tam oldu,5,Erkek %100 Pamuk Taş Yandan Cepli Beli Lastikli Kordonlu Relaxed Fit Pantolon E003052,Avva,çok beğendi eşim m beden giyiyo m tam oldu,Pozitif
kumaşı kalitesi çok güzel gri ve bej rengini aldım çok memnunum tavsiye ederim,5,Erkek %100 Pamuk Taş Yandan Cepli Beli Lastikli Kordonlu Relaxed Fit Pantolon E003052,Avva,kumaşı kalitesi çok güzel gri ve bej rengini aldım çok memnunum tavsiye ederim,Pozitif
"pantolonun kumaşı çok güzel tam yazlık, her renkle kombinlenebilir",5,Erkek %100 Pamuk Taş Yandan Cepli Beli Lastikli Kordonlu Relaxed Fit Pantolon E003052,Avva,pantolonun kumaşı çok güzel tam yazlık her renkle kombinlenebilir,Pozitif
Ürünün kumaşı ince yazlık güzel yok anınca çekiyor bilginize,4,Erkek %100 Pamuk Taş Yandan Cepli Beli Lastikli Kordonlu Relaxed Fit Pantolon E003052,Avva,ürünün kumaşı ince yazlık güzel yok anınca çekiyor bilginize,Pozitif
Pantolon gerçekten çok güzel kaliteli. eşim m giyiyor üzerine oldu ama slim bir model paçaları sarıyor daha rahat olması 6cin iade edip L beden aldık.,5,Erkek %100 Pamuk Taş Yandan Cepli Beli Lastikli Kordonlu Relaxed Fit Pantolon E003052,Avva,pantolon gerçekten çok güzel kaliteli eşim m giyiyor üzerine oldu ama slim bir model paçaları sarıyor daha rahat olması cin iade edip l beden aldık,Pozitif
"ürün harika incecik yaz aylarında ofisde giymek için ideal. %1 likra ilavesi olsaydı tadından yenmezdi. tavsiye ederim. boy 178 - Kilo 72, S beden relax fit kesim olduğu için tam oldu.",5,Erkek %100 Pamuk Taş Yandan Cepli Beli Lastikli Kordonlu Relaxed Fit Pantolon E003052,Avva,ürün harika incecik yaz aylarında ofisde giymek için ideal likra ilavesi olsaydı tadından yenmezdi tavsiye ederim boy kilo s beden relax fit kesim olduğu için tam oldu,Pozitif
"Hiç esnek değil, o yüzden iade ettim. Renk güzel.",3,Erkek %100 Pamuk Taş Yandan Cepli Beli Lastikli Kordonlu Relaxed Fit Pantolon E003052,Avva,hiç esnek değil o yüzden iade ettim renk güzel,Nötr
kesimi ve kumaşı çok güzel,5,Erkek %100 Pamuk Taş Yandan Cepli Beli Lastikli Kordonlu Relaxed Fit Pantolon E003052,Avva,kesimi ve kumaşı çok güzel,Pozitif
"Güzel ve kaliteli bir ürün, kalınlığı da iyi, ne ince ne kalın. Pamuklu olduğu için terletmiyor ama yeterince de sıcak tutuyor.",5,Gri Kadın Kazak G082GL0TK.000.1349873,US Polo Assn,güzel ve kaliteli bir ürün kalınlığı da iyi ne ince ne kalın pamuklu olduğu için terletmiyor ama yeterince de sıcak tutuyor,Pozitif
Göründüğü gibi çok rahat ve güzel,5,Oversize Fit Pamuklu Kısa Kollu Basic Tişört V4136AZ22SP,Defacto,göründüğü gibi çok rahat ve güzel,Pozitif
güzel rahat Bi tshirt,5,Oversize Fit Pamuklu Kısa Kollu Basic Tişört V4136AZ22SP,Defacto,güzel rahat bi tshirt,Pozitif
163 boy 54 kilo s tam istediğim gibi oldu,5,Oversize Fit Pamuklu Kısa Kollu Basic Tişört V4136AZ22SP,Defacto,boy kilo s tam istediğim gibi oldu,Pozitif
çoooook güzel 🎊,4,Oversize Fit Pamuklu Kısa Kollu Basic Tişört V4136AZ22SP,Defacto,çoooook güzel,Pozitif
kalitesiz bir ürün,2,Oversize Fit Pamuklu Kısa Kollu Basic Tişört V4136AZ22SP,Defacto,kalitesiz bir ürün,Negatif
çok beğendiö,5,Oversize Fit Pamuklu Kısa Kollu Basic Tişört V4136AZ22SP,Defacto,çok beğendiö,Pozitif
çok güzelll🤎,5,Oversize Fit Pamuklu Kısa Kollu Basic Tişört V4136AZ22SP,Defacto,çok güzelll,Pozitif
Rahat bir kalıp,5,Oversize Fit Pamuklu Kısa Kollu Basic Tişört V4136AZ22SP,Defacto,rahat bir kalıp,Pozitif
tam istediğim gibi. muhteşem👌,5,Oversize Fit Pamuklu Kısa Kollu Basic Tişört V4136AZ22SP,Defacto,tam istediğim gibi muhteşem,Pozitif
Harika duruşu da çok güzel,5,Oversize Fit Pamuklu Kısa Kollu Basic Tişört V4136AZ22SP,Defacto,harika duruşu da çok güzel,Pozitif
teşekkürler,3,Oversize Fit Pamuklu Kısa Kollu Basic Tişört V4136AZ22SP,Defacto,teşekkürler,Nötr
acayip iyi aşık oldum resmen,5,Oversize Fit Pamuklu Kısa Kollu Basic Tişört V4136AZ22SP,Defacto,acayip iyi aşık oldum resmen,Pozitif
güzel ürün siyahınıda almıştım o daha çok hoşuma gitti.,5,Oversize Fit Pamuklu Kısa Kollu Basic Tişört V4136AZ22SP,Defacto,güzel ürün siyahınıda almıştım o daha çok hoşuma gitti,Pozitif
ayni fotograftaki gibi cok guzel almanizi tavsiye ederim,5,Oversize Fit Pamuklu Kısa Kollu Basic Tişört V4136AZ22SP,Defacto,ayni fotograftaki gibi cok guzel almanizi tavsiye ederim,Pozitif
78 kiloyum L aldım aşırı oversize durmasını istemezseniz 1-2 beden küçük alın,5,Oversize Fit Pamuklu Kısa Kollu Basic Tişört V4136AZ22SP,Defacto,kiloyum l aldım aşırı oversize durmasını istemezseniz beden küçük alın,Pozitif
çok güzel çok kaliteli duruşu harika,5,Oversize Fit Pamuklu Kısa Kollu Basic Tişört V4136AZ22SP,Defacto,çok güzel çok kaliteli duruşu harika,Pozitif
çok beğendim,5,Oversize Fit Pamuklu Kısa Kollu Basic Tişört V4136AZ22SP,Defacto,çok beğendim,Pozitif
Çok beğendim,5,Oversize Fit Pamuklu Kısa Kollu Basic Tişört V4136AZ22SP,Defacto,çok beğendim,Pozitif
fena degil,1,Oversize Fit Pamuklu Kısa Kollu Basic Tişört V4136AZ22SP,Defacto,fena degil,Negatif
teşekkürler beğendim,4,Oversize Fit Pamuklu Kısa Kollu Basic Tişört V4136AZ22SP,Defacto,teşekkürler beğendim,Pozitif
Ürün fiyatına göre çok kaliteli,5,Oversize Fit Pamuklu Kısa Kollu Basic Tişört V4136AZ22SP,Defacto,ürün fiyatına göre çok kaliteli,Pozitif
Kesimini begenmedim,4,Oversize Fit Pamuklu Kısa Kollu Basic Tişört V4136AZ22SP,Defacto,kesimini begenmedim,Pozitif
kahverenginin güzel bir tonu sevdim,5,Oversize Fit Pamuklu Kısa Kollu Basic Tişört V4136AZ22SP,Defacto,kahverenginin güzel bir tonu sevdim,Pozitif
Güzel ovarsize ona göre beden alın,5,Oversize Fit Pamuklu Kısa Kollu Basic Tişört V4136AZ22SP,Defacto,güzel ovarsize ona göre beden alın,Pozitif
Mağazada deneyip burdan almak nasip oldu pamuklu çok şirin tam bedeniniz ne ise onu alın çünkü kesimi bol❤️🤍,5,Regular Fit Bisiklet Yaka Çizgili Kısa Kollu Tişört X4604AZ22SM,Defacto,mağazada deneyip burdan almak nasip oldu pamuklu çok şirin tam bedeniniz ne ise onu alın çünkü kesimi bol,Pozitif
Kumaşı pamuklu ve terletmiyor. Renkler canlı. Çuval gibi durmuyor. Uzunluğu ideal kalça ortasında bitiyor.Ben çok sevdim,5,Regular Fit Bisiklet Yaka Çizgili Kısa Kollu Tişört X4604AZ22SM,Defacto,kumaşı pamuklu ve terletmiyor renkler canlı çuval gibi durmuyor uzunluğu ideal kalça ortasında bitiyorben çok sevdim,Pozitif
Harika..pamuklu olması benim için önemli 54 kilo L beden aldım hafif bol olması için tam istediğim gibi oldu👍,5,Regular Fit Bisiklet Yaka Çizgili Kısa Kollu Tişört X4604AZ22SM,Defacto,harikapamuklu olması benim için önemli kilo l beden aldım hafif bol olması için tam istediğim gibi oldu,Pozitif
"Nişanlıma aldım, çok güzel",5,Erkek Pamuklu Plaj Havlusu N7892AZ22SM,Defacto,nişanlıma aldım çok güzel,Pozitif
Ürün güzel çok teşekkürler.,5,Erkek Pamuklu Plaj Havlusu N7892AZ22SM,Defacto,ürün güzel çok teşekkürler,Pozitif
gayet güzel duruo,5,Erkek Pamuklu Plaj Havlusu N7892AZ22SM,Defacto,gayet güzel duruo,Pozitif
Çok beğendim,5,Erkek Pamuklu Plaj Havlusu N7892AZ22SM,Defacto,çok beğendim,Pozitif
kaliteli ürün teşekkürler,5,Erkek Pamuklu Plaj Havlusu N7892AZ22SM,Defacto,kaliteli ürün teşekkürler,Pozitif
Kaliteli ve kullanışlı bir ürün 👍🏻,5,Erkek Pamuklu Plaj Havlusu N7892AZ22SM,Defacto,kaliteli ve kullanışlı bir ürün,Pozitif
Klasik havlu,5,Erkek Pamuklu Plaj Havlusu N7892AZ22SM,Defacto,klasik havlu,Pozitif
güzel bir plaj havlusu. dokusu ve rengi harika,5,Erkek Pamuklu Plaj Havlusu N7892AZ22SM,Defacto,güzel bir plaj havlusu dokusu ve rengi harika,Pozitif
2 tane mavi 2 tane kırmızı aldım. Renkleri gerçekten çok canlı. Yumusaklar ve az yer kapliyorlar. İnce olmaları plaj için avantaj çok çabuk kuruyorlar. Dokuması oldukça sık ve kum tanelerini geçirmiyor. Rahatlıkla alabilirsiniz.,5,Erkek Pamuklu Plaj Havlusu N7892AZ22SM,Defacto,tane mavi tane kırmızı aldım renkleri gerçekten çok canlı yumusaklar ve az yer kapliyorlar ince olmaları plaj için avantaj çok çabuk kuruyorlar dokuması oldukça sık ve kum tanelerini geçirmiyor rahatlıkla alabilirsiniz,Pozitif
kalınlığı güzel resimde ne görüyorsanız o geliyor tatil için gün sayıyoruz artık,5,Erkek Pamuklu Plaj Havlusu N7892AZ22SM,Defacto,kalınlığı güzel resimde ne görüyorsanız o geliyor tatil için gün sayıyoruz artık,Pozitif
İnce bir ürün ben böyle aradığım için benim işimi gördü,5,Erkek Pamuklu Plaj Havlusu N7892AZ22SM,Defacto,ince bir ürün ben böyle aradığım için benim işimi gördü,Pozitif
Yumuşacık ve güzel,5,Erkek Pamuklu Plaj Havlusu N7892AZ22SM,Defacto,yumuşacık ve güzel,Pozitif
"S beden 162,55kg biraz atlet gibi oldu ama güzel oldu.",5,Fit Regular Fit Bisiklet Yaka Crop Fitilli Organik Pamuklu Kaşkorse Atlet X0178AZ22SP,Defacto,s beden kg biraz atlet gibi oldu ama güzel oldu,Pozitif
Çok güzel ben 1.60 —-58 kg M beden aldım çok iyi oldu,5,Fit Regular Fit Bisiklet Yaka Crop Fitilli Organik Pamuklu Kaşkorse Atlet X0178AZ22SP,Defacto,çok güzel ben kg m beden aldım çok iyi oldu,Pozitif
bayağı güzel. cuk oturuyor. tam beden alınmalı.,5,Fit Regular Fit Bisiklet Yaka Crop Fitilli Organik Pamuklu Kaşkorse Atlet X0178AZ22SP,Defacto,bayağı güzel cuk oturuyor tam beden alınmalı,Pozitif
Çok rahat,5,Fit Regular Fit Bisiklet Yaka Crop Fitilli Organik Pamuklu Kaşkorse Atlet X0178AZ22SP,Defacto,çok rahat,Pozitif
Harika ama ben yanlislikla xxs beden almışım o bile tam geldi,5,Fit Regular Fit Bisiklet Yaka Crop Fitilli Organik Pamuklu Kaşkorse Atlet X0178AZ22SP,Defacto,harika ama ben yanlislikla xxs beden almışım o bile tam geldi,Pozitif
bayıldım. 105 kiloyum 3x aldım. aşırı rahat ve şık,5,Fit Regular Fit Bisiklet Yaka Crop Fitilli Organik Pamuklu Kaşkorse Atlet X0178AZ22SP,Defacto,bayıldım kiloyum x aldım aşırı rahat ve şık,Pozitif
"Sevdiğim bir renk. 1,60 boy, 50 kiloyum, M aldım çok crop durmasın diye, istediğim gibi oldu.",5,Fit Regular Fit Bisiklet Yaka Crop Fitilli Organik Pamuklu Kaşkorse Atlet X0178AZ22SP,Defacto,sevdiğim bir renk boy kiloyum m aldım çok crop durmasın diye istediğim gibi oldu,Pozitif
"arkadaşıma hediye almıştım,çok beğendi,kaliteli bir dokusu var,bedeni tam",5,Fit Regular Fit Bisiklet Yaka Crop Fitilli Organik Pamuklu Kaşkorse Atlet X0178AZ22SP,Defacto,arkadaşıma hediye almıştımçok beğendikaliteli bir dokusu varbedeni tam,Pozitif
Ürün çok güzel çok beğendim,4,Fit Regular Fit Bisiklet Yaka Crop Fitilli Organik Pamuklu Kaşkorse Atlet X0178AZ22SP,Defacto,ürün çok güzel çok beğendim,Pozitif
kendi bedeninizi alın tam sarıyor.,5,Fit Regular Fit Bisiklet Yaka Crop Fitilli Organik Pamuklu Kaşkorse Atlet X0178AZ22SP,Defacto,kendi bedeninizi alın tam sarıyor,Pozitif
güzel bir crop.,5,Fit Regular Fit Bisiklet Yaka Crop Fitilli Organik Pamuklu Kaşkorse Atlet X0178AZ22SP,Defacto,güzel bir crop,Pozitif
Efsane her rengini aldım,5,Fit Regular Fit Bisiklet Yaka Crop Fitilli Organik Pamuklu Kaşkorse Atlet X0178AZ22SP,Defacto,efsane her rengini aldım,Pozitif
Taytlıyla birlikte almıştım hem yanlış üst geldi hem fatura yok??,1,Fit Regular Fit Bisiklet Yaka Crop Fitilli Organik Pamuklu Kaşkorse Atlet X0178AZ22SP,Defacto,taytlıyla birlikte almıştım hem yanlış üst geldi hem fatura yok,Negatif
penyesi çok iyi rengi canlı,5,Fit Regular Fit Bisiklet Yaka Crop Fitilli Organik Pamuklu Kaşkorse Atlet X0178AZ22SP,Defacto,penyesi çok iyi rengi canlı,Pozitif
Kumaş kalitesi çook iyii,5,Fit Regular Fit Bisiklet Yaka Crop Fitilli Organik Pamuklu Kaşkorse Atlet X0178AZ22SP,Defacto,kumaş kalitesi çook iyii,Pozitif
Fotografta ki urun gelmedi,1,Fit Regular Fit Bisiklet Yaka Crop Fitilli Organik Pamuklu Kaşkorse Atlet X0178AZ22SP,Defacto,fotografta ki urun gelmedi,Negatif
Çok rahat göbek üstünde bitiyor tam beden alınabilir,5,Fit Regular Fit Bisiklet Yaka Crop Fitilli Organik Pamuklu Kaşkorse Atlet X0178AZ22SP,Defacto,çok rahat göbek üstünde bitiyor tam beden alınabilir,Pozitif
Kesimini çok beğendim. Tam bedeninizde alabilirsiniz.,5,Fit Regular Fit Bisiklet Yaka Crop Fitilli Organik Pamuklu Kaşkorse Atlet X0178AZ22SP,Defacto,kesimini çok beğendim tam bedeninizde alabilirsiniz,Pozitif
fotoğraftakiyle aynı gelmedi ama ben bunu daha çok begendim,4,Fit Regular Fit Bisiklet Yaka Crop Fitilli Organik Pamuklu Kaşkorse Atlet X0178AZ22SP,Defacto,fotoğraftakiyle aynı gelmedi ama ben bunu daha çok begendim,Pozitif
çook hoş duruyor eğer göğsünüz küçükse bir beden küçük alın koltuk altı biraz geniş,4,Fit Regular Fit Bisiklet Yaka Crop Fitilli Organik Pamuklu Kaşkorse Atlet X0178AZ22SP,Defacto,çook hoş duruyor eğer göğsünüz küçükse bir beden küçük alın koltuk altı biraz geniş,Pozitif
Göbeğinizi göstermek istemiyorsanız rahatsız edici onun dışında çok güzel,5,Fit Regular Fit Bisiklet Yaka Crop Fitilli Organik Pamuklu Kaşkorse Atlet X0178AZ22SP,Defacto,göbeğinizi göstermek istemiyorsanız rahatsız edici onun dışında çok güzel,Pozitif
Güzel ürün,4,Fit Regular Fit Bisiklet Yaka Crop Fitilli Organik Pamuklu Kaşkorse Atlet X0178AZ22SP,Defacto,güzel ürün,Pozitif
cok guzel değil iyi,4,Fit Regular Fit Bisiklet Yaka Crop Fitilli Organik Pamuklu Kaşkorse Atlet X0178AZ22SP,Defacto,cok guzel değil iyi,Pozitif
Severek giyiyorum,5,Fit Regular Fit Bisiklet Yaka Crop Fitilli Organik Pamuklu Kaşkorse Atlet X0178AZ22SP,Defacto,severek giyiyorum,Pozitif
müthiş bir ürün,5,Fit Regular Fit Bisiklet Yaka Crop Fitilli Organik Pamuklu Kaşkorse Atlet X0178AZ22SP,Defacto,müthiş bir ürün,Pozitif
çok beğendim rengi aşırı iyi koyu gri kısa durmasını istiyosanız bi beden küçük alın,5,Fit Regular Fit Bisiklet Yaka Crop Fitilli Organik Pamuklu Kaşkorse Atlet X0178AZ22SP,Defacto,çok beğendim rengi aşırı iyi koyu gri kısa durmasını istiyosanız bi beden küçük alın,Pozitif
Rengi göründüğü gibi çok güzel,5,Fit Regular Fit Bisiklet Yaka Crop Fitilli Organik Pamuklu Kaşkorse Atlet X0178AZ22SP,Defacto,rengi göründüğü gibi çok güzel,Pozitif
"Kaliteli, rengi tam gosterdigi gibi",5,Fit Regular Fit Bisiklet Yaka Crop Fitilli Organik Pamuklu Kaşkorse Atlet X0178AZ22SP,Defacto,kaliteli rengi tam gosterdigi gibi,Pozitif
cok güzel tavsiye ederim,5,Fit Regular Fit Bisiklet Yaka Crop Fitilli Organik Pamuklu Kaşkorse Atlet X0178AZ22SP,Defacto,cok güzel tavsiye ederim,Pozitif
Düşündüğümden daha güzel🌼,5,Fit Regular Fit Bisiklet Yaka Crop Fitilli Organik Pamuklu Kaşkorse Atlet X0178AZ22SP,Defacto,düşündüğümden daha güzel,Pozitif
hizli teslimat tesekkurler,5,Erkek %100 Pamuk Antrasit Bisiklet Yaka Düz Uzun Kol T-Shirt E001002,Avva,hizli teslimat tesekkurler,Pozitif
Avva kalitesi tartışılmaz. Cok güzel,5,Erkek %100 Pamuk Antrasit Bisiklet Yaka Düz Uzun Kol T-Shirt E001002,Avva,avva kalitesi tartışılmaz cok güzel,Pozitif
Başarılı ürün,5,Erkek %100 Pamuk Antrasit Bisiklet Yaka Düz Uzun Kol T-Shirt E001002,Avva,başarılı ürün,Pozitif
teşekkürler,5,Erkek %100 Pamuk Antrasit Bisiklet Yaka Düz Uzun Kol T-Shirt E001002,Avva,teşekkürler,Pozitif
çok şık çok ucuz,5,Erkek %100 Pamuk Antrasit Bisiklet Yaka Düz Uzun Kol T-Shirt E001002,Avva,çok şık çok ucuz,Pozitif
Ellerinize sağlık,5,Erkek %100 Pamuk Antrasit Bisiklet Yaka Düz Uzun Kol T-Shirt E001002,Avva,ellerinize sağlık,Pozitif
Alınabilecek kalitesiz ve duruşu berbat bir ürün.,1,Erkek %100 Pamuk Antrasit Bisiklet Yaka Düz Uzun Kol T-Shirt E001002,Avva,alınabilecek kalitesiz ve duruşu berbat bir ürün,Negatif
Ürün gayet güzel,5,Erkek %100 Pamuk Antrasit Bisiklet Yaka Düz Uzun Kol T-Shirt E001002,Avva,ürün gayet güzel,Pozitif
kaliteli ürün..,5,Erkek %100 Pamuk Antrasit Bisiklet Yaka Düz Uzun Kol T-Shirt E001002,Avva,kaliteli ürün,Pozitif
Fena değil.,4,Erkek %100 Pamuk Antrasit Bisiklet Yaka Düz Uzun Kol T-Shirt E001002,Avva,fena değil,Pozitif
Begenerek giyiyoruz,5,Erkek %100 Pamuk Antrasit Bisiklet Yaka Düz Uzun Kol T-Shirt E001002,Avva,begenerek giyiyoruz,Pozitif
çok güzel ürün tavsiye ederim,5,Erkek %100 Pamuk Antrasit Bisiklet Yaka Düz Uzun Kol T-Shirt E001002,Avva,çok güzel ürün tavsiye ederim,Pozitif
Avva farkı☺️,5,Erkek %100 Pamuk Antrasit Bisiklet Yaka Düz Uzun Kol T-Shirt E001002,Avva,avva farkı,Pozitif
"çok salaş beğenmedim, esnek likralı değil",1,Erkek %100 Pamuk Antrasit Bisiklet Yaka Düz Uzun Kol T-Shirt E001002,Avva,çok salaş beğenmedim esnek likralı değil,Negatif
Harika kesin alin,5,Erkek %100 Pamuk Antrasit Bisiklet Yaka Düz Uzun Kol T-Shirt E001002,Avva,harika kesin alin,Pozitif
Avva kalitesi harika penyesi,5,Erkek %100 Pamuk Antrasit Bisiklet Yaka Düz Uzun Kol T-Shirt E001002,Avva,avva kalitesi harika penyesi,Pozitif
Çok birşey beklememek lazım.,1,Erkek %100 Pamuk Antrasit Bisiklet Yaka Düz Uzun Kol T-Shirt E001002,Avva,çok birşey beklememek lazım,Negatif
kesinlikle tavsiye etmem vasat,1,Erkek %100 Pamuk Antrasit Bisiklet Yaka Düz Uzun Kol T-Shirt E001002,Avva,kesinlikle tavsiye etmem vasat,Negatif
Ürün güzel beyendik,5,Erkek %100 Pamuk Antrasit Bisiklet Yaka Düz Uzun Kol T-Shirt E001002,Avva,ürün güzel beyendik,Pozitif
Vasat bir ürün,3,Erkek %100 Pamuk Antrasit Bisiklet Yaka Düz Uzun Kol T-Shirt E001002,Avva,vasat bir ürün,Nötr
Beklentimi karşılamadı maalesef,3,Erkek %100 Pamuk Antrasit Bisiklet Yaka Düz Uzun Kol T-Shirt E001002,Avva,beklentimi karşılamadı maalesef,Nötr
Avva kalitesinde değil pazar malı bundan kalitelidir,1,Erkek %100 Pamuk Antrasit Bisiklet Yaka Düz Uzun Kol T-Shirt E001002,Avva,avva kalitesinde değil pazar malı bundan kalitelidir,Negatif
Ürün güzel,4,Erkek %100 Pamuk Antrasit Bisiklet Yaka Düz Uzun Kol T-Shirt E001002,Avva,ürün güzel,Pozitif
Lacivertinide aldım babama cok güzel bi ürün ama tam avva kalitesi deil,4,Erkek %100 Pamuk Antrasit Bisiklet Yaka Düz Uzun Kol T-Shirt E001002,Avva,lacivertinide aldım babama cok güzel bi ürün ama tam avva kalitesi deil,Pozitif
fena sayilmaz,5,Erkek %100 Pamuk Antrasit Bisiklet Yaka Düz Uzun Kol T-Shirt E001002,Avva,fena sayilmaz,Pozitif
gayet guzel,5,Erkek %100 Pamuk Antrasit Bisiklet Yaka Düz Uzun Kol T-Shirt E001002,Avva,gayet guzel,Pozitif
"Ne ismini ne de fiyatını hak eden bir ürün, çok kalitesiz bir görünümü var.",1,Erkek %100 Pamuk Antrasit Bisiklet Yaka Düz Uzun Kol T-Shirt E001002,Avva,ne ismini ne de fiyatını hak eden bir ürün çok kalitesiz bir görünümü var,Negatif
ilk defa aldım avva marka yi ama penyesi gayet guzell begendim,5,Erkek %100 Pamuk Antrasit Bisiklet Yaka Düz Uzun Kol T-Shirt E001002,Avva,ilk defa aldım avva marka yi ama penyesi gayet guzell begendim,Pozitif
avva farkı,4,Erkek %100 Pamuk Antrasit Bisiklet Yaka Düz Uzun Kol T-Shirt E001002,Avva,avva farkı,Pozitif
Ürün teslim edildi bilgisi geldiği halde teslim edilmedi ve kargo firması hiçbir şekilde ilgilenmiyor hiç etik olmayan satıcı davranışı yazık!!!!!!!!!,5,Erkek %100 Pamuk Antrasit Bisiklet Yaka Düz Uzun Kol T-Shirt E001002,Avva,ürün teslim edildi bilgisi geldiği halde teslim edilmedi ve kargo firması hiçbir şekilde ilgilenmiyor hiç etik olmayan satıcı davranışı yazık,Pozitif
Eşime aldım çok güzel,5,Boxy Fit Bisiklet Yaka Baskılı Pamuklu Penye Atlet X3806AZ22SM,Defacto,eşime aldım çok güzel,Pozitif
Cok şık beklenti üstü,5,Boxy Fit Bisiklet Yaka Baskılı Pamuklu Penye Atlet X3806AZ22SM,Defacto,cok şık beklenti üstü,Pozitif
geç kargolandı,1,Boxy Fit Bisiklet Yaka Baskılı Pamuklu Penye Atlet X3806AZ22SM,Defacto,geç kargolandı,Negatif
Esim severek kullaniyor kampanyadan almistik,5,Erkek %100 PamukBeyaz Slim Fit%100 PamukBisiklet Yaka T-Shirt E001000,Avva,esim severek kullaniyor kampanyadan almistik,Pozitif
İndirimde aldık kaliteli,5,Erkek %100 PamukBeyaz Slim Fit%100 PamukBisiklet Yaka T-Shirt E001000,Avva,indirimde aldık kaliteli,Pozitif
harika kampanya,5,Erkek %100 PamukBeyaz Slim Fit%100 PamukBisiklet Yaka T-Shirt E001000,Avva,harika kampanya,Pozitif
indirimdeyken aldım çok iyi,4,Erkek %100 PamukBeyaz Slim Fit%100 PamukBisiklet Yaka T-Shirt E001000,Avva,indirimdeyken aldım çok iyi,Pozitif
indirimdeyken kuponla almıştım kaliteli bir ürün,5,Erkek %100 PamukBeyaz Slim Fit%100 PamukBisiklet Yaka T-Shirt E001000,Avva,indirimdeyken kuponla almıştım kaliteli bir ürün,Pozitif
indirimde hem kardeşime hem kendime aldım.Avva kalitesi,5,Erkek %100 PamukBeyaz Slim Fit%100 PamukBisiklet Yaka T-Shirt E001000,Avva,indirimde hem kardeşime hem kendime aldımavva kalitesi,Pozitif
"İndirimde iken aldım, güzel kaliteli bir tişört.",5,Erkek %100 PamukBeyaz Slim Fit%100 PamukBisiklet Yaka T-Shirt E001000,Avva,indirimde iken aldım güzel kaliteli bir tişört,Pozitif
İndirimden eşime aldım gayet güzel ve de kaliteli,5,Erkek %100 PamukBeyaz Slim Fit%100 PamukBisiklet Yaka T-Shirt E001000,Avva,indirimden eşime aldım gayet güzel ve de kaliteli,Pozitif
kalitesini beğendim indirimdeyken alabilirsiniz güzel bir fırsat,4,Erkek %100 PamukBeyaz Slim Fit%100 PamukBisiklet Yaka T-Shirt E001000,Avva,kalitesini beğendim indirimdeyken alabilirsiniz güzel bir fırsat,Pozitif
güzel ürün,5,Erkek %100 PamukBeyaz Slim Fit%100 PamukBisiklet Yaka T-Shirt E001000,Avva,güzel ürün,Pozitif
Güzel ürün,5,Erkek %100 PamukBeyaz Slim Fit%100 PamukBisiklet Yaka T-Shirt E001000,Avva,güzel ürün,Pozitif
Güzel ürün,4,Erkek %100 PamukBeyaz Slim Fit%100 PamukBisiklet Yaka T-Shirt E001000,Avva,güzel ürün,Pozitif
indirimdeyken aldık güzel,4,Erkek %100 PamukBeyaz Slim Fit%100 PamukBisiklet Yaka T-Shirt E001000,Avva,indirimdeyken aldık güzel,Pozitif
cok kaliteli urun,5,Erkek %100 PamukBeyaz Slim Fit%100 PamukBisiklet Yaka T-Shirt E001000,Avva,cok kaliteli urun,Pozitif
Gayet şık ve hoş bi dokusu var. Kaliteli olduğu her halinden belli oluyor.,5,Erkek %100 PamukBeyaz Slim Fit%100 PamukBisiklet Yaka T-Shirt E001000,Avva,gayet şık ve hoş bi dokusu var kaliteli olduğu her halinden belli oluyor,Pozitif
Çok memnun kaldık sade ve tarz duruyor,5,Erkek %100 PamukBeyaz Slim Fit%100 PamukBisiklet Yaka T-Shirt E001000,Avva,çok memnun kaldık sade ve tarz duruyor,Pozitif
Cok yakıştı kardeşime,5,Erkek %100 PamukBeyaz Slim Fit%100 PamukBisiklet Yaka T-Shirt E001000,Avva,cok yakıştı kardeşime,Pozitif
İndirimden aldim eşime kaliteli ürün severek kullanıyor.,5,Erkek %100 PamukBeyaz Slim Fit%100 PamukBisiklet Yaka T-Shirt E001000,Avva,indirimden aldim eşime kaliteli ürün severek kullanıyor,Pozitif
İndirimde aldım kaliteli ürün,5,Erkek %100 PamukBeyaz Slim Fit%100 PamukBisiklet Yaka T-Shirt E001000,Avva,indirimde aldım kaliteli ürün,Pozitif
"Güzel,şık.💯",5,Erkek %100 PamukBeyaz Slim Fit%100 PamukBisiklet Yaka T-Shirt E001000,Avva,güzelşık,Pozitif
Güzel kaliteli ürün,4,Erkek %100 PamukBeyaz Slim Fit%100 PamukBisiklet Yaka T-Shirt E001000,Avva,güzel kaliteli ürün,Pozitif
kaliteli ürün,5,Erkek %100 PamukBeyaz Slim Fit%100 PamukBisiklet Yaka T-Shirt E001000,Avva,kaliteli ürün,Pozitif
Avva indirimlerinle güzelsin,5,Erkek %100 PamukBeyaz Slim Fit%100 PamukBisiklet Yaka T-Shirt E001000,Avva,avva indirimlerinle güzelsin,Pozitif
kampanyada 45 TL adim,5,Erkek %100 PamukBeyaz Slim Fit%100 PamukBisiklet Yaka T-Shirt E001000,Avva,kampanyada tl adim,Pozitif
güzel ürün,5,Erkek %100 PamukBeyaz Slim Fit%100 PamukBisiklet Yaka T-Shirt E001000,Avva,güzel ürün,Pozitif
güzel rahat,4,Erkek %100 PamukBeyaz Slim Fit%100 PamukBisiklet Yaka T-Shirt E001000,Avva,güzel rahat,Pozitif
fiyat performans ürünü. indirimdeyken baya uyguna almıştık,4,Erkek %100 PamukBeyaz Slim Fit%100 PamukBisiklet Yaka T-Shirt E001000,Avva,fiyat performans ürünü indirimdeyken baya uyguna almıştık,Pozitif
Hoş rahat güzel,5,Erkek %100 PamukBeyaz Slim Fit%100 PamukBisiklet Yaka T-Shirt E001000,Avva,hoş rahat güzel,Pozitif
Kesinlikle almayın. Bu ürünü alacağınıza atlet alın daha iyi.,1,Erkek %100 PamukBeyaz Slim Fit%100 PamukBisiklet Yaka T-Shirt E001000,Avva,kesinlikle almayın bu ürünü alacağınıza atlet alın daha iyi,Negatif
cok güzel ürün,5,Erkek %100 PamukBeyaz Slim Fit%100 PamukBisiklet Yaka T-Shirt E001000,Avva,cok güzel ürün,Pozitif
indirimle aldım çok memnunuz.,5,Erkek %100 Pamuk Antrasit Düz Alttan Britli Yaka Regular Fit Uzun Kol Vual Gömlek E002206,Avva,indirimle aldım çok memnunuz,Pozitif
İndirimde çok uygun bir fiyata aldım beğendim alınabilir,5,Erkek %100 Pamuk Antrasit Düz Alttan Britli Yaka Regular Fit Uzun Kol Vual Gömlek E002206,Avva,indirimde çok uygun bir fiyata aldım beğendim alınabilir,Pozitif
indirimdeyken aldım eşime yumuşacık dokusu var ama hemen kirisacak gibi duruyor bakalım,4,Erkek %100 Pamuk Antrasit Düz Alttan Britli Yaka Regular Fit Uzun Kol Vual Gömlek E002206,Avva,indirimdeyken aldım eşime yumuşacık dokusu var ama hemen kirisacak gibi duruyor bakalım,Pozitif
Yazlık ve şık,5,Erkek %100 Pamuk Antrasit Düz Alttan Britli Yaka Regular Fit Uzun Kol Vual Gömlek E002206,Avva,yazlık ve şık,Pozitif
mükemmel bir ürün tam yazlık,5,Erkek %100 Pamuk Antrasit Düz Alttan Britli Yaka Regular Fit Uzun Kol Vual Gömlek E002206,Avva,mükemmel bir ürün tam yazlık,Pozitif
tam yazlık çok hafif tavsiye ederim,5,Erkek %100 Pamuk Antrasit Düz Alttan Britli Yaka Regular Fit Uzun Kol Vual Gömlek E002206,Avva,tam yazlık çok hafif tavsiye ederim,Pozitif
TRİL TİRİL HARİKA,5,Erkek %100 Pamuk Antrasit Düz Alttan Britli Yaka Regular Fit Uzun Kol Vual Gömlek E002206,Avva,tril tiril harika,Pozitif
tam yazlık gömlek,5,Erkek %100 Pamuk Antrasit Düz Alttan Britli Yaka Regular Fit Uzun Kol Vual Gömlek E002206,Avva,tam yazlık gömlek,Pozitif
kumaşı ipek gibi çok kaliteli,5,Erkek %100 Pamuk Antrasit Düz Alttan Britli Yaka Regular Fit Uzun Kol Vual Gömlek E002206,Avva,kumaşı ipek gibi çok kaliteli,Pozitif
Şık ve güzel,5,Erkek %100 Pamuk Antrasit Düz Alttan Britli Yaka Regular Fit Uzun Kol Vual Gömlek E002206,Avva,şık ve güzel,Pozitif
güzel teşekkür ederim,5,Erkek %100 Pamuk Antrasit Düz Alttan Britli Yaka Regular Fit Uzun Kol Vual Gömlek E002206,Avva,güzel teşekkür ederim,Pozitif
Babam çok beğendi kalitesi güzel,5,Erkek %100 Pamuk Antrasit Düz Alttan Britli Yaka Regular Fit Uzun Kol Vual Gömlek E002206,Avva,babam çok beğendi kalitesi güzel,Pozitif
Herşey için teşekkür ederim çok memnunuz 🙏,5,Erkek %100 Pamuk Antrasit Düz Alttan Britli Yaka Regular Fit Uzun Kol Vual Gömlek E002206,Avva,herşey için teşekkür ederim çok memnunuz,Pozitif
Dokusuna bayıldım avva kalitesi,5,Erkek %100 Pamuk Antrasit Düz Alttan Britli Yaka Regular Fit Uzun Kol Vual Gömlek E002206,Avva,dokusuna bayıldım avva kalitesi,Pozitif
Babama hediye aldım kalıbı tam kalıp 👍,5,Erkek %100 Pamuk Antrasit Düz Alttan Britli Yaka Regular Fit Uzun Kol Vual Gömlek E002206,Avva,babama hediye aldım kalıbı tam kalıp,Pozitif
3x göndrebilirmisiniz aynı rengin,5,Erkek %100 Pamuk Antrasit Düz Alttan Britli Yaka Regular Fit Uzun Kol Vual Gömlek E002206,Avva,x göndrebilirmisiniz aynı rengin,Pozitif
tek kelimeyle harika,5,Erkek %100 Pamuk Antrasit Düz Alttan Britli Yaka Regular Fit Uzun Kol Vual Gömlek E002206,Avva,tek kelimeyle harika,Pozitif
babalar günü icin aldım tam beden aldım çok guzel oldu bence bu paraya bu kalite hak ediyo bence 👍,5,Erkek %100 Pamuk Antrasit Düz Alttan Britli Yaka Regular Fit Uzun Kol Vual Gömlek E002206,Avva,babalar günü icin aldım tam beden aldım çok guzel oldu bence bu paraya bu kalite hak ediyo bence,Pozitif
gerceketeenn cok guzel bir urun tavsiye ederimm,4,Erkek %100 Pamuk Antrasit Düz Alttan Britli Yaka Regular Fit Uzun Kol Vual Gömlek E002206,Avva,gerceketeenn cok guzel bir urun tavsiye ederimm,Pozitif
çok güzel kaliteli avva adı yeter,5,Erkek %100 Pamuk Antrasit Düz Alttan Britli Yaka Regular Fit Uzun Kol Vual Gömlek E002206,Avva,çok güzel kaliteli avva adı yeter,Pozitif
urun efsane,5,Erkek %100 Pamuk Antrasit Düz Alttan Britli Yaka Regular Fit Uzun Kol Vual Gömlek E002206,Avva,urun efsane,Pozitif
çok güzel ama kendi bedeninizin bir küçüğünü alın M benim bedenim olmadı S istedim,5,Erkek %100 Pamuk Antrasit Düz Alttan Britli Yaka Regular Fit Uzun Kol Vual Gömlek E002206,Avva,çok güzel ama kendi bedeninizin bir küçüğünü alın m benim bedenim olmadı s istedim,Pozitif
"Fiyatına göre kalitesi harika, tam beden alın.",5,Erkek %100 Pamuk Antrasit Düz Alttan Britli Yaka Regular Fit Uzun Kol Vual Gömlek E002206,Avva,fiyatına göre kalitesi harika tam beden alın,Pozitif
Rengi daha koyu,5,Erkek %100 Pamuk Antrasit Düz Alttan Britli Yaka Regular Fit Uzun Kol Vual Gömlek E002206,Avva,rengi daha koyu,Pozitif
rengi ve kalitesi güzel tam yazlık bir gömlek,5,Erkek %100 Pamuk Antrasit Düz Alttan Britli Yaka Regular Fit Uzun Kol Vual Gömlek E002206,Avva,rengi ve kalitesi güzel tam yazlık bir gömlek,Pozitif
Tam yazlık kumaşı var ütüsü biraz zor ama güzel bi ürün eşime aldım beğendi,5,Erkek %100 Pamuk Antrasit Düz Alttan Britli Yaka Regular Fit Uzun Kol Vual Gömlek E002206,Avva,tam yazlık kumaşı var ütüsü biraz zor ama güzel bi ürün eşime aldım beğendi,Pozitif
Bu fiyata bu kalite inanılmaz,5,Erkek %100 Pamuk Antrasit Düz Alttan Britli Yaka Regular Fit Uzun Kol Vual Gömlek E002206,Avva,bu fiyata bu kalite inanılmaz,Pozitif
Tam yazlık incecik ama ütü biraz zahmetli,4,Erkek %100 Pamuk Antrasit Düz Alttan Britli Yaka Regular Fit Uzun Kol Vual Gömlek E002206,Avva,tam yazlık incecik ama ütü biraz zahmetli,Pozitif
Çok güzel tüm renklerini almayı düşünüyorum,5,Erkek %100 Pamuk Antrasit Düz Alttan Britli Yaka Regular Fit Uzun Kol Vual Gömlek E002206,Avva,çok güzel tüm renklerini almayı düşünüyorum,Pozitif
kaliteli gömlek,4,Erkek %100 Pamuk Antrasit Düz Alttan Britli Yaka Regular Fit Uzun Kol Vual Gömlek E002206,Avva,kaliteli gömlek,Pozitif
düz beyaz kumaşı pamuklu gayet güzel,4,Beyaz Basic Tişört Loose Fit / Bol Rahat Kesim 066249-620,Mavi,düz beyaz kumaşı pamuklu gayet güzel,Pozitif
yaka kısmını gerçekten hiç beğenmedim. atlet gibi duruyor erkek arkadaşıma almıştım. anca gömlek içine falan giyilebilir. yakayı sorun etmeyen için gayet pamuklu güzel bir ürün sayılabilir,3,Beyaz Basic Tişört Loose Fit / Bol Rahat Kesim 066249-620,Mavi,yaka kısmını gerçekten hiç beğenmedim atlet gibi duruyor erkek arkadaşıma almıştım anca gömlek içine falan giyilebilir yakayı sorun etmeyen için gayet pamuklu güzel bir ürün sayılabilir,Nötr
Gayet güzel tavsiye edilir,5,Slim Fit Elastik Ip Askılı Pamuklu Atlet U7832AZ22SM,Defacto,gayet güzel tavsiye edilir,Pozitif
M giyiyorum L aldım iyi mi L almışım,5,Slim Fit Elastik Ip Askılı Pamuklu Atlet U7832AZ22SM,Defacto,m giyiyorum l aldım iyi mi l almışım,Pozitif
Harika bir ürün,5,Slim Fit Elastik Ip Askılı Pamuklu Atlet U7832AZ22SM,Defacto,harika bir ürün,Pozitif
Çok güzel bayıldım,5,Slim Fit Elastik Ip Askılı Pamuklu Atlet U7832AZ22SM,Defacto,çok güzel bayıldım,Pozitif
bir beden büyük alınabilir,5,Slim Fit Elastik Ip Askılı Pamuklu Atlet U7832AZ22SM,Defacto,bir beden büyük alınabilir,Pozitif
ürün güzel ve kullanışlı fakat kargoya çok geç verdiler ve sorularımı da yanitlamadilar o sebeple puan kırdım,3,Slim Fit Elastik Ip Askılı Pamuklu Atlet U7832AZ22SM,Defacto,ürün güzel ve kullanışlı fakat kargoya çok geç verdiler ve sorularımı da yanitlamadilar o sebeple puan kırdım,Nötr
Crop bir ürün güzel,3,Slim Fit Elastik Ip Askılı Pamuklu Atlet U7832AZ22SM,Defacto,crop bir ürün güzel,Nötr
Mükəmməl rahat kullanışlı,5,Slim Fit Elastik Ip Askılı Pamuklu Atlet U7832AZ22SM,Defacto,mükmml rahat kullanışlı,Pozitif
"Süper, bayıldım !",5,Slim Fit Elastik Ip Askılı Pamuklu Atlet U7832AZ22SM,Defacto,süper bayıldım,Pozitif
kaliteli ancak bir beden buyuk alinabilir,5,Slim Fit Elastik Ip Askılı Pamuklu Atlet U7832AZ22SM,Defacto,kaliteli ancak bir beden buyuk alinabilir,Pozitif
Bir beden küçük alınabilir gayet rahat,3,Slim Fit Elastik Ip Askılı Pamuklu Atlet U7832AZ22SM,Defacto,bir beden küçük alınabilir gayet rahat,Nötr
Bir beden küçük almanızı öneririm,3,Slim Fit Elastik Ip Askılı Pamuklu Atlet U7832AZ22SM,Defacto,bir beden küçük almanızı öneririm,Nötr
Çok güzel iç göstermiyor.,5,Slim Fit Elastik Ip Askılı Pamuklu Atlet U7832AZ22SM,Defacto,çok güzel iç göstermiyor,Pozitif
crop ürün kumaş güzel,4,Slim Fit Elastik Ip Askılı Pamuklu Atlet U7832AZ22SM,Defacto,crop ürün kumaş güzel,Pozitif
Kaliteli ama kısa baya fotoğrafta gözüktüğü gibi değil,4,Slim Fit Elastik Ip Askılı Pamuklu Atlet U7832AZ22SM,Defacto,kaliteli ama kısa baya fotoğrafta gözüktüğü gibi değil,Pozitif
Siyahını da almıştım kendi bedeninizi alın,5,Slim Fit Elastik Ip Askılı Pamuklu Atlet U7832AZ22SM,Defacto,siyahını da almıştım kendi bedeninizi alın,Pozitif
Kumaşı gayet tok ve kaliteli.Beğendim🤞🏻,5,Slim Fit Elastik Ip Askılı Pamuklu Atlet U7832AZ22SM,Defacto,kumaşı gayet tok ve kalitelibeğendim,Pozitif
kumaşı kalıbı çok güzel,5,Slim Fit Elastik Ip Askılı Pamuklu Atlet U7832AZ22SM,Defacto,kumaşı kalıbı çok güzel,Pozitif
"Çok beğendim, iç göstermiyor ve tam beden. Siyahını da sipariş edeceğim",5,Slim Fit Elastik Ip Askılı Pamuklu Atlet U7832AZ22SM,Defacto,çok beğendim iç göstermiyor ve tam beden siyahını da sipariş edeceğim,Pozitif
çok bəyəndim kalitesi mükemmel 👍 kumaşı kalin iç gostermiyor normalde s giyiniyorum 1beden küçük aldım güzel oldu,5,Slim Fit Elastik Ip Askılı Pamuklu Atlet U7832AZ22SM,Defacto,çok byndim kalitesi mükemmel kumaşı kalin iç gostermiyor normalde s giyiniyorum beden küçük aldım güzel oldu,Pozitif
"1.66boy 61kiloyum.L beden aldim iyioldu,boyu manikendeki gibi oldu,çok kisa diyil",5,Slim Fit Elastik Ip Askılı Pamuklu Atlet U7832AZ22SM,Defacto,boy kiloyuml beden aldim iyiolduboyu manikendeki gibi olduçok kisa diyil,Pozitif
Crop bu ya kısacık minicik bişey bu fiyat etmez,1,Slim Fit Elastik Ip Askılı Pamuklu Atlet U7832AZ22SM,Defacto,crop bu ya kısacık minicik bişey bu fiyat etmez,Negatif
"İğrenççç ötesi kalıp ve kumaş , kesinlikle almayın",1,Slim Fit Elastik Ip Askılı Pamuklu Atlet U7832AZ22SM,Defacto,iğrenççç ötesi kalıp ve kumaş kesinlikle almayın,Negatif
Ürünü elinize alınca kısaymış gibi geliyor ama giyince görseldeki gibi bir uzunluğu oluyor iç gösterme gibi bir şey zaten yok.,5,Slim Fit Elastik Ip Askılı Pamuklu Atlet U7832AZ22SM,Defacto,ürünü elinize alınca kısaymış gibi geliyor ama giyince görseldeki gibi bir uzunluğu oluyor iç gösterme gibi bir şey zaten yok,Pozitif
Ürün çok kalteli fakat boyu uzun diye aldım ama kısaymış,5,Slim Fit Elastik Ip Askılı Pamuklu Atlet U7832AZ22SM,Defacto,ürün çok kalteli fakat boyu uzun diye aldım ama kısaymış,Pozitif
Güzel ama kısa değil,5,Slim Fit Elastik Ip Askılı Pamuklu Atlet U7832AZ22SM,Defacto,güzel ama kısa değil,Pozitif
"Ürün kumaş olarak kaliteli fakat askı kısmı çabuk kopacakmış gibi görünüyor , güvenemedim.",2,Slim Fit Elastik Ip Askılı Pamuklu Atlet U7832AZ22SM,Defacto,ürün kumaş olarak kaliteli fakat askı kısmı çabuk kopacakmış gibi görünüyor güvenemedim,Negatif
Biraz kalin ve crop mus farkinda olmadim ama iki kat haberiniz olsun ✌️,4,Slim Fit Elastik Ip Askılı Pamuklu Atlet U7832AZ22SM,Defacto,biraz kalin ve crop mus farkinda olmadim ama iki kat haberiniz olsun,Pozitif
crop kısalığında ve kalın. kullanışlı.,5,Slim Fit Elastik Ip Askılı Pamuklu Atlet U7832AZ22SM,Defacto,crop kısalığında ve kalın kullanışlı,Pozitif
başka markalardan aldığım bu tarz atletler aşırı iç gösteriyordu bunun kumaşı çok tok tavsiye ediyorum,5,Slim Fit Elastik Ip Askılı Pamuklu Atlet U7832AZ22SM,Defacto,başka markalardan aldığım bu tarz atletler aşırı iç gösteriyordu bunun kumaşı çok tok tavsiye ediyorum,Pozitif
Mükemmel tam yazlık bir ürün,5,Erkek %100 Pamuk Siyah Düz Alttan Britli Yaka Regular Fit Kısa Kol Vual Gömlek E002210,Avva,mükemmel tam yazlık bir ürün,Pozitif
Ürün güzel ve kaliteli yazın giyilebilir fakat düğmeleri resimdekinden farklı geldi.,4,Erkek %100 Pamuk Siyah Düz Alttan Britli Yaka Regular Fit Kısa Kol Vual Gömlek E002210,Avva,ürün güzel ve kaliteli yazın giyilebilir fakat düğmeleri resimdekinden farklı geldi,Pozitif
rahat güzel bir gömlek,5,Erkek %100 Pamuk Siyah Düz Alttan Britli Yaka Regular Fit Kısa Kol Vual Gömlek E002210,Avva,rahat güzel bir gömlek,Pozitif
Babama aldım babalar günü için çok beğendi kalitesi güzel,5,Erkek %100 Pamuk Siyah Düz Alttan Britli Yaka Regular Fit Kısa Kol Vual Gömlek E002210,Avva,babama aldım babalar günü için çok beğendi kalitesi güzel,Pozitif
Güzel gömlek,4,Erkek %100 Pamuk Siyah Düz Alttan Britli Yaka Regular Fit Kısa Kol Vual Gömlek E002210,Avva,güzel gömlek,Pozitif
eşime aldım çok güzel beğendi,5,Erkek %100 Pamuk Siyah Düz Alttan Britli Yaka Regular Fit Kısa Kol Vual Gömlek E002210,Avva,eşime aldım çok güzel beğendi,Pozitif
Babama babalar günü için aldım bayıldı tam beden👌🏻,5,Erkek %100 Pamuk Siyah Düz Alttan Britli Yaka Regular Fit Kısa Kol Vual Gömlek E002210,Avva,babama babalar günü için aldım bayıldı tam beden,Pozitif
Çok beğendik kumaşı çok güzel,5,Erkek %100 Pamuk Siyah Düz Alttan Britli Yaka Regular Fit Kısa Kol Vual Gömlek E002210,Avva,çok beğendik kumaşı çok güzel,Pozitif
Eşim çok beğendi efil efil bir gömlek.,5,Erkek %100 Pamuk Siyah Düz Alttan Britli Yaka Regular Fit Kısa Kol Vual Gömlek E002210,Avva,eşim çok beğendi efil efil bir gömlek,Pozitif
bu fiyata inanılmaz kaliteli kesinlikle alın,5,Erkek %100 Pamuk Siyah Düz Alttan Britli Yaka Regular Fit Kısa Kol Vual Gömlek E002210,Avva,bu fiyata inanılmaz kaliteli kesinlikle alın,Pozitif
harika mikemmel,5,Erkek %100 Pamuk Siyah Düz Alttan Britli Yaka Regular Fit Kısa Kol Vual Gömlek E002210,Avva,harika mikemmel,Pozitif
kesinlikle tavsiye ederim,4,Erkek %100 Pamuk Siyah Düz Alttan Britli Yaka Regular Fit Kısa Kol Vual Gömlek E002210,Avva,kesinlikle tavsiye ederim,Pozitif
Çok beğendim,5,Erkek %100 Pamuk Siyah Düz Alttan Britli Yaka Regular Fit Kısa Kol Vual Gömlek E002210,Avva,çok beğendim,Pozitif
kaliteli...,5,Erkek %100 Pamuk Siyah Düz Alttan Britli Yaka Regular Fit Kısa Kol Vual Gömlek E002210,Avva,kaliteli,Pozitif
ürün kalitesi olarak beklediğimden kötüydü,2,Erkek %100 Pamuk Siyah Düz Alttan Britli Yaka Regular Fit Kısa Kol Vual Gömlek E002210,Avva,ürün kalitesi olarak beklediğimden kötüydü,Negatif
Başarılı 👍🏻👍🏻👍🏻,5,Erkek %100 Pamuk Siyah Düz Alttan Britli Yaka Regular Fit Kısa Kol Vual Gömlek E002210,Avva,başarılı,Pozitif
Güzel ve kaliteli,5,Erkek %100 Pamuk Siyah Düz Alttan Britli Yaka Regular Fit Kısa Kol Vual Gömlek E002210,Avva,güzel ve kaliteli,Pozitif
Ben beğendiğim,5,Erkek %100 Pamuk Siyah Düz Alttan Britli Yaka Regular Fit Kısa Kol Vual Gömlek E002210,Avva,ben beğendiğim,Pozitif
avva kalitesi süperrr,5,Erkek %100 Pamuk Siyah Düz Alttan Britli Yaka Regular Fit Kısa Kol Vual Gömlek E002210,Avva,avva kalitesi süperrr,Pozitif
Kumaşı çok kötü hemen kırış kırış oluyor çöp resmen,1,Erkek %100 Pamuk Siyah Düz Alttan Britli Yaka Regular Fit Kısa Kol Vual Gömlek E002210,Avva,kumaşı çok kötü hemen kırış kırış oluyor çöp resmen,Negatif
eşime aldım tam kalıp çok begendi,5,Erkek %100 Pamuk Siyah Düz Alttan Britli Yaka Regular Fit Kısa Kol Vual Gömlek E002210,Avva,eşime aldım tam kalıp çok begendi,Pozitif
Ürünün kumaşı tek kelimeyle mükemmelll🤩,5,Erkek %100 Pamuk Siyah Düz Alttan Britli Yaka Regular Fit Kısa Kol Vual Gömlek E002210,Avva,ürünün kumaşı tek kelimeyle mükemmelll,Pozitif
malı vs çok iyi hediye olarak aldık,5,Erkek %100 Pamuk Siyah Düz Alttan Britli Yaka Regular Fit Kısa Kol Vual Gömlek E002210,Avva,malı vs çok iyi hediye olarak aldık,Pozitif
harika ürün teşekkür ederim,5,Erkek %100 Pamuk Siyah Düz Alttan Britli Yaka Regular Fit Kısa Kol Vual Gömlek E002210,Avva,harika ürün teşekkür ederim,Pozitif
harika kaliteli,5,Erkek %100 Pamuk Siyah Düz Alttan Britli Yaka Regular Fit Kısa Kol Vual Gömlek E002210,Avva,harika kaliteli,Pozitif
şık duruyor. ütü sevmeyenlere tavsiye etmem,5,Erkek %100 Pamuk Siyah Düz Alttan Britli Yaka Regular Fit Kısa Kol Vual Gömlek E002210,Avva,şık duruyor ütü sevmeyenlere tavsiye etmem,Pozitif
"Eşime çok yakıştı, beden tam",5,Erkek %100 Pamuk Siyah Düz Alttan Britli Yaka Regular Fit Kısa Kol Vual Gömlek E002210,Avva,eşime çok yakıştı beden tam,Pozitif
Rahat bir gömlek,5,Erkek %100 Pamuk Siyah Düz Alttan Britli Yaka Regular Fit Kısa Kol Vual Gömlek E002210,Avva,rahat bir gömlek,Pozitif
Herzaman eşime aldigim bir marka super kalite,5,Erkek %100 Pamuk Siyah Düz Alttan Britli Yaka Regular Fit Kısa Kol Vual Gömlek E002210,Avva,herzaman eşime aldigim bir marka super kalite,Pozitif
gayet güzel gömlek tam yazlık bı kumaşı var,4,Erkek %100 Pamuk Siyah Düz Alttan Britli Yaka Regular Fit Kısa Kol Vual Gömlek E002210,Avva,gayet güzel gömlek tam yazlık bı kumaşı var,Pozitif
Yıllardır kullandığım bir marka yalnız gelen pantolonun iç tarafı pamuklaşmış şaşırdım biraz. Ama duruşu çok iyi o yüzden iade etmiycem. 1.70 boy 70 kilo 28-27 aldım,3,Serenay Gold Jean Pantolon 100980-33687,Mavi,yıllardır kullandığım bir marka yalnız gelen pantolonun iç tarafı pamuklaşmış şaşırdım biraz ama duruşu çok iyi o yüzden iade etmiycem boy kilo aldım,Nötr
pamuklu olması tercih sebebi güzel ürün,5,Regular Fit Bisiklet Yaka Kısa Kollu Tişört X4578AZ22SM,Defacto,pamuklu olması tercih sebebi güzel ürün,Pozitif
Dokusu cok güzel,5,Erkek %100 Pamuk Vizon Düz Alttan Britli Yaka Regular Fit Uzun Kol Vual Gömlek E002206,Avva,dokusu cok güzel,Pozitif
Tam yazlık çok iyi,5,Erkek %100 Pamuk Vizon Düz Alttan Britli Yaka Regular Fit Uzun Kol Vual Gömlek E002206,Avva,tam yazlık çok iyi,Pozitif
Ürün kaliteli çok şık,5,Erkek %100 Pamuk Vizon Düz Alttan Britli Yaka Regular Fit Uzun Kol Vual Gömlek E002206,Avva,ürün kaliteli çok şık,Pozitif
çok şık ve rahat bir gömlek,5,Erkek %100 Pamuk Vizon Düz Alttan Britli Yaka Regular Fit Uzun Kol Vual Gömlek E002206,Avva,çok şık ve rahat bir gömlek,Pozitif
Kaliteli ürün,5,Erkek %100 Pamuk Vizon Düz Alttan Britli Yaka Regular Fit Uzun Kol Vual Gömlek E002206,Avva,kaliteli ürün,Pozitif
ürün çok güzel ve tam zamanında geldi teşekkürler,5,Erkek %100 Pamuk Vizon Düz Alttan Britli Yaka Regular Fit Uzun Kol Vual Gömlek E002206,Avva,ürün çok güzel ve tam zamanında geldi teşekkürler,Pozitif
Ürün çok güzel ve 1 günde geldi.,5,Erkek %100 Pamuk Vizon Düz Alttan Britli Yaka Regular Fit Uzun Kol Vual Gömlek E002206,Avva,ürün çok güzel ve günde geldi,Pozitif
fiyatına göre çok çok iyi çok beğendim,4,Erkek %100 Pamuk Vizon Düz Alttan Britli Yaka Regular Fit Uzun Kol Vual Gömlek E002206,Avva,fiyatına göre çok çok iyi çok beğendim,Pozitif
Eşime aldım çok beğendi kumaşı çok güzel,4,Erkek %100 Pamuk Vizon Düz Alttan Britli Yaka Regular Fit Uzun Kol Vual Gömlek E002206,Avva,eşime aldım çok beğendi kumaşı çok güzel,Pozitif
çok kaliteli bir ürün,5,Erkek %100 Pamuk Vizon Düz Alttan Britli Yaka Regular Fit Uzun Kol Vual Gömlek E002206,Avva,çok kaliteli bir ürün,Pozitif
Çok beğendim,5,Erkek %100 Pamuk Vizon Düz Alttan Britli Yaka Regular Fit Uzun Kol Vual Gömlek E002206,Avva,çok beğendim,Pozitif
harika bir ürün ...,5,Erkek %100 Pamuk Vizon Düz Alttan Britli Yaka Regular Fit Uzun Kol Vual Gömlek E002206,Avva,harika bir ürün,Pozitif
Avva kalitesi çok güzel👍,4,Erkek %100 Pamuk Vizon Düz Alttan Britli Yaka Regular Fit Uzun Kol Vual Gömlek E002206,Avva,avva kalitesi çok güzel,Pozitif
Gerçek bir avva kalitesi 🙏🏻,5,Erkek %100 Pamuk Vizon Düz Alttan Britli Yaka Regular Fit Uzun Kol Vual Gömlek E002206,Avva,gerçek bir avva kalitesi,Pozitif
Avva kalitesi harika,5,Erkek %100 Pamuk Vizon Düz Alttan Britli Yaka Regular Fit Uzun Kol Vual Gömlek E002206,Avva,avva kalitesi harika,Pozitif
Gerçekten çok kaliteli ve canlı herkese tavsiye ediyorum,5,Erkek %100 Pamuk Vizon Düz Alttan Britli Yaka Regular Fit Uzun Kol Vual Gömlek E002206,Avva,gerçekten çok kaliteli ve canlı herkese tavsiye ediyorum,Pozitif
kalitesi ve modeli çok güzel,5,Erkek %100 Pamuk Vizon Düz Alttan Britli Yaka Regular Fit Uzun Kol Vual Gömlek E002206,Avva,kalitesi ve modeli çok güzel,Pozitif
görselden çok daha güzel,5,Erkek %100 Pamuk Vizon Düz Alttan Britli Yaka Regular Fit Uzun Kol Vual Gömlek E002206,Avva,görselden çok daha güzel,Pozitif
Gayet başarılı fotoğraftakiyle benzerliği aynı serin ve güzel ürün,4,Erkek %100 Pamuk Vizon Düz Alttan Britli Yaka Regular Fit Uzun Kol Vual Gömlek E002206,Avva,gayet başarılı fotoğraftakiyle benzerliği aynı serin ve güzel ürün,Pozitif
nişanlım için aldık Çok güzel yeri var,5,Erkek %100 Pamuk Vizon Düz Alttan Britli Yaka Regular Fit Uzun Kol Vual Gömlek E002206,Avva,nişanlım için aldık çok güzel yeri var,Pozitif
Ürün çok güzel di tşk Avva,5,Erkek %100 Pamuk Vizon Düz Alttan Britli Yaka Regular Fit Uzun Kol Vual Gömlek E002206,Avva,ürün çok güzel di tşk avva,Pozitif
tam bir yaz ürünü,4,Erkek %100 Pamuk Vizon Düz Alttan Britli Yaka Regular Fit Uzun Kol Vual Gömlek E002206,Avva,tam bir yaz ürünü,Pozitif
Ürün çok kaliteli,5,Erkek %100 Pamuk Vizon Düz Alttan Britli Yaka Regular Fit Uzun Kol Vual Gömlek E002206,Avva,ürün çok kaliteli,Pozitif
ürün oldukça kaliteli 👍,5,Erkek %100 Pamuk Vizon Düz Alttan Britli Yaka Regular Fit Uzun Kol Vual Gömlek E002206,Avva,ürün oldukça kaliteli,Pozitif
Kumaşı tam yazlık çok güzel bir gömlek,5,Erkek %100 Pamuk Vizon Düz Alttan Britli Yaka Regular Fit Uzun Kol Vual Gömlek E002206,Avva,kumaşı tam yazlık çok güzel bir gömlek,Pozitif
ürün süper sadece rengini bu renk beklemeyin,5,Erkek %100 Pamuk Vizon Düz Alttan Britli Yaka Regular Fit Uzun Kol Vual Gömlek E002206,Avva,ürün süper sadece rengini bu renk beklemeyin,Pozitif
Beğendim ama rengi konusunda Bi kaç tık farklılık var oda çekimlerden dolayı,4,Erkek %100 Pamuk Vizon Düz Alttan Britli Yaka Regular Fit Uzun Kol Vual Gömlek E002206,Avva,beğendim ama rengi konusunda bi kaç tık farklılık var oda çekimlerden dolayı,Pozitif
Çok güzel tam kalıp alın,5,Erkek %100 Pamuk Vizon Düz Alttan Britli Yaka Regular Fit Uzun Kol Vual Gömlek E002206,Avva,çok güzel tam kalıp alın,Pozitif
indirimdeyken eşime aldım çok beğendi 84 kilo l beden biraz bol oldu tamirle halledilir,5,Erkek %100 Pamuk Vizon Düz Alttan Britli Yaka Regular Fit Uzun Kol Vual Gömlek E002206,Avva,indirimdeyken eşime aldım çok beğendi kilo l beden biraz bol oldu tamirle halledilir,Pozitif
Kaliteli yazlık kumaş ama kırışıyor,4,Erkek %100 Pamuk Vizon Düz Alttan Britli Yaka Regular Fit Uzun Kol Vual Gömlek E002206,Avva,kaliteli yazlık kumaş ama kırışıyor,Pozitif
Yaz için çok ideal 👍,5,Erkek %100 Pamuk Açık Gri Düz Alttan Britli Yaka Regular Fit Uzun Kol Vual Gömlek E002206,Avva,yaz için çok ideal,Pozitif
Kumaşı süoer indirimden aldın çok rahat ütüleniyor,5,Erkek %100 Pamuk Açık Gri Düz Alttan Britli Yaka Regular Fit Uzun Kol Vual Gömlek E002206,Avva,kumaşı süoer indirimden aldın çok rahat ütüleniyor,Pozitif
Ürün beklediğim gibi geldi çok güzel ve çok rahat 👏🏻👍🏻,5,Erkek %100 Pamuk Açık Gri Düz Alttan Britli Yaka Regular Fit Uzun Kol Vual Gömlek E002206,Avva,ürün beklediğim gibi geldi çok güzel ve çok rahat,Pozitif
Kuması mükemmel,5,Erkek %100 Pamuk Açık Gri Düz Alttan Britli Yaka Regular Fit Uzun Kol Vual Gömlek E002206,Avva,kuması mükemmel,Pozitif
Yazlık çok şık gömlek,5,Erkek %100 Pamuk Açık Gri Düz Alttan Britli Yaka Regular Fit Uzun Kol Vual Gömlek E002206,Avva,yazlık çok şık gömlek,Pozitif
Eşime aldım çok beğendi,5,Erkek %100 Pamuk Açık Gri Düz Alttan Britli Yaka Regular Fit Uzun Kol Vual Gömlek E002206,Avva,eşime aldım çok beğendi,Pozitif
Yazliq bir gomlek cok guzrl,5,Erkek %100 Pamuk Açık Gri Düz Alttan Britli Yaka Regular Fit Uzun Kol Vual Gömlek E002206,Avva,yazliq bir gomlek cok guzrl,Pozitif
fiyatına göre gayet iyi,5,Erkek %100 Pamuk Açık Gri Düz Alttan Britli Yaka Regular Fit Uzun Kol Vual Gömlek E002206,Avva,fiyatına göre gayet iyi,Pozitif
çok güzel gömlek,5,Erkek %100 Pamuk Açık Gri Düz Alttan Britli Yaka Regular Fit Uzun Kol Vual Gömlek E002206,Avva,çok güzel gömlek,Pozitif
nişanlıma aldim cok güzel avva kalitesi,5,Erkek %100 Pamuk Açık Gri Düz Alttan Britli Yaka Regular Fit Uzun Kol Vual Gömlek E002206,Avva,nişanlıma aldim cok güzel avva kalitesi,Pozitif
mükemmel bir ürün 😊,5,Erkek %100 Pamuk Açık Gri Düz Alttan Britli Yaka Regular Fit Uzun Kol Vual Gömlek E002206,Avva,mükemmel bir ürün,Pozitif
çok beğendim ürün muhteşem ❤️,5,Erkek %100 Pamuk Açık Gri Düz Alttan Britli Yaka Regular Fit Uzun Kol Vual Gömlek E002206,Avva,çok beğendim ürün muhteşem,Pozitif
Güzel beğendim,5,Erkek %100 Pamuk Açık Gri Düz Alttan Britli Yaka Regular Fit Uzun Kol Vual Gömlek E002206,Avva,güzel beğendim,Pozitif
Beğendim güzel ürün,5,Erkek %100 Pamuk Açık Gri Düz Alttan Britli Yaka Regular Fit Uzun Kol Vual Gömlek E002206,Avva,beğendim güzel ürün,Pozitif
3x göndrebilirmisiniz aynı rengin,5,Erkek %100 Pamuk Açık Gri Düz Alttan Britli Yaka Regular Fit Uzun Kol Vual Gömlek E002206,Avva,x göndrebilirmisiniz aynı rengin,Pozitif
Çok rahat ve şık,5,Erkek %100 Pamuk Açık Gri Düz Alttan Britli Yaka Regular Fit Uzun Kol Vual Gömlek E002206,Avva,çok rahat ve şık,Pozitif
Kendi bedeninizi alın kumaşı güzel ürün,5,Erkek %100 Pamuk Açık Gri Düz Alttan Britli Yaka Regular Fit Uzun Kol Vual Gömlek E002206,Avva,kendi bedeninizi alın kumaşı güzel ürün,Pozitif
Ürün şık tercih edilebilir,5,Erkek %100 Pamuk Açık Gri Düz Alttan Britli Yaka Regular Fit Uzun Kol Vual Gömlek E002206,Avva,ürün şık tercih edilebilir,Pozitif
Gayet güzel,5,Erkek %100 Pamuk Açık Gri Düz Alttan Britli Yaka Regular Fit Uzun Kol Vual Gömlek E002206,Avva,gayet güzel,Pozitif
rengi güzel tam mevsimlik eşim çok begendi,5,Erkek %100 Pamuk Açık Gri Düz Alttan Britli Yaka Regular Fit Uzun Kol Vual Gömlek E002206,Avva,rengi güzel tam mevsimlik eşim çok begendi,Pozitif
"Güzel beğendik, biraz daha fiyatı düşürülebilir.",4,Erkek %100 Pamuk Açık Gri Düz Alttan Britli Yaka Regular Fit Uzun Kol Vual Gömlek E002206,Avva,güzel beğendik biraz daha fiyatı düşürülebilir,Pozitif
Görmekle hiç mi hiç alakası yok bastit,1,Erkek %100 Pamuk Açık Gri Düz Alttan Britli Yaka Regular Fit Uzun Kol Vual Gömlek E002206,Avva,görmekle hiç mi hiç alakası yok bastit,Negatif
beden kokusunda sıkıntılı,3,Erkek %100 Pamuk Açık Gri Düz Alttan Britli Yaka Regular Fit Uzun Kol Vual Gömlek E002206,Avva,beden kokusunda sıkıntılı,Nötr
Kesinlikle ütü tutmuyor ve çok kırışık duruyor,1,Erkek %100 Pamuk Açık Gri Düz Alttan Britli Yaka Regular Fit Uzun Kol Vual Gömlek E002206,Avva,kesinlikle ütü tutmuyor ve çok kırışık duruyor,Negatif
"incecik tam yazlık, keten",5,Erkek %100 Pamuk Açık Gri Düz Alttan Britli Yaka Regular Fit Uzun Kol Vual Gömlek E002206,Avva,incecik tam yazlık keten,Pozitif
Tam yaz mevsimi giyilecek gömlek tavsiye ederim. Gayette şık. Hızlı teslimat için teşekkür ederim.,4,Erkek %100 Pamuk Açık Gri Düz Alttan Britli Yaka Regular Fit Uzun Kol Vual Gömlek E002206,Avva,tam yaz mevsimi giyilecek gömlek tavsiye ederim gayette şık hızlı teslimat için teşekkür ederim,Pozitif
rengin göründüğü gibi gelmedi,3,Erkek %100 Pamuk Açık Gri Düz Alttan Britli Yaka Regular Fit Uzun Kol Vual Gömlek E002206,Avva,rengin göründüğü gibi gelmedi,Nötr
Ürün çok ince beklediğim gibi değil,1,Erkek %100 Pamuk Açık Gri Düz Alttan Britli Yaka Regular Fit Uzun Kol Vual Gömlek E002206,Avva,ürün çok ince beklediğim gibi değil,Negatif
Çok ince değil tam yazlık,5,Erkek %100 Pamuk Açık Gri Düz Alttan Britli Yaka Regular Fit Uzun Kol Vual Gömlek E002206,Avva,çok ince değil tam yazlık,Pozitif
harika üç adet sipariş aldım kaliteside fiyatida 5 yıldız,5,Erkek %100 Pamuk Açık Gri Düz Alttan Britli Yaka Regular Fit Uzun Kol Vual Gömlek E002206,Avva,harika üç adet sipariş aldım kaliteside fiyatida yıldız,Pozitif
kaliteli urun,5,Regular Fit Bisiklet Yaka Baskılı Pamuklu Penye Tişört TYC00431035369,Defacto,kaliteli urun,Pozitif
Kaliteli şık,4,Regular Fit Bisiklet Yaka Baskılı Pamuklu Penye Tişört TYC00431035369,Defacto,kaliteli şık,Pozitif
güzel tavsiye ederim,4,Regular Fit Bisiklet Yaka Baskılı Pamuklu Penye Tişört TYC00431035369,Defacto,güzel tavsiye ederim,Pozitif
Ürün üzerime tam oturdu. bekleneni karşılıyor,5,Regular Fit Bisiklet Yaka Baskılı Pamuklu Penye Tişört TYC00431035369,Defacto,ürün üzerime tam oturdu bekleneni karşılıyor,Pozitif
cok daha guzel,5,Regular Fit Bisiklet Yaka Baskılı Pamuklu Penye Tişört TYC00431035369,Defacto,cok daha guzel,Pozitif
çok güzel kaliteli eşim çok beğendi,5,Regular Fit Bisiklet Yaka Baskılı Pamuklu Penye Tişört TYC00431035369,Defacto,çok güzel kaliteli eşim çok beğendi,Pozitif
Harika tavsiye ederim,5,Regular Fit Bisiklet Yaka Baskılı Pamuklu Penye Tişört TYC00431035369,Defacto,harika tavsiye ederim,Pozitif
👍 kaliteli,5,Regular Fit Bisiklet Yaka Baskılı Pamuklu Penye Tişört TYC00431035369,Defacto,kaliteli,Pozitif
ürün gayet güzel,5,Regular Fit Bisiklet Yaka Baskılı Pamuklu Penye Tişört TYC00431035369,Defacto,ürün gayet güzel,Pozitif
Ürün güzel tavsiye ederim,5,Regular Fit Bisiklet Yaka Baskılı Pamuklu Penye Tişört TYC00431035369,Defacto,ürün güzel tavsiye ederim,Pozitif
çok güzel DeFacto kalitesi,5,Regular Fit Bisiklet Yaka Baskılı Pamuklu Penye Tişört TYC00431035369,Defacto,çok güzel defacto kalitesi,Pozitif
Kardeşime aldım rahat ve kumaşı güzel,5,Regular Fit Bisiklet Yaka Baskılı Pamuklu Penye Tişört TYC00431035369,Defacto,kardeşime aldım rahat ve kumaşı güzel,Pozitif
ürün güzel teşekkürler,5,Regular Fit Bisiklet Yaka Baskılı Pamuklu Penye Tişört TYC00431035369,Defacto,ürün güzel teşekkürler,Pozitif
gayet rahat kullanımı var tavsiye ederim,5,Regular Fit Bisiklet Yaka Baskılı Pamuklu Penye Tişört TYC00431035369,Defacto,gayet rahat kullanımı var tavsiye ederim,Pozitif
ürün kalitesi ve fiyat olarak güzel,5,Regular Fit Bisiklet Yaka Baskılı Pamuklu Penye Tişört TYC00431035369,Defacto,ürün kalitesi ve fiyat olarak güzel,Pozitif
çok güzel kumaşı vs,5,Regular Fit Bisiklet Yaka Baskılı Pamuklu Penye Tişört TYC00431035369,Defacto,çok güzel kumaşı vs,Pozitif
kesinlikle mükemmel yani fiyatının hakkını veriyo aklinizda hiç şüphe olmasın,5,Regular Fit Bisiklet Yaka Baskılı Pamuklu Penye Tişört TYC00431035369,Defacto,kesinlikle mükemmel yani fiyatının hakkını veriyo aklinizda hiç şüphe olmasın,Pozitif
fiyatına göre güzel ürün,5,Regular Fit Bisiklet Yaka Baskılı Pamuklu Penye Tişört TYC00431035369,Defacto,fiyatına göre güzel ürün,Pozitif
ürün fiyatına göre mükemmel,5,Regular Fit Bisiklet Yaka Baskılı Pamuklu Penye Tişört TYC00431035369,Defacto,ürün fiyatına göre mükemmel,Pozitif
Gayet güzel bu fiyata bu kadar,4,Regular Fit Bisiklet Yaka Baskılı Pamuklu Penye Tişört TYC00431035369,Defacto,gayet güzel bu fiyata bu kadar,Pozitif
"76 kiloya M beden tam oldu, güzel ürün beğendim",5,Regular Fit Bisiklet Yaka Baskılı Pamuklu Penye Tişört TYC00431035369,Defacto,kiloya m beden tam oldu güzel ürün beğendim,Pozitif
fiyatına göre gayet süper tavsiye ederim,4,Regular Fit Bisiklet Yaka Baskılı Pamuklu Penye Tişört TYC00431035369,Defacto,fiyatına göre gayet süper tavsiye ederim,Pozitif
güzel ürün. tam beden alabilirsiniz,5,Regular Fit Bisiklet Yaka Baskılı Pamuklu Penye Tişört TYC00431035369,Defacto,güzel ürün tam beden alabilirsiniz,Pozitif
kumaşı iyi kullanışlı,5,Regular Fit Bisiklet Yaka Baskılı Pamuklu Penye Tişört TYC00431035369,Defacto,kumaşı iyi kullanışlı,Pozitif
kalip genis kaliplardan bir beden kucuk alinabilir,5,Regular Fit Bisiklet Yaka Baskılı Pamuklu Penye Tişört TYC00431035369,Defacto,kalip genis kaliplardan bir beden kucuk alinabilir,Pozitif
Pamuklu yumuşacık yaz için ideal,5,Regular Fit Bisiklet Yaka Baskılı Pamuklu Penye Tişört TYC00431035369,Defacto,pamuklu yumuşacık yaz için ideal,Pozitif
teshekkurler🙌,5,Regular Fit Bisiklet Yaka Baskılı Pamuklu Penye Tişört TYC00431035369,Defacto,teshekkurler,Pozitif
Kalıbı ve kumaşı gayet iyi tam beden,5,Regular Fit Bisiklet Yaka Baskılı Pamuklu Penye Tişört TYC00431035369,Defacto,kalıbı ve kumaşı gayet iyi tam beden,Pozitif
Güzel tşört geniş kalıp oğlum severek giyiyor,3,Regular Fit Bisiklet Yaka Baskılı Pamuklu Penye Tişört TYC00431035369,Defacto,güzel tşört geniş kalıp oğlum severek giyiyor,Nötr
"Bu fiyata çok süper, oğlum severek giyiyor, hiç deforme olmadı",5,Regular Fit Bisiklet Yaka Baskılı Pamuklu Penye Tişört TYC00431035369,Defacto,bu fiyata çok süper oğlum severek giyiyor hiç deforme olmadı,Pozitif
Biraz kalıp dar ama pamuk ve dokusu çok güzel,5,Kadın Beyaz - Kırmızı 3 Lü Slip 66222,US Polo Assn,biraz kalıp dar ama pamuk ve dokusu çok güzel,Pozitif
tesekkurler ürun tam oldu,5,Regular Fit Bisiklet Yaka Basic Pamuklu Penye Tişört M7667AZ21SP,Defacto,tesekkurler ürun tam oldu,Pozitif
cok güzel severek aldım tam istediğim gibi geldi kardeşime almıştım cok begendi,5,Regular Fit Bisiklet Yaka Basic Pamuklu Penye Tişört M7667AZ21SP,Defacto,cok güzel severek aldım tam istediğim gibi geldi kardeşime almıştım cok begendi,Pozitif
güzel ürün,5,Regular Fit Bisiklet Yaka Basic Pamuklu Penye Tişört M7667AZ21SP,Defacto,güzel ürün,Pozitif
güzel rahat bir ürün tavsiye ederim bedeninizi alın,5,Regular Fit Bisiklet Yaka Basic Pamuklu Penye Tişört M7667AZ21SP,Defacto,güzel rahat bir ürün tavsiye ederim bedeninizi alın,Pozitif
güzel fena değil,5,Regular Fit Bisiklet Yaka Basic Pamuklu Penye Tişört M7667AZ21SP,Defacto,güzel fena değil,Pozitif
Yıllardır kullanıyorum. Süper bir ürün.,5,Regular Fit Bisiklet Yaka Basic Pamuklu Penye Tişört M7667AZ21SP,Defacto,yıllardır kullanıyorum süper bir ürün,Pozitif
çok güzel 👏,5,Regular Fit Bisiklet Yaka Basic Pamuklu Penye Tişört M7667AZ21SP,Defacto,çok güzel,Pozitif
süper beğendim,5,Regular Fit Bisiklet Yaka Basic Pamuklu Penye Tişört M7667AZ21SP,Defacto,süper beğendim,Pozitif
Kaliteli ürün. M beden bol geldi. Ne giyiyorsanız bi beden küçük alın,4,Regular Fit Bisiklet Yaka Basic Pamuklu Penye Tişört M7667AZ21SP,Defacto,kaliteli ürün m beden bol geldi ne giyiyorsanız bi beden küçük alın,Pozitif
çok guzel urun,5,Erkek %100 Pamuk Lacivert V Yaka Düz T-Shirt E001001,Avva,çok guzel urun,Pozitif
güzel beğendi oğlum,5,Erkek %100 Pamuk Lacivert V Yaka Düz T-Shirt E001001,Avva,güzel beğendi oğlum,Pozitif
avva kalitesini kampanya sayesinde uyguna aldık 👏👏,5,Erkek %100 Pamuk Lacivert V Yaka Düz T-Shirt E001001,Avva,avva kalitesini kampanya sayesinde uyguna aldık,Pozitif
Eşime aldık çok beğendik tavsiye ederim,5,Erkek %100 Pamuk Lacivert V Yaka Düz T-Shirt E001001,Avva,eşime aldık çok beğendik tavsiye ederim,Pozitif
Kaliteli ve rahat bir ürün,5,Erkek %100 Pamuk Lacivert V Yaka Düz T-Shirt E001001,Avva,kaliteli ve rahat bir ürün,Pozitif
Kaliteli urun,5,Erkek %100 Pamuk Lacivert V Yaka Düz T-Shirt E001001,Avva,kaliteli urun,Pozitif
Harika ürün,5,Erkek %100 Pamuk Lacivert V Yaka Düz T-Shirt E001001,Avva,harika ürün,Pozitif
Gayet rahat,5,Erkek %100 Pamuk Lacivert V Yaka Düz T-Shirt E001001,Avva,gayet rahat,Pozitif
cok begendi babam.,5,Erkek %100 Pamuk Lacivert V Yaka Düz T-Shirt E001001,Avva,cok begendi babam,Pozitif
çok çok iyi,5,Erkek %100 Pamuk Lacivert V Yaka Düz T-Shirt E001001,Avva,çok çok iyi,Pozitif
Çok kaliteli,5,Erkek %100 Pamuk Lacivert V Yaka Düz T-Shirt E001001,Avva,çok kaliteli,Pozitif
Kaliteli bir ürün,5,Erkek %100 Pamuk Lacivert V Yaka Düz T-Shirt E001001,Avva,kaliteli bir ürün,Pozitif
Güzel penyesi,5,Erkek %100 Pamuk Lacivert V Yaka Düz T-Shirt E001001,Avva,güzel penyesi,Pozitif
çok rahat güzel düzgün kesim,5,Erkek %100 Pamuk Lacivert V Yaka Düz T-Shirt E001001,Avva,çok rahat güzel düzgün kesim,Pozitif
çok iyi rahatlıkla alabilirsiniz,5,Erkek %100 Pamuk Lacivert V Yaka Düz T-Shirt E001001,Avva,çok iyi rahatlıkla alabilirsiniz,Pozitif
esim icin aldm memnun kaldilk,5,Erkek %100 Pamuk Lacivert V Yaka Düz T-Shirt E001001,Avva,esim icin aldm memnun kaldilk,Pozitif
Ürün kaliteli beğendik,5,Erkek %100 Pamuk Lacivert V Yaka Düz T-Shirt E001001,Avva,ürün kaliteli beğendik,Pozitif
avva kalitesi çok iyi,5,Erkek %100 Pamuk Lacivert V Yaka Düz T-Shirt E001001,Avva,avva kalitesi çok iyi,Pozitif
"teşekkürler, fena değil",5,Erkek %100 Pamuk Lacivert V Yaka Düz T-Shirt E001001,Avva,teşekkürler fena değil,Pozitif
kaliteli ürün..,5,Erkek %100 Pamuk Lacivert V Yaka Düz T-Shirt E001001,Avva,kaliteli ürün,Pozitif
Güzel bir ürün.,4,Erkek %100 Pamuk Lacivert V Yaka Düz T-Shirt E001001,Avva,güzel bir ürün,Pozitif
Çok güzel,5,Erkek %100 Pamuk Lacivert V Yaka Düz T-Shirt E001001,Avva,çok güzel,Pozitif
Çok güzel kaliteli teşekkür ediyorum HAYIRLI işler,5,Erkek %100 Pamuk Lacivert V Yaka Düz T-Shirt E001001,Avva,çok güzel kaliteli teşekkür ediyorum hayirli işler,Pozitif
rahat bir ürün,4,Erkek %100 Pamuk Lacivert V Yaka Düz T-Shirt E001001,Avva,rahat bir ürün,Pozitif
babam için aldık gayet güzel,5,Erkek %100 Pamuk Lacivert V Yaka Düz T-Shirt E001001,Avva,babam için aldık gayet güzel,Pozitif
"Fena değil, teşekkürler",4,Erkek %100 Pamuk Lacivert V Yaka Düz T-Shirt E001001,Avva,fena değil teşekkürler,Pozitif
"begendim, güzel.",4,Erkek %100 Pamuk Lacivert V Yaka Düz T-Shirt E001001,Avva,begendim güzel,Pozitif
Severek aldım ürünler ve kaliteli,5,Erkek %100 Pamuk Lacivert V Yaka Düz T-Shirt E001001,Avva,severek aldım ürünler ve kaliteli,Pozitif
Harika bir ürün,5,Erkek %100 Pamuk Lacivert V Yaka Düz T-Shirt E001001,Avva,harika bir ürün,Pozitif
güzel ve kullanışlı,5,Erkek %100 Pamuk Lacivert V Yaka Düz T-Shirt E001001,Avva,güzel ve kullanışlı,Pozitif
güzel tam oldu,5,Coool Oversize Fit Bisiklet Yaka Baskılı Pamuklu Penye Tişört X3927AZ22SM,Defacto,güzel tam oldu,Pozitif
14 gün sonra Geldi ürün,1,Coool Oversize Fit Bisiklet Yaka Baskılı Pamuklu Penye Tişört X3927AZ22SM,Defacto,gün sonra geldi ürün,Negatif
Fotoğrafdaki gibi güzel,5,Coool Oversize Fit Bisiklet Yaka Baskılı Pamuklu Penye Tişört X3927AZ22SM,Defacto,fotoğrafdaki gibi güzel,Pozitif
Çok güzel bir ürün tavsiye ederim,5,Coool Oversize Fit Bisiklet Yaka Baskılı Pamuklu Penye Tişört X3927AZ22SM,Defacto,çok güzel bir ürün tavsiye ederim,Pozitif
Gayet güzel ve kaliteli bir ürün çok beğendim,5,Coool Oversize Fit Bisiklet Yaka Baskılı Pamuklu Penye Tişört X3927AZ22SM,Defacto,gayet güzel ve kaliteli bir ürün çok beğendim,Pozitif
kaliteli 7/10,4,Coool Oversize Fit Bisiklet Yaka Baskılı Pamuklu Penye Tişört X3927AZ22SM,Defacto,kaliteli,Pozitif
Ürün gayet güzel,5,Coool Oversize Fit Bisiklet Yaka Baskılı Pamuklu Penye Tişört X3927AZ22SM,Defacto,ürün gayet güzel,Pozitif
kaliteli bu fiyata cok iyi bir urun,5,Coool Oversize Fit Bisiklet Yaka Baskılı Pamuklu Penye Tişört X3927AZ22SM,Defacto,kaliteli bu fiyata cok iyi bir urun,Pozitif
malı çok güzel ama m aldık xxl cıktı penye çok büyük,5,Coool Oversize Fit Bisiklet Yaka Baskılı Pamuklu Penye Tişört X3927AZ22SM,Defacto,malı çok güzel ama m aldık xxl cıktı penye çok büyük,Pozitif
174 65 L beden oversize güzel oldu.,5,Coool Oversize Fit Bisiklet Yaka Baskılı Pamuklu Penye Tişört X3927AZ22SM,Defacto,l beden oversize güzel oldu,Pozitif
penyesi cok güzel.tam bedeninizi alabilirsiniz,5,Coool Oversize Fit Bisiklet Yaka Baskılı Pamuklu Penye Tişört X3927AZ22SM,Defacto,penyesi cok güzeltam bedeninizi alabilirsiniz,Pozitif
"Böyle bir kumaş yok, yumuşacık. Çok kaliteli ve şık fakat bir beden küçük alınabilir.",5,Coool Oversize Fit Bisiklet Yaka Baskılı Pamuklu Penye Tişört X3927AZ22SM,Defacto,böyle bir kumaş yok yumuşacık çok kaliteli ve şık fakat bir beden küçük alınabilir,Pozitif
güzel bir ürün oversize kesim olduğu için s beden alabilir mişim ama iade etmeyeceğim,4,Coool Oversize Fit Bisiklet Yaka Baskılı Pamuklu Penye Tişört X3927AZ22SM,Defacto,güzel bir ürün oversize kesim olduğu için s beden alabilir mişim ama iade etmeyeceğim,Pozitif
Oversize tam istediyim gibi,5,Coool Oversize Fit Bisiklet Yaka Baskılı Pamuklu Penye Tişört X3927AZ22SM,Defacto,oversize tam istediyim gibi,Pozitif
1 beden küçük alınabilir,3,Coool Oversize Fit Bisiklet Yaka Baskılı Pamuklu Penye Tişört X3927AZ22SM,Defacto,beden küçük alınabilir,Nötr
Tam bedeninizi alın . Gayet kaliteli bir kumaşı var .,5,Coool Oversize Fit Bisiklet Yaka Baskılı Pamuklu Penye Tişört X3927AZ22SM,Defacto,tam bedeninizi alın gayet kaliteli bir kumaşı var,Pozitif
Çok bol ya bir beden küçük alınabilir,1,Coool Oversize Fit Bisiklet Yaka Baskılı Pamuklu Penye Tişört X3927AZ22SM,Defacto,çok bol ya bir beden küçük alınabilir,Negatif
çok büyük xl 2xl gibi oldu,1,Coool Oversize Fit Bisiklet Yaka Baskılı Pamuklu Penye Tişört X3927AZ22SM,Defacto,çok büyük xl xl gibi oldu,Negatif
Kumaş kalitesi çok güzel bir beden küçük alınabilir,5,Coool Oversize Fit Bisiklet Yaka Baskılı Pamuklu Penye Tişört X3927AZ22SM,Defacto,kumaş kalitesi çok güzel bir beden küçük alınabilir,Pozitif
Kumaşı kaliteli bir beden küçük alınmalı,4,Coool Oversize Fit Bisiklet Yaka Baskılı Pamuklu Penye Tişört X3927AZ22SM,Defacto,kumaşı kaliteli bir beden küçük alınmalı,Pozitif
Erkek arkadaşıma aldım çok güzel gerçekten kaliteli,5,Coool Oversize Fit Bisiklet Yaka Baskılı Pamuklu Penye Tişört X3927AZ22SM,Defacto,erkek arkadaşıma aldım çok güzel gerçekten kaliteli,Pozitif
"Rengi ne krem ne bej,beyaz kesinlikle degil:)ama pamuklu kumasi fena degil yatarken giymelik.",5,Regular Fit Bisiklet Yaka Basic Tişört M7667AZ22SP,Defacto,rengi ne krem ne bejbeyaz kesinlikle degilama pamuklu kumasi fena degil yatarken giymelik,Pozitif
Güzel bir ürün avva kalitesine yakışır fiyatıda indirimdeyken aldım,5,Erkek %100 Pamuk Vizon V Yaka Düz T-Shirt E001001,Avva,güzel bir ürün avva kalitesine yakışır fiyatıda indirimdeyken aldım,Pozitif
Harika ürün,5,Erkek %100 Pamuk Vizon V Yaka Düz T-Shirt E001001,Avva,harika ürün,Pozitif
% 100 cotton gercekten atlet gibi pazardan atlet alsam daha iyiydi,1,Erkek %100 Pamuk Vizon V Yaka Düz T-Shirt E001001,Avva,cotton gercekten atlet gibi pazardan atlet alsam daha iyiydi,Negatif
Avva kalitesi,5,Erkek %100 Pamuk Vizon V Yaka Düz T-Shirt E001001,Avva,avva kalitesi,Pozitif
Penyesi güzel değil beğenmedim.,2,Erkek %100 Pamuk Vizon V Yaka Düz T-Shirt E001001,Avva,penyesi güzel değil beğenmedim,Negatif
oğluma aldım . beğendi.,5,Erkek %100 Pamuk Vizon V Yaka Düz T-Shirt E001001,Avva,oğluma aldım beğendi,Pozitif
indirimde olduğundan farkı bir rengini aldım genel olarak rahat bir tişört,4,Erkek %100 Pamuk Vizon V Yaka Düz T-Shirt E001001,Avva,indirimde olduğundan farkı bir rengini aldım genel olarak rahat bir tişört,Pozitif
AVVA kalitesine Trendyol aracılığıyla ulaştığımız için teşekkürler.,4,Erkek %100 Pamuk Vizon V Yaka Düz T-Shirt E001001,Avva,avva kalitesine trendyol aracılığıyla ulaştığımız için teşekkürler,Pozitif
babam için aldık gayet güzel,5,Erkek %100 Pamuk Vizon V Yaka Düz T-Shirt E001001,Avva,babam için aldık gayet güzel,Pozitif
"Renkler istediğim gibi geldi, çok beğendim",4,Erkek %100 Pamuk Vizon V Yaka Düz T-Shirt E001001,Avva,renkler istediğim gibi geldi çok beğendim,Pozitif
Çok kaliteli ve güzel 👍,5,Erkek %100 Pamuk Vizon V Yaka Düz T-Shirt E001001,Avva,çok kaliteli ve güzel,Pozitif
Mükemmel ötesi bayıldım,5,Erkek %100 Pamuk Vizon V Yaka Düz T-Shirt E001001,Avva,mükemmel ötesi bayıldım,Pozitif
Memnunum tavsiye ederim,5,Erkek %100 Pamuk Vizon V Yaka Düz T-Shirt E001001,Avva,memnunum tavsiye ederim,Pozitif
memnun kaldık 👌,5,Erkek %100 Pamuk Vizon V Yaka Düz T-Shirt E001001,Avva,memnun kaldık,Pozitif
Penyesi kalitesiz,1,Erkek %100 Pamuk Vizon V Yaka Düz T-Shirt E001001,Avva,penyesi kalitesiz,Negatif
Fena değil,3,Erkek %100 Pamuk Vizon V Yaka Düz T-Shirt E001001,Avva,fena değil,Nötr
avva kalitesi,4,Erkek %100 Pamuk Vizon V Yaka Düz T-Shirt E001001,Avva,avva kalitesi,Pozitif
çok memnun kaldım başka renklerini bekliyorum,5,Erkek %100 Pamuk Vizon V Yaka Düz T-Shirt E001001,Avva,çok memnun kaldım başka renklerini bekliyorum,Pozitif
teşekkürler AVVA,5,Erkek %100 Pamuk Vizon V Yaka Düz T-Shirt E001001,Avva,teşekkürler avva,Pozitif
Çok güzel kalitesi yumuşak,5,Erkek %100 Pamuk Vizon V Yaka Düz T-Shirt E001001,Avva,çok güzel kalitesi yumuşak,Pozitif
hızlı teslimat güzel ürün,5,Erkek %100 Pamuk Vizon V Yaka Düz T-Shirt E001001,Avva,hızlı teslimat güzel ürün,Pozitif
ürün çok kötü kaliesiz...,1,Erkek %100 Pamuk Vizon V Yaka Düz T-Shirt E001001,Avva,ürün çok kötü kaliesiz,Negatif
Avva kalitesinde değil ama fiyatına göre idare eder,3,Erkek %100 Pamuk Vizon V Yaka Düz T-Shirt E001001,Avva,avva kalitesinde değil ama fiyatına göre idare eder,Nötr
"AVVA kalştesi,bu fiyata bedava",5,Erkek %100 Pamuk Vizon V Yaka Düz T-Shirt E001001,Avva,avva kalştesibu fiyata bedava,Pozitif
fiyatına göre çok güzel,5,Erkek %100 Pamuk Vizon V Yaka Düz T-Shirt E001001,Avva,fiyatına göre çok güzel,Pozitif
avva kalitesi,5,Erkek %100 Pamuk Vizon V Yaka Düz T-Shirt E001001,Avva,avva kalitesi,Pozitif
Görseldeki gibi,4,Erkek %100 Pamuk Vizon V Yaka Düz T-Shirt E001001,Avva,görseldeki gibi,Pozitif
Muhteşem rahat kaliteli,5,Erkek %100 Pamuk Vizon V Yaka Düz T-Shirt E001001,Avva,muhteşem rahat kaliteli,Pozitif
cok iyi bu kadar beklemiyodum,5,Erkek %100 Pamuk Vizon V Yaka Düz T-Shirt E001001,Avva,cok iyi bu kadar beklemiyodum,Pozitif
Tam kalıp rahat basic güzel ürün,5,Erkek %100 Pamuk Vizon V Yaka Düz T-Shirt E001001,Avva,tam kalıp rahat basic güzel ürün,Pozitif
"Pamuklu, biraz geniş",4,Oversize Fit Bisiklet Yaka Tişört T7037AZ22SP,Defacto,pamuklu biraz geniş,Pozitif
kumaş pamuklu çok rahat kaliteli ürün,5,Oversize Fit Bisiklet Yaka Tişört T7037AZ22SP,Defacto,kumaş pamuklu çok rahat kaliteli ürün,Pozitif
indirimle aldım çok memnunuz.,5,Erkek %100 Pamuk Antrasit Düz Alttan Britli Yaka Regular Fit Uzun Kol Vual Gömlek E002206,Avva,indirimle aldım çok memnunuz,Pozitif
İndirimde çok uygun bir fiyata aldım beğendim alınabilir,5,Erkek %100 Pamuk Antrasit Düz Alttan Britli Yaka Regular Fit Uzun Kol Vual Gömlek E002206,Avva,indirimde çok uygun bir fiyata aldım beğendim alınabilir,Pozitif
indirimdeyken aldım eşime yumuşacık dokusu var ama hemen kirisacak gibi duruyor bakalım,4,Erkek %100 Pamuk Antrasit Düz Alttan Britli Yaka Regular Fit Uzun Kol Vual Gömlek E002206,Avva,indirimdeyken aldım eşime yumuşacık dokusu var ama hemen kirisacak gibi duruyor bakalım,Pozitif
Yazlık ve şık,5,Erkek %100 Pamuk Antrasit Düz Alttan Britli Yaka Regular Fit Uzun Kol Vual Gömlek E002206,Avva,yazlık ve şık,Pozitif
mükemmel bir ürün tam yazlık,5,Erkek %100 Pamuk Antrasit Düz Alttan Britli Yaka Regular Fit Uzun Kol Vual Gömlek E002206,Avva,mükemmel bir ürün tam yazlık,Pozitif
tam yazlık çok hafif tavsiye ederim,5,Erkek %100 Pamuk Antrasit Düz Alttan Britli Yaka Regular Fit Uzun Kol Vual Gömlek E002206,Avva,tam yazlık çok hafif tavsiye ederim,Pozitif
TRİL TİRİL HARİKA,5,Erkek %100 Pamuk Antrasit Düz Alttan Britli Yaka Regular Fit Uzun Kol Vual Gömlek E002206,Avva,tril tiril harika,Pozitif
tam yazlık gömlek,5,Erkek %100 Pamuk Antrasit Düz Alttan Britli Yaka Regular Fit Uzun Kol Vual Gömlek E002206,Avva,tam yazlık gömlek,Pozitif
kumaşı ipek gibi çok kaliteli,5,Erkek %100 Pamuk Antrasit Düz Alttan Britli Yaka Regular Fit Uzun Kol Vual Gömlek E002206,Avva,kumaşı ipek gibi çok kaliteli,Pozitif
Şık ve güzel,5,Erkek %100 Pamuk Antrasit Düz Alttan Britli Yaka Regular Fit Uzun Kol Vual Gömlek E002206,Avva,şık ve güzel,Pozitif
güzel teşekkür ederim,5,Erkek %100 Pamuk Antrasit Düz Alttan Britli Yaka Regular Fit Uzun Kol Vual Gömlek E002206,Avva,güzel teşekkür ederim,Pozitif
Babam çok beğendi kalitesi güzel,5,Erkek %100 Pamuk Antrasit Düz Alttan Britli Yaka Regular Fit Uzun Kol Vual Gömlek E002206,Avva,babam çok beğendi kalitesi güzel,Pozitif
Herşey için teşekkür ederim çok memnunuz 🙏,5,Erkek %100 Pamuk Antrasit Düz Alttan Britli Yaka Regular Fit Uzun Kol Vual Gömlek E002206,Avva,herşey için teşekkür ederim çok memnunuz,Pozitif
Dokusuna bayıldım avva kalitesi,5,Erkek %100 Pamuk Antrasit Düz Alttan Britli Yaka Regular Fit Uzun Kol Vual Gömlek E002206,Avva,dokusuna bayıldım avva kalitesi,Pozitif
Babama hediye aldım kalıbı tam kalıp 👍,5,Erkek %100 Pamuk Antrasit Düz Alttan Britli Yaka Regular Fit Uzun Kol Vual Gömlek E002206,Avva,babama hediye aldım kalıbı tam kalıp,Pozitif
3x göndrebilirmisiniz aynı rengin,5,Erkek %100 Pamuk Antrasit Düz Alttan Britli Yaka Regular Fit Uzun Kol Vual Gömlek E002206,Avva,x göndrebilirmisiniz aynı rengin,Pozitif
tek kelimeyle harika,5,Erkek %100 Pamuk Antrasit Düz Alttan Britli Yaka Regular Fit Uzun Kol Vual Gömlek E002206,Avva,tek kelimeyle harika,Pozitif
babalar günü icin aldım tam beden aldım çok guzel oldu bence bu paraya bu kalite hak ediyo bence 👍,5,Erkek %100 Pamuk Antrasit Düz Alttan Britli Yaka Regular Fit Uzun Kol Vual Gömlek E002206,Avva,babalar günü icin aldım tam beden aldım çok guzel oldu bence bu paraya bu kalite hak ediyo bence,Pozitif
gerceketeenn cok guzel bir urun tavsiye ederimm,4,Erkek %100 Pamuk Antrasit Düz Alttan Britli Yaka Regular Fit Uzun Kol Vual Gömlek E002206,Avva,gerceketeenn cok guzel bir urun tavsiye ederimm,Pozitif
çok güzel kaliteli avva adı yeter,5,Erkek %100 Pamuk Antrasit Düz Alttan Britli Yaka Regular Fit Uzun Kol Vual Gömlek E002206,Avva,çok güzel kaliteli avva adı yeter,Pozitif
urun efsane,5,Erkek %100 Pamuk Antrasit Düz Alttan Britli Yaka Regular Fit Uzun Kol Vual Gömlek E002206,Avva,urun efsane,Pozitif
çok güzel ama kendi bedeninizin bir küçüğünü alın M benim bedenim olmadı S istedim,5,Erkek %100 Pamuk Antrasit Düz Alttan Britli Yaka Regular Fit Uzun Kol Vual Gömlek E002206,Avva,çok güzel ama kendi bedeninizin bir küçüğünü alın m benim bedenim olmadı s istedim,Pozitif
"Fiyatına göre kalitesi harika, tam beden alın.",5,Erkek %100 Pamuk Antrasit Düz Alttan Britli Yaka Regular Fit Uzun Kol Vual Gömlek E002206,Avva,fiyatına göre kalitesi harika tam beden alın,Pozitif
Rengi daha koyu,5,Erkek %100 Pamuk Antrasit Düz Alttan Britli Yaka Regular Fit Uzun Kol Vual Gömlek E002206,Avva,rengi daha koyu,Pozitif
rengi ve kalitesi güzel tam yazlık bir gömlek,5,Erkek %100 Pamuk Antrasit Düz Alttan Britli Yaka Regular Fit Uzun Kol Vual Gömlek E002206,Avva,rengi ve kalitesi güzel tam yazlık bir gömlek,Pozitif
Tam yazlık kumaşı var ütüsü biraz zor ama güzel bi ürün eşime aldım beğendi,5,Erkek %100 Pamuk Antrasit Düz Alttan Britli Yaka Regular Fit Uzun Kol Vual Gömlek E002206,Avva,tam yazlık kumaşı var ütüsü biraz zor ama güzel bi ürün eşime aldım beğendi,Pozitif
Bu fiyata bu kalite inanılmaz,5,Erkek %100 Pamuk Antrasit Düz Alttan Britli Yaka Regular Fit Uzun Kol Vual Gömlek E002206,Avva,bu fiyata bu kalite inanılmaz,Pozitif
Tam yazlık incecik ama ütü biraz zahmetli,4,Erkek %100 Pamuk Antrasit Düz Alttan Britli Yaka Regular Fit Uzun Kol Vual Gömlek E002206,Avva,tam yazlık incecik ama ütü biraz zahmetli,Pozitif
Çok güzel tüm renklerini almayı düşünüyorum,5,Erkek %100 Pamuk Antrasit Düz Alttan Britli Yaka Regular Fit Uzun Kol Vual Gömlek E002206,Avva,çok güzel tüm renklerini almayı düşünüyorum,Pozitif
kaliteli gömlek,4,Erkek %100 Pamuk Antrasit Düz Alttan Britli Yaka Regular Fit Uzun Kol Vual Gömlek E002206,Avva,kaliteli gömlek,Pozitif
tesekkurler ürun tam oldu,5,Regular Fit Bisiklet Yaka Basic Pamuklu Penye Tişört M7667AZ21SP,Defacto,tesekkurler ürun tam oldu,Pozitif
cok güzel severek aldım tam istediğim gibi geldi kardeşime almıştım cok begendi,5,Regular Fit Bisiklet Yaka Basic Pamuklu Penye Tişört M7667AZ21SP,Defacto,cok güzel severek aldım tam istediğim gibi geldi kardeşime almıştım cok begendi,Pozitif
güzel ürün,5,Regular Fit Bisiklet Yaka Basic Pamuklu Penye Tişört M7667AZ21SP,Defacto,güzel ürün,Pozitif
güzel rahat bir ürün tavsiye ederim bedeninizi alın,5,Regular Fit Bisiklet Yaka Basic Pamuklu Penye Tişört M7667AZ21SP,Defacto,güzel rahat bir ürün tavsiye ederim bedeninizi alın,Pozitif
güzel fena değil,5,Regular Fit Bisiklet Yaka Basic Pamuklu Penye Tişört M7667AZ21SP,Defacto,güzel fena değil,Pozitif
Yıllardır kullanıyorum. Süper bir ürün.,5,Regular Fit Bisiklet Yaka Basic Pamuklu Penye Tişört M7667AZ21SP,Defacto,yıllardır kullanıyorum süper bir ürün,Pozitif
çok güzel 👏,5,Regular Fit Bisiklet Yaka Basic Pamuklu Penye Tişört M7667AZ21SP,Defacto,çok güzel,Pozitif
süper beğendim,5,Regular Fit Bisiklet Yaka Basic Pamuklu Penye Tişört M7667AZ21SP,Defacto,süper beğendim,Pozitif
Kaliteli ürün. M beden bol geldi. Ne giyiyorsanız bi beden küçük alın,4,Regular Fit Bisiklet Yaka Basic Pamuklu Penye Tişört M7667AZ21SP,Defacto,kaliteli ürün m beden bol geldi ne giyiyorsanız bi beden küçük alın,Pozitif
cok yumuşak pamuklu çok beğendim eşim için aldim,5,Lacivert Basic Boxer 0910033-30761,Mavi,cok yumuşak pamuklu çok beğendim eşim için aldim,Pozitif
kalitesi iyi,5,Regular Fit Beli Bağcıklı Basic Pamuklu Penye Şort W2512AZ21SM,Defacto,kalitesi iyi,Pozitif
beden olarak dar bir kalıbı var ama çok şık duruyor,5,Regular Fit Beli Bağcıklı Basic Pamuklu Penye Şort W2512AZ21SM,Defacto,beden olarak dar bir kalıbı var ama çok şık duruyor,Pozitif
"Ev kiyafeti ya da pijama olarak giyilebilecek kalitede bir ürün, iade ile ugrasmamak icin geri gondermiyorum",1,Regular Fit Beli Bağcıklı Basic Pamuklu Penye Şort W2512AZ21SM,Defacto,ev kiyafeti ya da pijama olarak giyilebilecek kalitede bir ürün iade ile ugrasmamak icin geri gondermiyorum,Negatif
Biraz kalıp dar ama pamuk ve dokusu çok güzel,5,Kadın Beyaz - Kırmızı 3 Lü Slip 66222,US Polo Assn,biraz kalıp dar ama pamuk ve dokusu çok güzel,Pozitif
Muhtesem bir mayo. Dekoltesi yok gibi bir sey. 1.65 boy 65 kilo m aldim (38),5,Fırfırlı Mayo SB22250,Suwen,muhtesem bir mayo dekoltesi yok gibi bir sey boy kilo m aldim,Pozitif
mayo gercekten cok guzel ve kaliteli. biraz gogus dekoltesi acik. benim boyum biraz uzun oldugundan 40 siparis verdim ondada cup lari buyukdurdu.🥺,5,Fırfırlı Mayo SB22250,Suwen,mayo gercekten cok guzel ve kaliteli biraz gogus dekoltesi acik benim boyum biraz uzun oldugundan siparis verdim ondada cup lari buyukdurdu,Pozitif
"Ürün çok güzel. Boyum 165, 53 kiloyum hangi bedeni alsam diye kararsız kalmıştım. 36 beden aldım üzerime tam oturdu. Mayo yapışık olduğunu için, daha küçüğünü alsam içine sığamayacakmışım. Göğüs dekoltesi çok açık haberiniz olsun. Onun dışında toparlayıcı bir model. Tavsiye ederim. Kargo da hızlıydı.",4,Fırfırlı Mayo SB22250,Suwen,ürün çok güzel boyum kiloyum hangi bedeni alsam diye kararsız kalmıştım beden aldım üzerime tam oturdu mayo yapışık olduğunu için daha küçüğünü alsam içine sığamayacakmışım göğüs dekoltesi çok açık haberiniz olsun onun dışında toparlayıcı bir model tavsiye ederim kargo da hızlıydı,Pozitif
Çok cici bir mayo benim boyum 1.57 kilom 60. 40 beden sipariş verdim tam oldu hatta biraz dar oldu benim üst bedenim daha zayıf biraz göğüs dekoltesi açık geldi ama onuda askilarini sıkarak duzeltmeye çalışacağım,5,Fırfırlı Mayo SB22250,Suwen,çok cici bir mayo benim boyum kilom beden sipariş verdim tam oldu hatta biraz dar oldu benim üst bedenim daha zayıf biraz göğüs dekoltesi açık geldi ama onuda askilarini sıkarak duzeltmeye çalışacağım,Pozitif
avva kalitesı iyi,5,Erkek %100 Pamuk Beyaz Bisiklet Yaka Baskılı T-shirt A21Y1110,Avva,avva kalitesı iyi,Pozitif
baya iyi tavsiye edilir,5,Erkek %100 Pamuk Beyaz Bisiklet Yaka Baskılı T-shirt A21Y1110,Avva,baya iyi tavsiye edilir,Pozitif
penye kalitedi harika,5,Erkek %100 Pamuk Beyaz Bisiklet Yaka Baskılı T-shirt A21Y1110,Avva,penye kalitedi harika,Pozitif
Kumaşı kötü,1,Erkek %100 Pamuk Beyaz Bisiklet Yaka Baskılı T-shirt A21Y1110,Avva,kumaşı kötü,Negatif
"kumaş kalitesi kötüydü ve marka yazısı beyazdı , belirgin değildi",1,Erkek %100 Pamuk Beyaz Bisiklet Yaka Baskılı T-shirt A21Y1110,Avva,kumaş kalitesi kötüydü ve marka yazısı beyazdı belirgin değildi,Negatif
"güzel bir ürün, kolundaki arması göründüğü gibi siyahlı değil, beyazdı. haliyle çok da belirgin değil.",3,Erkek %100 Pamuk Beyaz Bisiklet Yaka Baskılı T-shirt A21Y1110,Avva,güzel bir ürün kolundaki arması göründüğü gibi siyahlı değil beyazdı haliyle çok da belirgin değil,Nötr
ürün çok güzel.ancak iç gosteriyordu eşim istemedi,5,Erkek %100 Pamuk Beyaz Bisiklet Yaka Baskılı T-shirt A21Y1110,Avva,ürün çok güzelancak iç gosteriyordu eşim istemedi,Pozitif
Kolunda ki arması beyaz renk onun dışında bir sorunu yok kaliteli bir ürün iş görür,4,Erkek %100 Pamuk Beyaz Bisiklet Yaka Baskılı T-shirt A21Y1110,Avva,kolunda ki arması beyaz renk onun dışında bir sorunu yok kaliteli bir ürün iş görür,Pozitif
ürünün dokusu çok hoş sadece kolumdaki avva yazısı belli değil 1 puan oradan kırdım,4,Erkek %100 Pamuk Beyaz Bisiklet Yaka Baskılı T-shirt A21Y1110,Avva,ürünün dokusu çok hoş sadece kolumdaki avva yazısı belli değil puan oradan kırdım,Pozitif
kaliteli tam beden alınmalı,5,Regular Fit Bisiklet Yaka Basic Haki Pamuklu Penye Tişört M7667AZ21SP,Defacto,kaliteli tam beden alınmalı,Pozitif
Bedeninizi alın,4,Regular Fit Bisiklet Yaka Basic Haki Pamuklu Penye Tişört M7667AZ21SP,Defacto,bedeninizi alın,Pozitif
Çok Şık ve rahat,5,Regular Fit Bisiklet Yaka Basic Haki Pamuklu Penye Tişört M7667AZ21SP,Defacto,çok şık ve rahat,Pozitif
Tesekkurler,5,Regular Fit Bisiklet Yaka Basic Haki Pamuklu Penye Tişört M7667AZ21SP,Defacto,tesekkurler,Pozitif
Güzeldi babam beğendi,4,Regular Fit Bisiklet Yaka Basic Haki Pamuklu Penye Tişört M7667AZ21SP,Defacto,güzeldi babam beğendi,Pozitif
Iyi bir urun,4,Regular Fit Bisiklet Yaka Basic Haki Pamuklu Penye Tişört M7667AZ21SP,Defacto,iyi bir urun,Pozitif
Hızlı ve sorunsuz gönderim teşekkürler.,5,Regular Fit Bisiklet Yaka Basic Haki Pamuklu Penye Tişört M7667AZ21SP,Defacto,hızlı ve sorunsuz gönderim teşekkürler,Pozitif
İndirimden almıştım beğendim.,5,Regular Fit Bisiklet Yaka Basic Haki Pamuklu Penye Tişört M7667AZ21SP,Defacto,indirimden almıştım beğendim,Pozitif
çok memnunum bayılarak giyiyorum kumaşı da cok güzel,5,Regular Fit Bisiklet Yaka Basic Haki Pamuklu Penye Tişört M7667AZ21SP,Defacto,çok memnunum bayılarak giyiyorum kumaşı da cok güzel,Pozitif
çok tatlı bir pijama takımı:)teşekkür ederim,5,Daisy Duck Lisanslı Pamuklu Pijama Takımı 2KLK79339MK,Koton,çok tatlı bir pijama takımıteşekkür ederim,Pozitif
Çok rahat 😌,4,Daisy Duck Lisanslı Pamuklu Pijama Takımı 2KLK79339MK,Koton,çok rahat,Pozitif
Coox guzel.tam beden ala bilirsiniz,5,Daisy Duck Lisanslı Pamuklu Pijama Takımı 2KLK79339MK,Koton,coox guzeltam beden ala bilirsiniz,Pozitif
güzel beğendik,5,Daisy Duck Lisanslı Pamuklu Pijama Takımı 2KLK79339MK,Koton,güzel beğendik,Pozitif
Bir beden küçük aldım çok kaliteli tekrar anneme de aldım teşekkürler,5,Daisy Duck Lisanslı Pamuklu Pijama Takımı 2KLK79339MK,Koton,bir beden küçük aldım çok kaliteli tekrar anneme de aldım teşekkürler,Pozitif
En sevdiğim pijamam oldu özellikle altı çok rahat,5,Daisy Duck Lisanslı Pamuklu Pijama Takımı 2KLK79339MK,Koton,en sevdiğim pijamam oldu özellikle altı çok rahat,Pozitif
Kalite çok iyi tam bedeninizi alabilirsiniz.,5,Daisy Duck Lisanslı Pamuklu Pijama Takımı 2KLK79339MK,Koton,kalite çok iyi tam bedeninizi alabilirsiniz,Pozitif
ürünün yapısı güzel kendi bedeninizi alabilirsiniz,5,Daisy Duck Lisanslı Pamuklu Pijama Takımı 2KLK79339MK,Koton,ürünün yapısı güzel kendi bedeninizi alabilirsiniz,Pozitif
kalite on numara keşke bir beden küçük alsaydım ama iade etmicem harika bayildim,5,Daisy Duck Lisanslı Pamuklu Pijama Takımı 2KLK79339MK,Koton,kalite on numara keşke bir beden küçük alsaydım ama iade etmicem harika bayildim,Pozitif
1 beden büyük alınmalı,3,Daisy Duck Lisanslı Pamuklu Pijama Takımı 2KLK79339MK,Koton,beden büyük alınmalı,Nötr
Fena değil,3,Daisy Duck Lisanslı Pamuklu Pijama Takımı 2KLK79339MK,Koton,fena değil,Nötr
Güzel sevdim kaliteli,3,Daisy Duck Lisanslı Pamuklu Pijama Takımı 2KLK79339MK,Koton,güzel sevdim kaliteli,Nötr
coook guzel,5,Daisy Duck Lisanslı Pamuklu Pijama Takımı 2KLK79339MK,Koton,coook guzel,Pozitif
Çok guzel bır ürün,5,Daisy Duck Lisanslı Pamuklu Pijama Takımı 2KLK79339MK,Koton,çok guzel bır ürün,Pozitif
Ürün çok güzel çok tatlı severek giyiyorum tavsiye ederim,5,Daisy Duck Lisanslı Pamuklu Pijama Takımı 2KLK79339MK,Koton,ürün çok güzel çok tatlı severek giyiyorum tavsiye ederim,Pozitif
Çok sevdim 😍,5,Daisy Duck Lisanslı Pamuklu Pijama Takımı 2KLK79339MK,Koton,çok sevdim,Pozitif
Teşekkürler,5,Daisy Duck Lisanslı Pamuklu Pijama Takımı 2KLK79339MK,Koton,teşekkürler,Pozitif
Çok güzel,5,Daisy Duck Lisanslı Pamuklu Pijama Takımı 2KLK79339MK,Koton,çok güzel,Pozitif
Üst düzey kaliteli,5,Daisy Duck Lisanslı Pamuklu Pijama Takımı 2KLK79339MK,Koton,üst düzey kaliteli,Pozitif
ürünü çok beğendim tam pamuklu güzel oldu tavsiye ederim çokta rahat,5,Daisy Duck Lisanslı Pamuklu Pijama Takımı 2KLK79339MK,Koton,ürünü çok beğendim tam pamuklu güzel oldu tavsiye ederim çokta rahat,Pozitif
Bayıldım öyle güzelkiii,5,Daisy Duck Lisanslı Pamuklu Pijama Takımı 2KLK79339MK,Koton,bayıldım öyle güzelkiii,Pozitif
ürün bir beden küçük alın kalitesi güzel,5,Daisy Duck Lisanslı Pamuklu Pijama Takımı 2KLK79339MK,Koton,ürün bir beden küçük alın kalitesi güzel,Pozitif
çokkk tatlı,5,Daisy Duck Lisanslı Pamuklu Pijama Takımı 2KLK79339MK,Koton,çokkk tatlı,Pozitif
Çok tatlııı,5,Daisy Duck Lisanslı Pamuklu Pijama Takımı 2KLK79339MK,Koton,çok tatlııı,Pozitif
bedeninizden bir beden küçük alınabilir salaş rahat çok tatliş bi ürün :),5,Daisy Duck Lisanslı Pamuklu Pijama Takımı 2KLK79339MK,Koton,bedeninizden bir beden küçük alınabilir salaş rahat çok tatliş bi ürün,Pozitif
muhteşem çok güzel kalitesi yumuşacık malı bedeniniz neyse onu alın,5,Daisy Duck Lisanslı Pamuklu Pijama Takımı 2KLK79339MK,Koton,muhteşem çok güzel kalitesi yumuşacık malı bedeniniz neyse onu alın,Pozitif
ürünün kumaşı çok güzel ve yumuşacıkkk kendi bedeninizden 1 beden küçük alabilirsinizz,5,Daisy Duck Lisanslı Pamuklu Pijama Takımı 2KLK79339MK,Koton,ürünün kumaşı çok güzel ve yumuşacıkkk kendi bedeninizden beden küçük alabilirsinizz,Pozitif
Gayet güzel oldu. Tavsiye ederim.,5,Daisy Duck Lisanslı Pamuklu Pijama Takımı 2KLK79339MK,Koton,gayet güzel oldu tavsiye ederim,Pozitif
Yumuşacıkkkk yine alcam ancak çok pahalı,5,Daisy Duck Lisanslı Pamuklu Pijama Takımı 2KLK79339MK,Koton,yumuşacıkkkk yine alcam ancak çok pahalı,Pozitif
Yumuşacık,4,Daisy Duck Lisanslı Pamuklu Pijama Takımı 2KLK79339MK,Koton,yumuşacık,Pozitif
istanbul icin ilk ve sonbahara uygun bir urun. acik gri atletle giyilmesini tavsiye ederim. orta incelikte ve pamuklu bir kumasi var. abimin boyu 179 cm kilosu 82. L beden aldim mankendeki gibi durdu. ama 90 kilo ustuyseniz xl almaniz gerekir.,5,Beyaz Gömlek Fitted / Vücuda Oturan Kesim 020579-25705,Mavi,istanbul icin ilk ve sonbahara uygun bir urun acik gri atletle giyilmesini tavsiye ederim orta incelikte ve pamuklu bir kumasi var abimin boyu cm kilosu l beden aldim mankendeki gibi durdu ama kilo ustuyseniz xl almaniz gerekir,Pozitif
"Pamuklu,terletmiyor tam beden",5,V Yaka Beyaz Basic Tişört Fitted / Vücuda Oturan Kesim 061313-622,Mavi,pamukluterletmiyor tam beden,Pozitif
Renk tam göründüğü gibi pamuklu çok güzel,5,Oversize Fit Bisiklet Yaka Tişört T7037AZ22SP,Defacto,renk tam göründüğü gibi pamuklu çok güzel,Pozitif
Yumuşacık çok güzel,5,Erkek %100 Pamuk Lacivert Bisiklet Yaka Düz Uzun Kol T-Shirt E001002,Avva,yumuşacık çok güzel,Pozitif
"F/P ürünü , rahat ve şık",5,Erkek %100 Pamuk Lacivert Bisiklet Yaka Düz Uzun Kol T-Shirt E001002,Avva,fp ürünü rahat ve şık,Pozitif
kaliteli ürün,5,Erkek %100 Pamuk Lacivert Bisiklet Yaka Düz Uzun Kol T-Shirt E001002,Avva,kaliteli ürün,Pozitif
təşəkkürlər trendyol və Avva,5,Erkek %100 Pamuk Lacivert Bisiklet Yaka Düz Uzun Kol T-Shirt E001002,Avva,tşkkürlr trendyol v avva,Pozitif
Kaliteli bir ürün. Tavsiye ederim,5,Erkek %100 Pamuk Lacivert Bisiklet Yaka Düz Uzun Kol T-Shirt E001002,Avva,kaliteli bir ürün tavsiye ederim,Pozitif
Ürün güzel mevsimlik teşekkürler,5,Erkek %100 Pamuk Lacivert Bisiklet Yaka Düz Uzun Kol T-Shirt E001002,Avva,ürün güzel mevsimlik teşekkürler,Pozitif
Ürün güzel,5,Erkek %100 Pamuk Lacivert Bisiklet Yaka Düz Uzun Kol T-Shirt E001002,Avva,ürün güzel,Pozitif
güzel tavsiye ederim,4,Erkek %100 Pamuk Lacivert Bisiklet Yaka Düz Uzun Kol T-Shirt E001002,Avva,güzel tavsiye ederim,Pozitif
cok guzel tesekkurler,5,Erkek %100 Pamuk Lacivert Bisiklet Yaka Düz Uzun Kol T-Shirt E001002,Avva,cok guzel tesekkurler,Pozitif
Begendim kaliteli teşekkür,5,Erkek %100 Pamuk Lacivert Bisiklet Yaka Düz Uzun Kol T-Shirt E001002,Avva,begendim kaliteli teşekkür,Pozitif
Güzel sevdim,5,Erkek %100 Pamuk Lacivert Bisiklet Yaka Düz Uzun Kol T-Shirt E001002,Avva,güzel sevdim,Pozitif
berbat urun tavsiye etmiyorum,1,Erkek %100 Pamuk Lacivert Bisiklet Yaka Düz Uzun Kol T-Shirt E001002,Avva,berbat urun tavsiye etmiyorum,Negatif
tavsiye etmiyorum almayın.,1,Erkek %100 Pamuk Lacivert Bisiklet Yaka Düz Uzun Kol T-Shirt E001002,Avva,tavsiye etmiyorum almayın,Negatif
Teşekkür ediyorum,5,Erkek %100 Pamuk Lacivert Bisiklet Yaka Düz Uzun Kol T-Shirt E001002,Avva,teşekkür ediyorum,Pozitif
Çok iyi tevsiye ederim,5,Erkek %100 Pamuk Lacivert Bisiklet Yaka Düz Uzun Kol T-Shirt E001002,Avva,çok iyi tevsiye ederim,Pozitif
güzel bir üründür tavsiye ederim,5,Erkek %100 Pamuk Lacivert Bisiklet Yaka Düz Uzun Kol T-Shirt E001002,Avva,güzel bir üründür tavsiye ederim,Pozitif
Kalitesi markayla uyumlu değil,3,Erkek %100 Pamuk Lacivert Bisiklet Yaka Düz Uzun Kol T-Shirt E001002,Avva,kalitesi markayla uyumlu değil,Nötr
Ürün güzel kaliteli,5,Erkek %100 Pamuk Lacivert Bisiklet Yaka Düz Uzun Kol T-Shirt E001002,Avva,ürün güzel kaliteli,Pozitif
beğenmedim kaliteli durmuyor,1,Erkek %100 Pamuk Lacivert Bisiklet Yaka Düz Uzun Kol T-Shirt E001002,Avva,beğenmedim kaliteli durmuyor,Negatif
tavsiye ederim..kaliteli penye,5,Erkek %100 Pamuk Lacivert Bisiklet Yaka Düz Uzun Kol T-Shirt E001002,Avva,tavsiye ederimkaliteli penye,Pozitif
Hiç beğenmedim,1,Erkek %100 Pamuk Lacivert Bisiklet Yaka Düz Uzun Kol T-Shirt E001002,Avva,hiç beğenmedim,Negatif
Tam mevsimlik güzel ürün,5,Erkek %100 Pamuk Lacivert Bisiklet Yaka Düz Uzun Kol T-Shirt E001002,Avva,tam mevsimlik güzel ürün,Pozitif
"harika , uygun fiyat..",5,Erkek %100 Pamuk Lacivert Bisiklet Yaka Düz Uzun Kol T-Shirt E001002,Avva,harika uygun fiyat,Pozitif
NORMAL,3,Erkek %100 Pamuk Lacivert Bisiklet Yaka Düz Uzun Kol T-Shirt E001002,Avva,normal,Nötr
penye kalitesi düşük mankendeki gibi durmuyor,1,Erkek %100 Pamuk Lacivert Bisiklet Yaka Düz Uzun Kol T-Shirt E001002,Avva,penye kalitesi düşük mankendeki gibi durmuyor,Negatif
Gayet başarılı bir ürün🤌,5,Erkek %100 Pamuk Lacivert Bisiklet Yaka Düz Uzun Kol T-Shirt E001002,Avva,gayet başarılı bir ürün,Pozitif
cok begendik,5,Erkek %100 Pamuk Lacivert Bisiklet Yaka Düz Uzun Kol T-Shirt E001002,Avva,cok begendik,Pozitif
ürün güzel sorunsuz avva kalitesi,5,Erkek %100 Pamuk Lacivert Bisiklet Yaka Düz Uzun Kol T-Shirt E001002,Avva,ürün güzel sorunsuz avva kalitesi,Pozitif
orta seviyede bir urun,3,Erkek %100 Pamuk Lacivert Bisiklet Yaka Düz Uzun Kol T-Shirt E001002,Avva,orta seviyede bir urun,Nötr
penyesi guzel fiyat ida iyii,5,Erkek %100 Pamuk Lacivert Bisiklet Yaka Düz Uzun Kol T-Shirt E001002,Avva,penyesi guzel fiyat ida iyii,Pozitif
oğlum için aldım kalitesi çok güzel teşekkür ederim,5,Oversize Fit Bisiklet Yaka Baskılı Pamuklu Penye Tişört X3933AZ22SM,Defacto,oğlum için aldım kalitesi çok güzel teşekkür ederim,Pozitif
tesekkurler,5,Oversize Fit Bisiklet Yaka Baskılı Pamuklu Penye Tişört X3933AZ22SM,Defacto,tesekkurler,Pozitif
Süper çok begendik,5,Oversize Fit Bisiklet Yaka Baskılı Pamuklu Penye Tişört X3933AZ22SM,Defacto,süper çok begendik,Pozitif
çok aşırı oversize küçük alınabilir ama kaliteli ürün kesinlikle,4,Oversize Fit Bisiklet Yaka Baskılı Pamuklu Penye Tişört X3933AZ22SM,Defacto,çok aşırı oversize küçük alınabilir ama kaliteli ürün kesinlikle,Pozitif
Ürün kaliteli.. bir beden küçük alın .,4,Oversize Fit Bisiklet Yaka Baskılı Pamuklu Penye Tişört X3933AZ22SM,Defacto,ürün kaliteli bir beden küçük alın,Pozitif
ürün çok kaliteli ürünü almak isteyenler bi beden kuçuk alsın o zaman daha iyi oluyo,5,Oversize Fit Bisiklet Yaka Baskılı Pamuklu Penye Tişört X3933AZ22SM,Defacto,ürün çok kaliteli ürünü almak isteyenler bi beden kuçuk alsın o zaman daha iyi oluyo,Pozitif
Xs benden aldım ama sanırsın l beden,3,Oversize Fit Bisiklet Yaka Baskılı Pamuklu Penye Tişört X3933AZ22SM,Defacto,xs benden aldım ama sanırsın l beden,Nötr
L aldık çok bol geldi bir beden küçük olabilirmis kardeşime aldım bol giydiği için sorun olmadı,4,Oversize Fit Bisiklet Yaka Baskılı Pamuklu Penye Tişört X3933AZ22SM,Defacto,l aldık çok bol geldi bir beden küçük olabilirmis kardeşime aldım bol giydiği için sorun olmadı,Pozitif
Sevgilime aldım. Çok yakıştı(Ona zaten herşey yakışır). 1 beden küçük alın.,5,Oversize Fit Bisiklet Yaka Baskılı Pamuklu Penye Tişört X3933AZ22SM,Defacto,sevgilime aldım çok yakıştıona zaten herşey yakışır beden küçük alın,Pozitif
Abartı bol ve kaliteli değil,1,Oversize Fit Bisiklet Yaka Baskılı Pamuklu Penye Tişört X3933AZ22SM,Defacto,abartı bol ve kaliteli değil,Negatif
oversize olduğunu bilerek aldım ama normal oversizelsrdan daha bol,3,Oversize Fit Bisiklet Yaka Baskılı Pamuklu Penye Tişört X3933AZ22SM,Defacto,oversize olduğunu bilerek aldım ama normal oversizelsrdan daha bol,Nötr
"Kumaşı ince, umarım birkaç yıkamadan sonra ağzı gözü dağılmaz. Kalıbı oversize, yani ‘büyük geldi’ değil, üretilen şey varolan bedeninizden büyük duracak şekilde üretiliyo, kapiş? Omuzlu Yiğidolarda müthiş duruyo😎",5,Oversize Fit Bisiklet Yaka Baskılı Pamuklu Penye Tişört X3933AZ22SM,Defacto,kumaşı ince umarım birkaç yıkamadan sonra ağzı gözü dağılmaz kalıbı oversize yani büyük geldi değil üretilen şey varolan bedeninizden büyük duracak şekilde üretiliyo kapiş omuzlu yiğidolarda müthiş duruyo,Pozitif
kaliteli bir kumaşı var.,5,Oversize Fit Bisiklet Yaka Baskılı Pamuklu Penye Tişört X3933AZ22SM,Defacto,kaliteli bir kumaşı var,Pozitif
gayet güzel kumasi baskisi.sadece alacaklar bedene dikkat ederek alsilar.biz m giyiyoruz ama s aldik xsbile olabilirdi😉,5,Oversize Fit Bisiklet Yaka Baskılı Pamuklu Penye Tişört X3933AZ22SM,Defacto,gayet güzel kumasi baskisisadece alacaklar bedene dikkat ederek alsilarbiz m giyiyoruz ama s aldik xsbile olabilirdi,Pozitif
galiba ışıktan dolayı renk farklı gözüküyo ama bejimsi bi rengi var onun dışında kumaşı ve baskısı gayet güzel,4,Oversize Fit Bisiklet Yaka Baskılı Pamuklu Penye Tişört X3933AZ22SM,Defacto,galiba ışıktan dolayı renk farklı gözüküyo ama bejimsi bi rengi var onun dışında kumaşı ve baskısı gayet güzel,Pozitif
ürün gayet iyi hem baskısı hem kumaşı sadece bir tık uzun,5,Oversize Fit Bisiklet Yaka Baskılı Pamuklu Penye Tişört X3933AZ22SM,Defacto,ürün gayet iyi hem baskısı hem kumaşı sadece bir tık uzun,Pozitif
Ürün gayet güzel,5,Oversize Fit Bisiklet Yaka Baskılı Pamuklu Penye Tişört X3933AZ22SM,Defacto,ürün gayet güzel,Pozitif
Çok şık kaliteli pamuklu,5,Coool Powerpuff Girls Lisanslı Oversize Fit Bisiklet Yaka Kısa Kollu Tişört X4982AZ22SM,Defacto,çok şık kaliteli pamuklu,Pozitif
Gayet güzel tavsiye edilir,5,Slim Fit Elastik Ip Askılı Pamuklu Atlet U7832AZ22SM,Defacto,gayet güzel tavsiye edilir,Pozitif
M giyiyorum L aldım iyi mi L almışım,5,Slim Fit Elastik Ip Askılı Pamuklu Atlet U7832AZ22SM,Defacto,m giyiyorum l aldım iyi mi l almışım,Pozitif
Harika bir ürün,5,Slim Fit Elastik Ip Askılı Pamuklu Atlet U7832AZ22SM,Defacto,harika bir ürün,Pozitif
Çok güzel bayıldım,5,Slim Fit Elastik Ip Askılı Pamuklu Atlet U7832AZ22SM,Defacto,çok güzel bayıldım,Pozitif
bir beden büyük alınabilir,5,Slim Fit Elastik Ip Askılı Pamuklu Atlet U7832AZ22SM,Defacto,bir beden büyük alınabilir,Pozitif
ürün güzel ve kullanışlı fakat kargoya çok geç verdiler ve sorularımı da yanitlamadilar o sebeple puan kırdım,3,Slim Fit Elastik Ip Askılı Pamuklu Atlet U7832AZ22SM,Defacto,ürün güzel ve kullanışlı fakat kargoya çok geç verdiler ve sorularımı da yanitlamadilar o sebeple puan kırdım,Nötr
Crop bir ürün güzel,3,Slim Fit Elastik Ip Askılı Pamuklu Atlet U7832AZ22SM,Defacto,crop bir ürün güzel,Nötr
Mükəmməl rahat kullanışlı,5,Slim Fit Elastik Ip Askılı Pamuklu Atlet U7832AZ22SM,Defacto,mükmml rahat kullanışlı,Pozitif
"Süper, bayıldım !",5,Slim Fit Elastik Ip Askılı Pamuklu Atlet U7832AZ22SM,Defacto,süper bayıldım,Pozitif
kaliteli ancak bir beden buyuk alinabilir,5,Slim Fit Elastik Ip Askılı Pamuklu Atlet U7832AZ22SM,Defacto,kaliteli ancak bir beden buyuk alinabilir,Pozitif
Bir beden küçük alınabilir gayet rahat,3,Slim Fit Elastik Ip Askılı Pamuklu Atlet U7832AZ22SM,Defacto,bir beden küçük alınabilir gayet rahat,Nötr
Bir beden küçük almanızı öneririm,3,Slim Fit Elastik Ip Askılı Pamuklu Atlet U7832AZ22SM,Defacto,bir beden küçük almanızı öneririm,Nötr
Çok güzel iç göstermiyor.,5,Slim Fit Elastik Ip Askılı Pamuklu Atlet U7832AZ22SM,Defacto,çok güzel iç göstermiyor,Pozitif
crop ürün kumaş güzel,4,Slim Fit Elastik Ip Askılı Pamuklu Atlet U7832AZ22SM,Defacto,crop ürün kumaş güzel,Pozitif
Kaliteli ama kısa baya fotoğrafta gözüktüğü gibi değil,4,Slim Fit Elastik Ip Askılı Pamuklu Atlet U7832AZ22SM,Defacto,kaliteli ama kısa baya fotoğrafta gözüktüğü gibi değil,Pozitif
Siyahını da almıştım kendi bedeninizi alın,5,Slim Fit Elastik Ip Askılı Pamuklu Atlet U7832AZ22SM,Defacto,siyahını da almıştım kendi bedeninizi alın,Pozitif
Kumaşı gayet tok ve kaliteli.Beğendim🤞🏻,5,Slim Fit Elastik Ip Askılı Pamuklu Atlet U7832AZ22SM,Defacto,kumaşı gayet tok ve kalitelibeğendim,Pozitif
kumaşı kalıbı çok güzel,5,Slim Fit Elastik Ip Askılı Pamuklu Atlet U7832AZ22SM,Defacto,kumaşı kalıbı çok güzel,Pozitif
"Çok beğendim, iç göstermiyor ve tam beden. Siyahını da sipariş edeceğim",5,Slim Fit Elastik Ip Askılı Pamuklu Atlet U7832AZ22SM,Defacto,çok beğendim iç göstermiyor ve tam beden siyahını da sipariş edeceğim,Pozitif
çok bəyəndim kalitesi mükemmel 👍 kumaşı kalin iç gostermiyor normalde s giyiniyorum 1beden küçük aldım güzel oldu,5,Slim Fit Elastik Ip Askılı Pamuklu Atlet U7832AZ22SM,Defacto,çok byndim kalitesi mükemmel kumaşı kalin iç gostermiyor normalde s giyiniyorum beden küçük aldım güzel oldu,Pozitif
"1.66boy 61kiloyum.L beden aldim iyioldu,boyu manikendeki gibi oldu,çok kisa diyil",5,Slim Fit Elastik Ip Askılı Pamuklu Atlet U7832AZ22SM,Defacto,boy kiloyuml beden aldim iyiolduboyu manikendeki gibi olduçok kisa diyil,Pozitif
Crop bu ya kısacık minicik bişey bu fiyat etmez,1,Slim Fit Elastik Ip Askılı Pamuklu Atlet U7832AZ22SM,Defacto,crop bu ya kısacık minicik bişey bu fiyat etmez,Negatif
"İğrenççç ötesi kalıp ve kumaş , kesinlikle almayın",1,Slim Fit Elastik Ip Askılı Pamuklu Atlet U7832AZ22SM,Defacto,iğrenççç ötesi kalıp ve kumaş kesinlikle almayın,Negatif
Ürünü elinize alınca kısaymış gibi geliyor ama giyince görseldeki gibi bir uzunluğu oluyor iç gösterme gibi bir şey zaten yok.,5,Slim Fit Elastik Ip Askılı Pamuklu Atlet U7832AZ22SM,Defacto,ürünü elinize alınca kısaymış gibi geliyor ama giyince görseldeki gibi bir uzunluğu oluyor iç gösterme gibi bir şey zaten yok,Pozitif
Ürün çok kalteli fakat boyu uzun diye aldım ama kısaymış,5,Slim Fit Elastik Ip Askılı Pamuklu Atlet U7832AZ22SM,Defacto,ürün çok kalteli fakat boyu uzun diye aldım ama kısaymış,Pozitif
Güzel ama kısa değil,5,Slim Fit Elastik Ip Askılı Pamuklu Atlet U7832AZ22SM,Defacto,güzel ama kısa değil,Pozitif
"Ürün kumaş olarak kaliteli fakat askı kısmı çabuk kopacakmış gibi görünüyor , güvenemedim.",2,Slim Fit Elastik Ip Askılı Pamuklu Atlet U7832AZ22SM,Defacto,ürün kumaş olarak kaliteli fakat askı kısmı çabuk kopacakmış gibi görünüyor güvenemedim,Negatif
Biraz kalin ve crop mus farkinda olmadim ama iki kat haberiniz olsun ✌️,4,Slim Fit Elastik Ip Askılı Pamuklu Atlet U7832AZ22SM,Defacto,biraz kalin ve crop mus farkinda olmadim ama iki kat haberiniz olsun,Pozitif
crop kısalığında ve kalın. kullanışlı.,5,Slim Fit Elastik Ip Askılı Pamuklu Atlet U7832AZ22SM,Defacto,crop kısalığında ve kalın kullanışlı,Pozitif
başka markalardan aldığım bu tarz atletler aşırı iç gösteriyordu bunun kumaşı çok tok tavsiye ediyorum,5,Slim Fit Elastik Ip Askılı Pamuklu Atlet U7832AZ22SM,Defacto,başka markalardan aldığım bu tarz atletler aşırı iç gösteriyordu bunun kumaşı çok tok tavsiye ediyorum,Pozitif
Daha çok pamuklu olmasını isterdik eşime aldım bayıldı,4,Erkek Yetişkin Sweatshırt 5002734937 920899,HUMMEL,daha çok pamuklu olmasını isterdik eşime aldım bayıldı,Pozitif
eşime aldım. çok beğendi. pamuk olması bu sıcaklarda serin tutmasını sağlıyor. tavsiye ederim,5,V Yaka Basic Tişört 065472-31558,Mavi,eşime aldım çok beğendi pamuk olması bu sıcaklarda serin tutmasını sağlıyor tavsiye ederim,Pozitif
"ürüne puanım 5 pamuklu, oversize kesim, normalde xl giyerken bunda M tam oldu başka renklerni de almayı düşünüyoruz ürün kalitesi süper, , kargolama süreci çok uzun sürdü ona puanım 1 çok beklettikleri için, Total puanım ürünün hazırlanıp kargolanmasi uzun sürdüğün den ve daha çabuk gondrilme imkanı olup da gonderilmedigjnden Total puan 3",5,Mavi Erkek T-Shirt G081SZ011.000.1422820,US Polo Assn,ürüne puanım pamuklu oversize kesim normalde xl giyerken bunda m tam oldu başka renklerni de almayı düşünüyoruz ürün kalitesi süper kargolama süreci çok uzun sürdü ona puanım çok beklettikleri için total puanım ürünün hazırlanıp kargolanmasi uzun sürdüğün den ve daha çabuk gondrilme imkanı olup da gonderilmedigjnden total puan,Pozitif
Bu ürün bu puanı hak etmiyor kesinlikle en az 4.5’i var kalıp çok iyi dar değil oversize değil relax bir kalıp kumaş da pamuk çok ferah rahat daha ne olsun ilk önce lacivertini almıştım hoşuma gidince siyah ve beyaz da aldım çok güzel tavsiye ederim 173cm/76kg M beden bi tık uzun olmuştu 40 derecede bi kere yıkayınca tam oturdu özel dikilse bu kadar iyi olurdu :D,5,Cepli Beyaz Basic Tişört Loose Fit / Bol Rahat Kesim 066248-620,Mavi,bu ürün bu puanı hak etmiyor kesinlikle en az i var kalıp çok iyi dar değil oversize değil relax bir kalıp kumaş da pamuk çok ferah rahat daha ne olsun ilk önce lacivertini almıştım hoşuma gidince siyah ve beyaz da aldım çok güzel tavsiye ederim cmkg m beden bi tık uzun olmuştu derecede bi kere yıkayınca tam oturdu özel dikilse bu kadar iyi olurdu d,Pozitif
"salaş bir ürün. Baharlık ,sırt dekoltesi güzel duruyor .",5,Uzun Kollu Siyah Tişört Oversize / Geniş Kesim 1610134-900,Mavi,salaş bir ürün baharlık sırt dekoltesi güzel duruyor,Pozitif
"Harika,yumuşacık ben large beden aldım salaş giyiyorum.sırt dekoltesi çok güzel duruyor.kalitesini söylememe zaten gerek yok.tavsiye ederim",5,Uzun Kollu Siyah Tişört Oversize / Geniş Kesim 1610134-900,Mavi,harikayumuşacık ben large beden aldım salaş giyiyorumsırt dekoltesi çok güzel duruyorkalitesini söylememe zaten gerek yoktavsiye ederim,Pozitif
"fiyat performans ben beğendim duruşu rengi güzel, söylendiği gibi %100 pamuk. tam beden alınabilir bence, içinden fatura çıkmadı",5,Regular Fit V Yaka Kısa Kollu Tişört W9578AZ22SM,Defacto,fiyat performans ben beğendim duruşu rengi güzel söylendiği gibi pamuk tam beden alınabilir bence içinden fatura çıkmadı,Pozitif
Çok kaliyeli %100 pamuk olduğu için sert bi kot. Ama çok iyi toparlıyor. Kendi bedeninizi alabilirsiniz,5,Marla Açık Jean Şort 1454733877,Mavi,çok kaliyeli pamuk olduğu için sert bi kot ama çok iyi toparlıyor kendi bedeninizi alabilirsiniz,Pozitif
"kaliteli,güzel bir ürün ben sevdim.(1.70-50 M ALDIM)",5,Slim Fit Halter Yaka Pamuklu Crop Top U0357AZ22SM,Defacto,kaliteligüzel bir ürün ben sevdim m aldim,Pozitif
oldukça kaliteli duruyor,5,Slim Fit Halter Yaka Pamuklu Crop Top U0357AZ22SM,Defacto,oldukça kaliteli duruyor,Pozitif
Gayet güzel,4,Slim Fit Halter Yaka Pamuklu Crop Top U0357AZ22SM,Defacto,gayet güzel,Pozitif
1 hafta sonra elime ulaştı ürün kaliteli indirimdeyken almıştım 30 TL ye,2,Slim Fit Halter Yaka Pamuklu Crop Top U0357AZ22SM,Defacto,hafta sonra elime ulaştı ürün kaliteli indirimdeyken almıştım tl ye,Negatif
Harika ürün teşekkürler,5,Slim Fit Halter Yaka Pamuklu Crop Top U0357AZ22SM,Defacto,harika ürün teşekkürler,Pozitif
beğendim tesekkurler,5,Slim Fit Halter Yaka Pamuklu Crop Top U0357AZ22SM,Defacto,beğendim tesekkurler,Pozitif
guzel sevdim,5,Slim Fit Halter Yaka Pamuklu Crop Top U0357AZ22SM,Defacto,guzel sevdim,Pozitif
Harikaaaaa,5,Slim Fit Halter Yaka Pamuklu Crop Top U0357AZ22SM,Defacto,harikaaaaa,Pozitif
Güzel gledi teşekkür ederim,4,Slim Fit Halter Yaka Pamuklu Crop Top U0357AZ22SM,Defacto,güzel gledi teşekkür ederim,Pozitif
çok beğendim tam beden,5,Slim Fit Halter Yaka Pamuklu Crop Top U0357AZ22SM,Defacto,çok beğendim tam beden,Pozitif
"İndirimde 35₺ ye almıştım daha fazlası etmez, tam 35₺ lik bir kalitede",4,Slim Fit Halter Yaka Pamuklu Crop Top U0357AZ22SM,Defacto,indirimde ye almıştım daha fazlası etmez tam lik bir kalitede,Pozitif
Çok güzel rahat kullanabilmek için bir beden büyük aldım,5,Slim Fit Halter Yaka Pamuklu Crop Top U0357AZ22SM,Defacto,çok güzel rahat kullanabilmek için bir beden büyük aldım,Pozitif
Kalitesini beğendim bir iki beden büyük alınabilir sıkı sevmiyorsanız,5,Slim Fit Halter Yaka Pamuklu Crop Top U0357AZ22SM,Defacto,kalitesini beğendim bir iki beden büyük alınabilir sıkı sevmiyorsanız,Pozitif
Xxl bile l gibi güzel tok,5,Slim Fit Halter Yaka Pamuklu Crop Top U0357AZ22SM,Defacto,xxl bile l gibi güzel tok,Pozitif
Çok rahat,2,Slim Fit Halter Yaka Pamuklu Crop Top U0357AZ22SM,Defacto,çok rahat,Negatif
Yumuşacık bir bluz,5,Slim Fit Halter Yaka Pamuklu Crop Top U0357AZ22SM,Defacto,yumuşacık bir bluz,Pozitif
Ürün gayet iyi iki puanı teslimattan kırdım 8 günde geldi alt tarafı bir parça👎🏻,3,Slim Fit Halter Yaka Pamuklu Crop Top U0357AZ22SM,Defacto,ürün gayet iyi iki puanı teslimattan kırdım günde geldi alt tarafı bir parça,Nötr
çok güzel ve kaliteli fiyatına göre.,5,Slim Fit Halter Yaka Pamuklu Crop Top U0357AZ22SM,Defacto,çok güzel ve kaliteli fiyatına göre,Pozitif
Ürün tamamen burada göründüğü gibi geldi defacto eski kalitesinden bir tık daha ileriye yükselmiş teşekkürler,5,Slim Fit Halter Yaka Pamuklu Crop Top U0357AZ22SM,Defacto,ürün tamamen burada göründüğü gibi geldi defacto eski kalitesinden bir tık daha ileriye yükselmiş teşekkürler,Pozitif
Çok güzel ve kullanışlı bir parça,4,Slim Fit Halter Yaka Pamuklu Crop Top U0357AZ22SM,Defacto,çok güzel ve kullanışlı bir parça,Pozitif
süpeeer,5,Slim Fit Halter Yaka Pamuklu Crop Top U0357AZ22SM,Defacto,süpeeer,Pozitif
60 kiloya L beden çok güzel oldu,5,Slim Fit Halter Yaka Pamuklu Crop Top U0357AZ22SM,Defacto,kiloya l beden çok güzel oldu,Pozitif
Kaliteli güzel tam göründüğü gibi bir beden büyük tercih ettim tam oldu,4,Slim Fit Halter Yaka Pamuklu Crop Top U0357AZ22SM,Defacto,kaliteli güzel tam göründüğü gibi bir beden büyük tercih ettim tam oldu,Pozitif
üstte çok hoş duruyor,4,Slim Fit Halter Yaka Pamuklu Crop Top U0357AZ22SM,Defacto,üstte çok hoş duruyor,Pozitif
Cok guzel crop bi urun siyahini da aldim assiri memnunum,5,Slim Fit Halter Yaka Pamuklu Crop Top U0357AZ22SM,Defacto,cok guzel crop bi urun siyahini da aldim assiri memnunum,Pozitif
Yumuşacık harika renk renk alınsın👍🏻,5,Slim Fit Halter Yaka Pamuklu Crop Top U0357AZ22SM,Defacto,yumuşacık harika renk renk alınsın,Pozitif
Urun fena degil direkt ustune oturuyor rengi cok hos ama kargo asiri yavasti asiri,3,Slim Fit Halter Yaka Pamuklu Crop Top U0357AZ22SM,Defacto,urun fena degil direkt ustune oturuyor rengi cok hos ama kargo asiri yavasti asiri,Nötr
Biraz büyük geldi ama yeri güzel,4,Slim Fit Halter Yaka Pamuklu Crop Top U0357AZ22SM,Defacto,biraz büyük geldi ama yeri güzel,Pozitif
ürün fotoğrafının aynısı ürün. yumuşacık muntazam. 164 boy 55 kiloyum. biçimsiz durmayacak kadar dar ve yapışıp canımı sıkmayacak kadar rahat oldu. bir tane daha sipariş etmediğime pişman oldum. şimdi stok bitmiş.,5,Slim Fit Halter Yaka Pamuklu Crop Top U0357AZ22SM,Defacto,ürün fotoğrafının aynısı ürün yumuşacık muntazam boy kiloyum biçimsiz durmayacak kadar dar ve yapışıp canımı sıkmayacak kadar rahat oldu bir tane daha sipariş etmediğime pişman oldum şimdi stok bitmiş,Pozitif
Farklı renklerini de alacağım çok kaliteliymiş bu kadarını beklemiyordum açıkçası,5,Slim Fit Halter Yaka Pamuklu Crop Top U0357AZ22SM,Defacto,farklı renklerini de alacağım çok kaliteliymiş bu kadarını beklemiyordum açıkçası,Pozitif
güzel bir t,5,Regular Fit Bisiklet Yaka Basic Kısa Kollu Pamuklu Penye Tişört M7666AZ21SP,Defacto,güzel bir t,Pozitif
çok beğendi eşim,5,Regular Fit Bisiklet Yaka Basic Kısa Kollu Pamuklu Penye Tişört M7666AZ21SP,Defacto,çok beğendi eşim,Pozitif
Kardeşime aldım severek kullanıyor.,5,Regular Fit Bisiklet Yaka Basic Kısa Kollu Pamuklu Penye Tişört M7666AZ21SP,Defacto,kardeşime aldım severek kullanıyor,Pozitif
Ürün başarılı,5,Regular Fit Bisiklet Yaka Basic Kısa Kollu Pamuklu Penye Tişört M7666AZ21SP,Defacto,ürün başarılı,Pozitif
bayağı güzel beğendim,5,Regular Fit Bisiklet Yaka Basic Kısa Kollu Pamuklu Penye Tişört M7666AZ21SP,Defacto,bayağı güzel beğendim,Pozitif
"Eşime aldım, rengi güzel",5,Regular Fit Bisiklet Yaka Basic Kısa Kollu Pamuklu Penye Tişört M7666AZ21SP,Defacto,eşime aldım rengi güzel,Pozitif
guzel esime aldim,5,Regular Fit Bisiklet Yaka Basic Kısa Kollu Pamuklu Penye Tişört M7666AZ21SP,Defacto,guzel esime aldim,Pozitif
Gayet güzel ve kaliteli,5,Regular Fit Bisiklet Yaka Basic Kısa Kollu Pamuklu Penye Tişört M7666AZ21SP,Defacto,gayet güzel ve kaliteli,Pozitif
güzel begendim cok,5,Regular Fit Bisiklet Yaka Basic Kısa Kollu Pamuklu Penye Tişört M7666AZ21SP,Defacto,güzel begendim cok,Pozitif
tam bir fiyat performans ürünü. defacto kalitesine yakışır bir tshirt. kendi bedeninizi alın,5,Regular Fit Bisiklet Yaka Basic Kısa Kollu Pamuklu Penye Tişört M7666AZ21SP,Defacto,tam bir fiyat performans ürünü defacto kalitesine yakışır bir tshirt kendi bedeninizi alın,Pozitif
Çok iyi,5,Regular Fit Bisiklet Yaka Basic Kısa Kollu Pamuklu Penye Tişört M7666AZ21SP,Defacto,çok iyi,Pozitif
Çok beğendik,5,Regular Fit Bisiklet Yaka Basic Kısa Kollu Pamuklu Penye Tişört M7666AZ21SP,Defacto,çok beğendik,Pozitif
iyidi begendim,5,Regular Fit Bisiklet Yaka Basic Kısa Kollu Pamuklu Penye Tişört M7666AZ21SP,Defacto,iyidi begendim,Pozitif
güzel beğendim,5,Regular Fit Bisiklet Yaka Basic Kısa Kollu Pamuklu Penye Tişört M7666AZ21SP,Defacto,güzel beğendim,Pozitif
👍fiyqtına göre çok iyi,3,Regular Fit Bisiklet Yaka Basic Kısa Kollu Pamuklu Penye Tişört M7666AZ21SP,Defacto,fiyqtına göre çok iyi,Nötr
Ürün güzel ve kaliteli bir ürün. Teşekkürlerimle.,5,Regular Fit Bisiklet Yaka Basic Kısa Kollu Pamuklu Penye Tişört M7666AZ21SP,Defacto,ürün güzel ve kaliteli bir ürün teşekkürlerimle,Pozitif
guzel alınabilir,5,Regular Fit Bisiklet Yaka Basic Kısa Kollu Pamuklu Penye Tişört M7666AZ21SP,Defacto,guzel alınabilir,Pozitif
Merhaba.Urunden çok memnun kaldım esime hediye almıştım ne pamuklasma oldu nede sunme çok severek giyiyo paketlemede gayet iyiydi hızlı kargo çok teşekkür ederim emeği geçenlere😊😊,5,Regular Fit Bisiklet Yaka Basic Kısa Kollu Pamuklu Penye Tişört M7666AZ21SP,Defacto,merhabaurunden çok memnun kaldım esime hediye almıştım ne pamuklasma oldu nede sunme çok severek giyiyo paketlemede gayet iyiydi hızlı kargo çok teşekkür ederim emeği geçenlere,Pozitif
cokk beyendim kumasi,5,Regular Fit Bisiklet Yaka Basic Kısa Kollu Pamuklu Penye Tişört M7666AZ21SP,Defacto,cokk beyendim kumasi,Pozitif
kaliteli severek kullanıyorum,5,Regular Fit Bisiklet Yaka Basic Kısa Kollu Pamuklu Penye Tişört M7666AZ21SP,Defacto,kaliteli severek kullanıyorum,Pozitif
"ürünü eşim için sipariş ettik. 1,7 boy 70 kg S benden aldık. severek kullanıyor.",3,Regular Fit Bisiklet Yaka Basic Kısa Kollu Pamuklu Penye Tişört M7666AZ21SP,Defacto,ürünü eşim için sipariş ettik boy kg s benden aldık severek kullanıyor,Nötr
hızlı ve güzel,5,Regular Fit Bisiklet Yaka Basic Kısa Kollu Pamuklu Penye Tişört M7666AZ21SP,Defacto,hızlı ve güzel,Pozitif
Kalite olarak tam adres gerçekten süper,5,Regular Fit Bisiklet Yaka Basic Kısa Kollu Pamuklu Penye Tişört M7666AZ21SP,Defacto,kalite olarak tam adres gerçekten süper,Pozitif
Güzel ürün,5,Regular Fit Bisiklet Yaka Basic Kısa Kollu Pamuklu Penye Tişört M7666AZ21SP,Defacto,güzel ürün,Pozitif
Bu fiyata güzel kaliteli beden biraz küçük gibi...,5,Regular Fit Bisiklet Yaka Basic Kısa Kollu Pamuklu Penye Tişört M7666AZ21SP,Defacto,bu fiyata güzel kaliteli beden biraz küçük gibi,Pozitif
Mikemmellll,5,Regular Fit Bisiklet Yaka Basic Kısa Kollu Pamuklu Penye Tişört M7666AZ21SP,Defacto,mikemmellll,Pozitif
Fiyatına göre ideal bir ürün,3,Regular Fit Bisiklet Yaka Basic Kısa Kollu Pamuklu Penye Tişört M7666AZ21SP,Defacto,fiyatına göre ideal bir ürün,Nötr
Ürün gayet güzel resimdeki gibi ayni,4,Regular Fit Bisiklet Yaka Basic Kısa Kollu Pamuklu Penye Tişört M7666AZ21SP,Defacto,ürün gayet güzel resimdeki gibi ayni,Pozitif
l giyen biri olarak salaş olması için xl aldim fazla bol bedeninizi alsanız salaş olacaktır kalitesi guzel,5,Regular Fit Bisiklet Yaka Basic Kısa Kollu Pamuklu Penye Tişört M7666AZ21SP,Defacto,l giyen biri olarak salaş olması için xl aldim fazla bol bedeninizi alsanız salaş olacaktır kalitesi guzel,Pozitif
Kumaşı güzel tercih edilebilir,5,Regular Fit Bisiklet Yaka Basic Kısa Kollu Pamuklu Penye Tişört M7666AZ21SP,Defacto,kumaşı güzel tercih edilebilir,Pozitif
Çok güzel bir ürün. Kaliteli ve şık,5,Erkek %100 Pamuk Siyah Bisiklet Yaka Baskılı T-shirt A21Y1107,Avva,çok güzel bir ürün kaliteli ve şık,Pozitif
gayet yine kaliteli ve güzel tskler,5,Erkek %100 Pamuk Siyah Bisiklet Yaka Baskılı T-shirt A21Y1107,Avva,gayet yine kaliteli ve güzel tskler,Pozitif
kalitesine güvendiğim ve sürekli aldığım bir ürün teşekkürler,5,Erkek %100 Pamuk Siyah Bisiklet Yaka Baskılı T-shirt A21Y1107,Avva,kalitesine güvendiğim ve sürekli aldığım bir ürün teşekkürler,Pozitif
Çok iyi çok beğendik,5,Erkek %100 Pamuk Siyah Bisiklet Yaka Baskılı T-shirt A21Y1107,Avva,çok iyi çok beğendik,Pozitif
Cok begendim tavsiye ediyorum👍👍👍👍👍,5,Erkek %100 Pamuk Siyah Bisiklet Yaka Baskılı T-shirt A21Y1107,Avva,cok begendim tavsiye ediyorum,Pozitif
"tam beden 176 boy, 90 kq L beden uygun oldu guzel",5,Erkek %100 Pamuk Siyah Bisiklet Yaka Baskılı T-shirt A21Y1107,Avva,tam beden boy kq l beden uygun oldu guzel,Pozitif
esim cok begendi avvadan surekli alisveris yapiyorum tavsiye ederim,5,Erkek %100 Pamuk Siyah Bisiklet Yaka Baskılı T-shirt A21Y1107,Avva,esim cok begendi avvadan surekli alisveris yapiyorum tavsiye ederim,Pozitif
"Çok şık, tam beden alınabilir",5,Regular Fit Bisiklet Yaka Desenli Pamuklu Penye Tişört T8394AZ21SM,Defacto,çok şık tam beden alınabilir,Pozitif
babama aldim cok begendi,5,Regular Fit Bisiklet Yaka Desenli Pamuklu Penye Tişört T8394AZ21SM,Defacto,babama aldim cok begendi,Pozitif
çok beğendim çok şık bir tshirt,5,Regular Fit Bisiklet Yaka Desenli Pamuklu Penye Tişört T8394AZ21SM,Defacto,çok beğendim çok şık bir tshirt,Pozitif
eşime aldım çok güzel,4,Regular Fit Bisiklet Yaka Desenli Pamuklu Penye Tişört T8394AZ21SM,Defacto,eşime aldım çok güzel,Pozitif
"Çok güzel çok kaliteli bir tişört. Herkese tavsiye ederim. 175 boy 84 kilo babama XL aldık. Güzel oldu üzerine yapışmadı, hafif bol oldu.",5,Regular Fit Bisiklet Yaka Desenli Pamuklu Penye Tişört T8394AZ21SM,Defacto,çok güzel çok kaliteli bir tişört herkese tavsiye ederim boy kilo babama xl aldık güzel oldu üzerine yapışmadı hafif bol oldu,Pozitif
Güzel ve şık,4,Regular Fit Bisiklet Yaka Desenli Pamuklu Penye Tişört T8394AZ21SM,Defacto,güzel ve şık,Pozitif
eşime aldim kalitesi ustte durusu cok güzel,5,Regular Fit Bisiklet Yaka Desenli Pamuklu Penye Tişört T8394AZ21SM,Defacto,eşime aldim kalitesi ustte durusu cok güzel,Pozitif
Sevgilime aldım. Kot ve kot şort kombini için çok uygun,5,Regular Fit Bisiklet Yaka Desenli Pamuklu Penye Tişört T8394AZ21SM,Defacto,sevgilime aldım kot ve kot şort kombini için çok uygun,Pozitif
Eşime aldım çok beğendi rahat oldu,4,Regular Fit Bisiklet Yaka Desenli Pamuklu Penye Tişört T8394AZ21SM,Defacto,eşime aldım çok beğendi rahat oldu,Pozitif
Kalitesini çok beğendim. Kendi bedeninizi alabilirsiniz salaş dursun istemiyorsanız,5,Regular Fit Bisiklet Yaka Desenli Pamuklu Penye Tişört T8394AZ21SM,Defacto,kalitesini çok beğendim kendi bedeninizi alabilirsiniz salaş dursun istemiyorsanız,Pozitif
Çok çok güzel geldi,4,Regular Fit Bisiklet Yaka Desenli Pamuklu Penye Tişört T8394AZ21SM,Defacto,çok çok güzel geldi,Pozitif
eşime hediye aldim.ürünü beğendim 😊👍🏻 tam beden alınabilir.,5,Regular Fit Bisiklet Yaka Desenli Pamuklu Penye Tişört T8394AZ21SM,Defacto,eşime hediye aldimürünü beğendim tam beden alınabilir,Pozitif
Tam bedeninizi alabilirsiniz kaliteli bir ürün,5,Regular Fit Bisiklet Yaka Desenli Pamuklu Penye Tişört T8394AZ21SM,Defacto,tam bedeninizi alabilirsiniz kaliteli bir ürün,Pozitif
resimde göründüğü gibi şik duruyor tam bedeninizi alabilirsiniz,5,Regular Fit Bisiklet Yaka Desenli Pamuklu Penye Tişört T8394AZ21SM,Defacto,resimde göründüğü gibi şik duruyor tam bedeninizi alabilirsiniz,Pozitif
Ürün güzel.Biraz pahalı.100 kg 3XL iyi,5,Regular Fit Bisiklet Yaka Desenli Pamuklu Penye Tişört T8394AZ21SM,Defacto,ürün güzelbiraz pahalı kg xl iyi,Pozitif
Çok güzel oldu,5,Regular Fit Bisiklet Yaka Desenli Pamuklu Penye Tişört T8394AZ21SM,Defacto,çok güzel oldu,Pozitif
Çok şık bir T-shirt,5,Regular Fit Bisiklet Yaka Desenli Pamuklu Penye Tişört T8394AZ21SM,Defacto,çok şık bir tshirt,Pozitif
Çok güzel 😍😍😍😍,5,Regular Fit Bisiklet Yaka Desenli Pamuklu Penye Tişört T8394AZ21SM,Defacto,çok güzel,Pozitif
Kendi bedeninizi almanızı tavsiye ederim,5,Regular Fit Bisiklet Yaka Desenli Pamuklu Penye Tişört T8394AZ21SM,Defacto,kendi bedeninizi almanızı tavsiye ederim,Pozitif
Eşime aldım çok beğendi kumaşı çok güzel,5,Regular Fit Bisiklet Yaka Desenli Pamuklu Penye Tişört T8394AZ21SM,Defacto,eşime aldım çok beğendi kumaşı çok güzel,Pozitif
YERİ - KALİTESİ - HER ŞEYİ HARİKA,5,Regular Fit Bisiklet Yaka Desenli Pamuklu Penye Tişört T8394AZ21SM,Defacto,yeri kalitesi her şeyi harika,Pozitif
Eşim için aldım. Yazlık cok şık duruyor. Tavsiye edilir.,5,Regular Fit Bisiklet Yaka Desenli Pamuklu Penye Tişört T8394AZ21SM,Defacto,eşim için aldım yazlık cok şık duruyor tavsiye edilir,Pozitif
erkek arkadaşım için aldim tereddütsüz alabilirsiniz çok güzel 👍👍👍👍,5,Regular Fit Bisiklet Yaka Desenli Pamuklu Penye Tişört T8394AZ21SM,Defacto,erkek arkadaşım için aldim tereddütsüz alabilirsiniz çok güzel,Pozitif
Cok guzel 👏,5,Regular Fit Bisiklet Yaka Desenli Pamuklu Penye Tişört T8394AZ21SM,Defacto,cok guzel,Pozitif
Mükemmel bir ürün çok beğendik,5,Regular Fit Bisiklet Yaka Desenli Pamuklu Penye Tişört T8394AZ21SM,Defacto,mükemmel bir ürün çok beğendik,Pozitif
Ürün güzel.kaliteli.,5,Regular Fit Bisiklet Yaka Desenli Pamuklu Penye Tişört T8394AZ21SM,Defacto,ürün güzelkaliteli,Pozitif
cok guzel 10 puan olsa onu verirdim,5,Regular Fit Bisiklet Yaka Desenli Pamuklu Penye Tişört T8394AZ21SM,Defacto,cok guzel puan olsa onu verirdim,Pozitif
Çok güzel yumuşak pamuklu bir tişört bence tam bedeninizi alabilirsiniz. Eşim 110 kilo XXL aldım çok güzel oldu çok beğendi. Çok hızlı bir şekilde kargoya verildi. Ayrıca Trendyol express çok hızlı bir kargo firması👌🏻Gönderici firmaya ve Trendyola teşekkürler.,5,Regular Fit Bisiklet Yaka Desenli Pamuklu Penye Tişört T8394AZ21SM,Defacto,çok güzel yumuşak pamuklu bir tişört bence tam bedeninizi alabilirsiniz eşim kilo xxl aldım çok güzel oldu çok beğendi çok hızlı bir şekilde kargoya verildi ayrıca trendyol express çok hızlı bir kargo firmasıgönderici firmaya ve trendyola teşekkürler,Pozitif
Göründüğü gibi güzel tam kalıp,5,Regular Fit Bisiklet Yaka Desenli Pamuklu Penye Tişört T8394AZ21SM,Defacto,göründüğü gibi güzel tam kalıp,Pozitif
Hediye olarak aldım harika bir ürünn,5,Regular Fit Bisiklet Yaka Desenli Pamuklu Penye Tişört T8394AZ21SM,Defacto,hediye olarak aldım harika bir ürünn,Pozitif
Güzel bi tık dizüstü,5,Regular Fit Pamuklu Bermuda N7439AZ22SM,Defacto,güzel bi tık dizüstü,Pozitif
guzel urun cok beyendim,5,Regular Fit Pamuklu Bermuda N7439AZ22SM,Defacto,guzel urun cok beyendim,Pozitif
ürün harika ❤️,5,Regular Fit Pamuklu Bermuda N7439AZ22SM,Defacto,ürün harika,Pozitif
"Kizim icin aldim, cok begendi👍👍",5,Regular Fit Pamuklu Bermuda N7439AZ22SM,Defacto,kizim icin aldim cok begendi,Pozitif
güzel👍👍👍,5,Regular Fit Pamuklu Bermuda N7439AZ22SM,Defacto,güzel,Pozitif
"Çok rahat, bedeninizi alabilrsiniz.",5,Regular Fit Pamuklu Bermuda N7439AZ22SM,Defacto,çok rahat bedeninizi alabilrsiniz,Pozitif
Hos bir dokusu var.,5,Regular Fit Pamuklu Bermuda N7439AZ22SM,Defacto,hos bir dokusu var,Pozitif
Ürünü anneme aldım çok beğendi kısa değil bu yüzden rahatlıkla giyilebilir. Tam diz üstünde,5,Regular Fit Pamuklu Bermuda N7439AZ22SM,Defacto,ürünü anneme aldım çok beğendi kısa değil bu yüzden rahatlıkla giyilebilir tam diz üstünde,Pozitif
52 bedene 3xl aldım kumaşı kesimi gayet güzel,5,Regular Fit Pamuklu Bermuda N7439AZ22SM,Defacto,bedene xl aldım kumaşı kesimi gayet güzel,Pozitif
Çok güzel tam beden alınabilir 1.60 boyum tam diz kapağımın üzerinde boyu,5,Regular Fit Pamuklu Bermuda N7439AZ22SM,Defacto,çok güzel tam beden alınabilir boyum tam diz kapağımın üzerinde boyu,Pozitif
"Kumaşı ve dikişi çok iyi, çok da kısa sürede elime ulaştı.",5,Regular Fit Pamuklu Bermuda N7439AZ22SM,Defacto,kumaşı ve dikişi çok iyi çok da kısa sürede elime ulaştı,Pozitif
"Hem yüksel bel hem boyu tam diz üstünde. Tam istediğim gibi. Fiyatına göre kumaşı da kaliteli. Tam bedeninizi alın. 162 boy, 57 kiloyum ve S beden aldım tam oldu.",5,Regular Fit Pamuklu Bermuda N7439AZ22SM,Defacto,hem yüksel bel hem boyu tam diz üstünde tam istediğim gibi fiyatına göre kumaşı da kaliteli tam bedeninizi alın boy kiloyum ve s beden aldım tam oldu,Pozitif
penyesi çok kalitesiz iade edicem,2,Regular Fit Pamuklu Bermuda N7439AZ22SM,Defacto,penyesi çok kalitesiz iade edicem,Negatif
kalınlığı orta kalıbı güzel,5,Regular Fit Pamuklu Bermuda N7439AZ22SM,Defacto,kalınlığı orta kalıbı güzel,Pozitif
Önce bir tane aldım sonra seri yaptım tam bedeninizi alın,5,Regular Fit Pamuklu Bermuda N7439AZ22SM,Defacto,önce bir tane aldım sonra seri yaptım tam bedeninizi alın,Pozitif
Gayet güzel ve pamuklu ben xl aldım oversize duruyor,5,Oversize Fit Bisiklet Yaka Basic Tişört T5092AZ22SM,Defacto,gayet güzel ve pamuklu ben xl aldım oversize duruyor,Pozitif
çok kaliteli çok güzel tam yazlık. Büyük bedenlerde rahatlıkla alabilir,5,Regular Fit Beli Bağcıklı Pamuklu Penye Şort V2304AZ21SM,Defacto,çok kaliteli çok güzel tam yazlık büyük bedenlerde rahatlıkla alabilir,Pozitif
Ürün inanılmaz güzel erkek arkadaşım çok beğendi ona ne giyse yakışır zaten💓,5,Regular Fit Beli Bağcıklı Pamuklu Penye Şort V2304AZ21SM,Defacto,ürün inanılmaz güzel erkek arkadaşım çok beğendi ona ne giyse yakışır zaten,Pozitif
"Güzel, kaliteli kumaştan yapılmış. Sağlam ve şık.",5,Regular Fit Beli Bağcıklı Pamuklu Penye Şort V2304AZ21SM,Defacto,güzel kaliteli kumaştan yapılmış sağlam ve şık,Pozitif
"Teşekkürler. L aldım, bir az bol sanki(L ve XL arası gibi), ama güzel.",5,Regular Fit Beli Bağcıklı Pamuklu Penye Şort V2304AZ21SM,Defacto,teşekkürler l aldım bir az bol sankil ve xl arası gibi ama güzel,Pozitif
S beden sectim xxl geldi şaka gibi,1,Regular Fit Beli Bağcıklı Pamuklu Penye Şort V2304AZ21SM,Defacto,s beden sectim xxl geldi şaka gibi,Negatif
güzel bol kesim,5,Regular Fit Beli Bağcıklı Pamuklu Penye Şort V2304AZ21SM,Defacto,güzel bol kesim,Pozitif
Çok şık duruyor 😍,5,Regular Fit Beli Bağcıklı Pamuklu Penye Şort V2304AZ21SM,Defacto,çok şık duruyor,Pozitif
Beden kumaş renk çok güzel,5,Regular Fit Beli Bağcıklı Pamuklu Penye Şort V2304AZ21SM,Defacto,beden kumaş renk çok güzel,Pozitif
kumaşı modeli çok güzel,5,Regular Fit Beli Bağcıklı Pamuklu Penye Şort V2304AZ21SM,Defacto,kumaşı modeli çok güzel,Pozitif
"Çok beğendik kaliteli, kumaşı duruşu çok güzel. tam beden",5,Regular Fit Beli Bağcıklı Pamuklu Penye Şort V2304AZ21SM,Defacto,çok beğendik kaliteli kumaşı duruşu çok güzel tam beden,Pozitif
kumaşı çok güzel ve büyük bedenleri hakikaten büyük. çok beğendik.,5,Regular Fit Beli Bağcıklı Pamuklu Penye Şort V2304AZ21SM,Defacto,kumaşı çok güzel ve büyük bedenleri hakikaten büyük çok beğendik,Pozitif
Çok beğendim. Gayet de rahat. Spor için ve günlük giyim için kullanılabilir. Kesinlikle bedeninizi alın bence,5,Regular Fit Beli Bağcıklı Pamuklu Penye Şort V2304AZ21SM,Defacto,çok beğendim gayet de rahat spor için ve günlük giyim için kullanılabilir kesinlikle bedeninizi alın bence,Pozitif
"Çok kaliteli, rengi de güzel. Babama hediye almıştık, çok beğendi. Tam bedeninizi alabilirsiniz.",5,Regular Fit Beli Bağcıklı Pamuklu Penye Şort V2304AZ21SM,Defacto,çok kaliteli rengi de güzel babama hediye almıştık çok beğendi tam bedeninizi alabilirsiniz,Pozitif
güzel kumaş pamuk,5,Regular Fit Beli Bağcıklı Pamuklu Penye Şort V2304AZ21SM,Defacto,güzel kumaş pamuk,Pozitif
"Ürün çok güzel, yumuşak penye ve tam kalıp. Hızlı kargo için teşekkürler firmaya.",5,Regular Fit Beli Bağcıklı Pamuklu Penye Şort V2304AZ21SM,Defacto,ürün çok güzel yumuşak penye ve tam kalıp hızlı kargo için teşekkürler firmaya,Pozitif
"Yalnış beden gönderdiler. S sipariş etmişdim, XL geldi. Azerbaycana sipariş etmişdim, iade ede bilmiyorum.",1,Regular Fit Beli Bağcıklı Pamuklu Penye Şort V2304AZ21SM,Defacto,yalnış beden gönderdiler s sipariş etmişdim xl geldi azerbaycana sipariş etmişdim iade ede bilmiyorum,Negatif
Oğlum çok begendi rengi füme çok hoşumuza gitti indirimden kaptık👍,5,Regular Fit Beli Bağcıklı Pamuklu Penye Şort V2304AZ21SM,Defacto,oğlum çok begendi rengi füme çok hoşumuza gitti indirimden kaptık,Pozitif
çok şık bir ürün teşekkürler,5,Erkek %100 Pamuk Siyah Hakim Yaka Düz T-Shirt E001030,Avva,çok şık bir ürün teşekkürler,Pozitif
kaliteli şık,5,Erkek %100 Pamuk Siyah Hakim Yaka Düz T-Shirt E001030,Avva,kaliteli şık,Pozitif
güzel ürün,4,Erkek %100 Pamuk Siyah Hakim Yaka Düz T-Shirt E001030,Avva,güzel ürün,Pozitif
Çok başarılı bir ürün. Çok şık ve rahat,5,Erkek %100 Pamuk Siyah Hakim Yaka Düz T-Shirt E001030,Avva,çok başarılı bir ürün çok şık ve rahat,Pozitif
güzel ve şık,5,Erkek %100 Pamuk Siyah Hakim Yaka Düz T-Shirt E001030,Avva,güzel ve şık,Pozitif
cok rahat,5,Erkek %100 Pamuk Siyah Hakim Yaka Düz T-Shirt E001030,Avva,cok rahat,Pozitif
çok güzel gayet şık,5,Erkek %100 Pamuk Siyah Hakim Yaka Düz T-Shirt E001030,Avva,çok güzel gayet şık,Pozitif
GÜZEL BI ÜRÜN,5,Erkek %100 Pamuk Siyah Hakim Yaka Düz T-Shirt E001030,Avva,güzel bi ürün,Pozitif
Çok şık çok güzel bu fiyata bu ürün harika,5,Erkek %100 Pamuk Siyah Hakim Yaka Düz T-Shirt E001030,Avva,çok şık çok güzel bu fiyata bu ürün harika,Pozitif
müthiş alın aldırın,5,Erkek %100 Pamuk Siyah Hakim Yaka Düz T-Shirt E001030,Avva,müthiş alın aldırın,Pozitif
Çok kaliteli çok şık bir ürün,5,Erkek %100 Pamuk Siyah Hakim Yaka Düz T-Shirt E001030,Avva,çok kaliteli çok şık bir ürün,Pozitif
erkek arkadaşıma aldım ve çok beğendi. tavsiye ederiz🤗,5,Erkek %100 Pamuk Siyah Hakim Yaka Düz T-Shirt E001030,Avva,erkek arkadaşıma aldım ve çok beğendi tavsiye ederiz,Pozitif
Süper oldu,5,Erkek %100 Pamuk Siyah Hakim Yaka Düz T-Shirt E001030,Avva,süper oldu,Pozitif
çok güzel duruşu,5,Erkek %100 Pamuk Siyah Hakim Yaka Düz T-Shirt E001030,Avva,çok güzel duruşu,Pozitif
beyazinida aldım kalitesi çok iyi,5,Erkek %100 Pamuk Siyah Hakim Yaka Düz T-Shirt E001030,Avva,beyazinida aldım kalitesi çok iyi,Pozitif
💫guzeldi beğendim,5,Erkek %100 Pamuk Siyah Hakim Yaka Düz T-Shirt E001030,Avva,guzeldi beğendim,Pozitif
çok güzel bayıldım kaliteli bir ürün,5,Erkek %100 Pamuk Siyah Hakim Yaka Düz T-Shirt E001030,Avva,çok güzel bayıldım kaliteli bir ürün,Pozitif
"Harika bir ürün, herkese tavsiye ederim",5,Erkek %100 Pamuk Siyah Hakim Yaka Düz T-Shirt E001030,Avva,harika bir ürün herkese tavsiye ederim,Pozitif
Çok kaliteli ve çok güzel bir ürün.,5,Erkek %100 Pamuk Siyah Hakim Yaka Düz T-Shirt E001030,Avva,çok kaliteli ve çok güzel bir ürün,Pozitif
AVVA ismi kalitesini bir kez daha gösterdi.,5,Erkek %100 Pamuk Siyah Hakim Yaka Düz T-Shirt E001030,Avva,avva ismi kalitesini bir kez daha gösterdi,Pozitif
kesinlikle kaliteli ve çok güzel bir ürün tavsiye ediyorum,5,Erkek %100 Pamuk Siyah Hakim Yaka Düz T-Shirt E001030,Avva,kesinlikle kaliteli ve çok güzel bir ürün tavsiye ediyorum,Pozitif
Super 👍👍👍 çok güzel,5,Erkek %100 Pamuk Siyah Hakim Yaka Düz T-Shirt E001030,Avva,super çok güzel,Pozitif
kaliteli kesinlikle alınmalı,5,Erkek %100 Pamuk Siyah Hakim Yaka Düz T-Shirt E001030,Avva,kaliteli kesinlikle alınmalı,Pozitif
çok iyi tavsiye,5,Erkek %100 Pamuk Siyah Hakim Yaka Düz T-Shirt E001030,Avva,çok iyi tavsiye,Pozitif
Harika çok güzel,5,Erkek %100 Pamuk Siyah Hakim Yaka Düz T-Shirt E001030,Avva,harika çok güzel,Pozitif
Avva kalitesi kensini belli ediyor harika çok teşekkürler,5,Erkek %100 Pamuk Siyah Hakim Yaka Düz T-Shirt E001030,Avva,avva kalitesi kensini belli ediyor harika çok teşekkürler,Pozitif
Harika bir tşirt hiç düşünmeyin,5,Erkek %100 Pamuk Siyah Hakim Yaka Düz T-Shirt E001030,Avva,harika bir tşirt hiç düşünmeyin,Pozitif
damadıma aldım çok begendi.bayramin ilk günü giymeyi tercih etti.,5,Erkek %100 Pamuk Siyah Hakim Yaka Düz T-Shirt E001030,Avva,damadıma aldım çok begendibayramin ilk günü giymeyi tercih etti,Pozitif
Avva kalitesi,5,Erkek %100 Pamuk Siyah Hakim Yaka Düz T-Shirt E001030,Avva,avva kalitesi,Pozitif
Memnun kaldıgımız bir alışveriş oldu,5,Erkek %100 Pamuk Siyah Hakim Yaka Düz T-Shirt E001030,Avva,memnun kaldıgımız bir alışveriş oldu,Pozitif
gayet güzel ve rahat,5,Erkek %100 Pamuk Siyah Yandan Cepli Beli Lastikli Kordonlu Relaxed Fit Pantolon E003052,Avva,gayet güzel ve rahat,Pozitif
👍 güzel ürün,5,Erkek %100 Pamuk Siyah Yandan Cepli Beli Lastikli Kordonlu Relaxed Fit Pantolon E003052,Avva,güzel ürün,Pozitif
Kesinlikle pazar malı gibi alınmaz,1,Erkek %100 Pamuk Siyah Yandan Cepli Beli Lastikli Kordonlu Relaxed Fit Pantolon E003052,Avva,kesinlikle pazar malı gibi alınmaz,Negatif
Kullanışlı ve rahat bir pantolon tavsiye ederim.,5,Erkek %100 Pamuk Siyah Yandan Cepli Beli Lastikli Kordonlu Relaxed Fit Pantolon E003052,Avva,kullanışlı ve rahat bir pantolon tavsiye ederim,Pozitif
"pantolon güzelde 1,85 boy 85 kilo olarak L beden aldım bende slim durdu halbuki mankende rahat beden duruyıor xl tercih edilebilir",3,Erkek %100 Pamuk Siyah Yandan Cepli Beli Lastikli Kordonlu Relaxed Fit Pantolon E003052,Avva,pantolon güzelde boy kilo olarak l beden aldım bende slim durdu halbuki mankende rahat beden duruyıor xl tercih edilebilir,Nötr
Çok şık renk görüntü çok güzel beğendi eşim.%100 pamuk,5,Erkek %100 Pamuk Siyah Yandan Cepli Beli Lastikli Kordonlu Relaxed Fit Pantolon E003052,Avva,çok şık renk görüntü çok güzel beğendi eşim pamuk,Pozitif
73 kg 1.67 boy 46 aldım beli lastikli olduğu için oldu güzel ürün,5,Erkek %100 Pamuk Siyah Yandan Cepli Beli Lastikli Kordonlu Relaxed Fit Pantolon E003052,Avva,kg boy aldım beli lastikli olduğu için oldu güzel ürün,Pozitif
cok kaliteli bir urun yazlik kullanim da cok rahat butun renklerinden aldim. beden olarak jean lerde 32 beden giyiyorum Bu urunde L beden aldim tam geldi,5,Erkek %100 Pamuk Siyah Yandan Cepli Beli Lastikli Kordonlu Relaxed Fit Pantolon E003052,Avva,cok kaliteli bir urun yazlik kullanim da cok rahat butun renklerinden aldim beden olarak jean lerde beden giyiyorum bu urunde l beden aldim tam geldi,Pozitif
Yüksek tavsiye. Kendi çektiğimiz fotolarda hiç güzel durmuyorlar. Ama gerçekten mükemmel kalite ve tarz. 1.76 82 Kg M beden çom iyi oldu. 👍,5,Erkek %100 Pamuk Siyah Yandan Cepli Beli Lastikli Kordonlu Relaxed Fit Pantolon E003052,Avva,yüksek tavsiye kendi çektiğimiz fotolarda hiç güzel durmuyorlar ama gerçekten mükemmel kalite ve tarz kg m beden çom iyi oldu,Pozitif
bacak arasına gelen kısımlar pamuklandı,2,Kadın Bej Coool Beli Lastikli Relax Fit Mini Şort U3357AZ21SP,Defacto,bacak arasına gelen kısımlar pamuklandı,Negatif
"Kumaşı pamuklu olduğundan terletse de emiyor… Tam tişört formunda ben çok beğendim… beyaz tende çok güzel duruyor ama benim esmer tenime de gitti… formunu sevdim tam beden alınmalı bence, kargo ve paket çok özenliydi",5,Pembe Basic Tişört Loose Fit / Bol Rahat Kesim 1600955-70977,Mavi,kumaşı pamuklu olduğundan terletse de emiyor tam tişört formunda ben çok beğendim beyaz tende çok güzel duruyor ama benim esmer tenime de gitti formunu sevdim tam beden alınmalı bence kargo ve paket çok özenliydi,Pozitif
bir beden küçük alın oturması için,5,Slim Fit V Yaka Basic Pamuklu Penye Tişört M7668AZ21SP,Defacto,bir beden küçük alın oturması için,Pozitif
güzel tekrar alınabilir babama aldım beğendi,4,Slim Fit V Yaka Basic Pamuklu Penye Tişört M7668AZ21SP,Defacto,güzel tekrar alınabilir babama aldım beğendi,Pozitif
çok güzel babama aldim,5,Slim Fit V Yaka Basic Pamuklu Penye Tişört M7668AZ21SP,Defacto,çok güzel babama aldim,Pozitif
eşime aldım harika bir ürün,5,Slim Fit V Yaka Basic Pamuklu Penye Tişört M7668AZ21SP,Defacto,eşime aldım harika bir ürün,Pozitif
çok güzel kaliteli kendi bedeninizi alın,5,Slim Fit V Yaka Basic Pamuklu Penye Tişört M7668AZ21SP,Defacto,çok güzel kaliteli kendi bedeninizi alın,Pozitif
4x dedik 8x gibi kafama direk çuval geçirsem daha rahat edermişim,3,Slim Fit V Yaka Basic Pamuklu Penye Tişört M7668AZ21SP,Defacto,x dedik x gibi kafama direk çuval geçirsem daha rahat edermişim,Nötr
Harika bir T şört gerçek 5XL,5,Slim Fit V Yaka Basic Pamuklu Penye Tişört M7668AZ21SP,Defacto,harika bir t şört gerçek xl,Pozitif
erkek arkadaşıma aldım güzel ürün,5,Slim Fit V Yaka Basic Pamuklu Penye Tişört M7668AZ21SP,Defacto,erkek arkadaşıma aldım güzel ürün,Pozitif
alınabilir.,5,Slim Fit V Yaka Basic Pamuklu Penye Tişört M7668AZ21SP,Defacto,alınabilir,Pozitif
tişört harika,5,Slim Fit V Yaka Basic Pamuklu Penye Tişört M7668AZ21SP,Defacto,tişört harika,Pozitif
Eşim için aldım çok beğendi. Teşekkürler.,5,Slim Fit V Yaka Basic Pamuklu Penye Tişört M7668AZ21SP,Defacto,eşim için aldım çok beğendi teşekkürler,Pozitif
Eşime almıştım memnun kaldı penyesi güsel kaliteli duruyor,5,Slim Fit V Yaka Basic Pamuklu Penye Tişört M7668AZ21SP,Defacto,eşime almıştım memnun kaldı penyesi güsel kaliteli duruyor,Pozitif
Çok kaliteli tavsiye ederim,5,Slim Fit V Yaka Basic Pamuklu Penye Tişört M7668AZ21SP,Defacto,çok kaliteli tavsiye ederim,Pozitif
"çok güzel ve kaliteli ürün,her kese tavsiye ederim hiç pişman olmayacaksınız",5,Slim Fit V Yaka Basic Pamuklu Penye Tişört M7668AZ21SP,Defacto,çok güzel ve kaliteli ürünher kese tavsiye ederim hiç pişman olmayacaksınız,Pozitif
mükemmel tshirt,5,Slim Fit V Yaka Basic Pamuklu Penye Tişört M7668AZ21SP,Defacto,mükemmel tshirt,Pozitif
İyi ürün 👍,5,Slim Fit V Yaka Basic Pamuklu Penye Tişört M7668AZ21SP,Defacto,iyi ürün,Pozitif
Kaliteli ürün,5,Slim Fit V Yaka Basic Pamuklu Penye Tişört M7668AZ21SP,Defacto,kaliteli ürün,Pozitif
çok güzel defacto yine şaşırtmadı kaliteli ürünler,5,Slim Fit V Yaka Basic Pamuklu Penye Tişört M7668AZ21SP,Defacto,çok güzel defacto yine şaşırtmadı kaliteli ürünler,Pozitif
Çok kaliteli babama aldım çok beğendi,5,Slim Fit V Yaka Basic Pamuklu Penye Tişört M7668AZ21SP,Defacto,çok kaliteli babama aldım çok beğendi,Pozitif
Tam beden. Güzel beğendim.,5,Slim Fit V Yaka Basic Pamuklu Penye Tişört M7668AZ21SP,Defacto,tam beden güzel beğendim,Pozitif
ürün güzel,4,Slim Fit V Yaka Basic Pamuklu Penye Tişört M7668AZ21SP,Defacto,ürün güzel,Pozitif
İndirimde almıştım çok beğendim,5,Slim Fit V Yaka Basic Pamuklu Penye Tişört M7668AZ21SP,Defacto,indirimde almıştım çok beğendim,Pozitif
Gayet güzel,5,Slim Fit V Yaka Basic Pamuklu Penye Tişört M7668AZ21SP,Defacto,gayet güzel,Pozitif
Şahane iyiki almışın,5,Slim Fit V Yaka Basic Pamuklu Penye Tişört M7668AZ21SP,Defacto,şahane iyiki almışın,Pozitif
Gayet güzel,5,Slim Fit V Yaka Basic Pamuklu Penye Tişört M7668AZ21SP,Defacto,gayet güzel,Pozitif
DeFacto harikasın🤩🤩🤩,5,Slim Fit V Yaka Basic Pamuklu Penye Tişört M7668AZ21SP,Defacto,defacto harikasın,Pozitif
sevgilime aldım çok beğendi,5,Slim Fit V Yaka Basic Pamuklu Penye Tişört M7668AZ21SP,Defacto,sevgilime aldım çok beğendi,Pozitif
Eşime aldım çok güzel tavsiye ederimmm))),5,Slim Fit V Yaka Basic Pamuklu Penye Tişört M7668AZ21SP,Defacto,eşime aldım çok güzel tavsiye ederimmm,Pozitif
harika bir ürün,5,Slim Fit V Yaka Basic Pamuklu Penye Tişört M7668AZ21SP,Defacto,harika bir ürün,Pozitif
çok beyendim kaliteli,5,Slim Fit V Yaka Basic Pamuklu Penye Tişört M7668AZ21SP,Defacto,çok beyendim kaliteli,Pozitif
Guzel bir urun,4,Regular Fit Beli Bağcıklı Basic Pamuklu Penye Şort W2512AZ21SM,Defacto,guzel bir urun,Pozitif
3xl aldım eşime çok rahat,5,Regular Fit Beli Bağcıklı Basic Pamuklu Penye Şort W2512AZ21SM,Defacto,xl aldım eşime çok rahat,Pozitif
oğluma aldım çok beğendi.. fiyatına göre çok kaliteli değil bence..,5,Regular Fit Beli Bağcıklı Basic Pamuklu Penye Şort W2512AZ21SM,Defacto,oğluma aldım çok beğendi fiyatına göre çok kaliteli değil bence,Pozitif
Rahat yapışmıyor,5,Regular Fit Beli Bağcıklı Basic Pamuklu Penye Şort W2512AZ21SM,Defacto,rahat yapışmıyor,Pozitif
Cok basit kuması da oldukça kalitesiz defactodan beklenmeyecek bir standart,1,Regular Fit Beli Bağcıklı Basic Pamuklu Penye Şort W2512AZ21SM,Defacto,cok basit kuması da oldukça kalitesiz defactodan beklenmeyecek bir standart,Negatif
güzel görünüyor,5,Regular Fit Beli Bağcıklı Basic Pamuklu Penye Şort W2512AZ21SM,Defacto,güzel görünüyor,Pozitif
Guzel bir urun,4,Regular Fit Beli Bağcıklı Basic Pamuklu Penye Şort W2512AZ21SM,Defacto,guzel bir urun,Pozitif
3xl aldım eşime çok rahat,5,Regular Fit Beli Bağcıklı Basic Pamuklu Penye Şort W2512AZ21SM,Defacto,xl aldım eşime çok rahat,Pozitif
oğluma aldım çok beğendi.. fiyatına göre çok kaliteli değil bence..,5,Regular Fit Beli Bağcıklı Basic Pamuklu Penye Şort W2512AZ21SM,Defacto,oğluma aldım çok beğendi fiyatına göre çok kaliteli değil bence,Pozitif
Rahat yapışmıyor,5,Regular Fit Beli Bağcıklı Basic Pamuklu Penye Şort W2512AZ21SM,Defacto,rahat yapışmıyor,Pozitif
Cok basit kuması da oldukça kalitesiz defactodan beklenmeyecek bir standart,1,Regular Fit Beli Bağcıklı Basic Pamuklu Penye Şort W2512AZ21SM,Defacto,cok basit kuması da oldukça kalitesiz defactodan beklenmeyecek bir standart,Negatif
güzel görünüyor,5,Regular Fit Beli Bağcıklı Basic Pamuklu Penye Şort W2512AZ21SM,Defacto,güzel görünüyor,Pozitif
güzell on numara,5,Regular Fit Bisiklet Yaka Basic Kısa Kollu Pamuklu Penye Tişört M7666AZ21SP,Defacto,güzell on numara,Pozitif
Kardeşime aldım ben de giyiyorum çok güzel ve rahat,5,Regular Fit Bisiklet Yaka Basic Kısa Kollu Pamuklu Penye Tişört M7666AZ21SP,Defacto,kardeşime aldım ben de giyiyorum çok güzel ve rahat,Pozitif
güzel tam beden alın,5,Regular Fit Bisiklet Yaka Basic Kısa Kollu Pamuklu Penye Tişört M7666AZ21SP,Defacto,güzel tam beden alın,Pozitif
Cok beğendik 130 kq 5xl aldık tam oldu. teşekkürler DeFacto 😍,5,Regular Fit Bisiklet Yaka Basic Kısa Kollu Pamuklu Penye Tişört M7666AZ21SP,Defacto,cok beğendik kq xl aldık tam oldu teşekkürler defacto,Pozitif
Güzel tişört,5,Regular Fit Bisiklet Yaka Basic Kısa Kollu Pamuklu Penye Tişört M7666AZ21SP,Defacto,güzel tişört,Pozitif
şık güzel duruyor,5,Regular Fit Bisiklet Yaka Basic Kısa Kollu Pamuklu Penye Tişört M7666AZ21SP,Defacto,şık güzel duruyor,Pozitif
Babama aldım bayıldı rengi çok güzel teşekkürler trendyol,5,Regular Fit Bisiklet Yaka Basic Kısa Kollu Pamuklu Penye Tişört M7666AZ21SP,Defacto,babama aldım bayıldı rengi çok güzel teşekkürler trendyol,Pozitif
güzel rahat bir ürün,3,Regular Fit Bisiklet Yaka Basic Kısa Kollu Pamuklu Penye Tişört M7666AZ21SP,Defacto,güzel rahat bir ürün,Nötr
Severek kullanıyorum. Cok rahat,5,Regular Fit Bisiklet Yaka Basic Kısa Kollu Pamuklu Penye Tişört M7666AZ21SP,Defacto,severek kullanıyorum cok rahat,Pozitif
kocam icin aldim cok yakisjti,5,Regular Fit Bisiklet Yaka Basic Kısa Kollu Pamuklu Penye Tişört M7666AZ21SP,Defacto,kocam icin aldim cok yakisjti,Pozitif
Teşekkürler,5,Regular Fit Bisiklet Yaka Basic Kısa Kollu Pamuklu Penye Tişört M7666AZ21SP,Defacto,teşekkürler,Pozitif
çok kaliteli bir ürün,5,Regular Fit Bisiklet Yaka Basic Kısa Kollu Pamuklu Penye Tişört M7666AZ21SP,Defacto,çok kaliteli bir ürün,Pozitif
ürün gayet güzel,5,Regular Fit Bisiklet Yaka Basic Kısa Kollu Pamuklu Penye Tişört M7666AZ21SP,Defacto,ürün gayet güzel,Pozitif
eşim için aldım severek giyiyor,5,Regular Fit Bisiklet Yaka Basic Kısa Kollu Pamuklu Penye Tişört M7666AZ21SP,Defacto,eşim için aldım severek giyiyor,Pozitif
teşekkür ederim güzel bir ürün,5,Regular Fit Bisiklet Yaka Basic Kısa Kollu Pamuklu Penye Tişört M7666AZ21SP,Defacto,teşekkür ederim güzel bir ürün,Pozitif
kaliteli bir marka,5,Regular Fit Bisiklet Yaka Basic Kısa Kollu Pamuklu Penye Tişört M7666AZ21SP,Defacto,kaliteli bir marka,Pozitif
Renkleri duruşu harika rahat kaliteli,5,%100 Pamuk Kapri Takım ECI16S7SP43,US Polo Assn,renkleri duruşu harika rahat kaliteli,Pozitif
gayet rahat %100 pamuk siyah veya koyu gri pantolon ile çok şık duruyor,5,Kareli Gri Gömlek Regular Fit / Normal Kesim 0210071-80782,Mavi,gayet rahat pamuk siyah veya koyu gri pantolon ile çok şık duruyor,Pozitif
urun istedigim oranda pamuklu degil.. Ama yine de cok hos hizli kargo ozne paketlenmis tskurler,5,Regular Fit Slogan Baskılı Kısa Kollu Tişört X6600AZ22SM,Defacto,urun istedigim oranda pamuklu degil ama yine de cok hos hizli kargo ozne paketlenmis tskurler,Pozitif
"Likralı,pamuklu gayet güzel",5,Lacivert Basic Boxer 0910007-30761,Mavi,likralıpamuklu gayet güzel,Pozitif
Ürün çok iyi,5,Erkek Pamuklu Plaj Havlusu N7894AZ22SM,Defacto,ürün çok iyi,Pozitif
Çok beğendim,5,Erkek Pamuklu Plaj Havlusu N7894AZ22SM,Defacto,çok beğendim,Pozitif
guzel bir havlu,5,Erkek Pamuklu Plaj Havlusu N7894AZ22SM,Defacto,guzel bir havlu,Pozitif
Gayet kullanışlı,5,Erkek Pamuklu Plaj Havlusu N7894AZ22SM,Defacto,gayet kullanışlı,Pozitif
çok güzel beğendim,5,Erkek Pamuklu Plaj Havlusu N7894AZ22SM,Defacto,çok güzel beğendim,Pozitif
Çok güzel beyendim,5,Erkek Pamuklu Plaj Havlusu N7894AZ22SM,Defacto,çok güzel beyendim,Pozitif
çok güzel tam puan👏,5,Erkek Pamuklu Plaj Havlusu N7894AZ22SM,Defacto,çok güzel tam puan,Pozitif
çok kaliteli bitseydi değil,3,Erkek Pamuklu Plaj Havlusu N7894AZ22SM,Defacto,çok kaliteli bitseydi değil,Nötr
plaj için tam ideal beğendim,5,Erkek Pamuklu Plaj Havlusu N7894AZ22SM,Defacto,plaj için tam ideal beğendim,Pozitif
"İnce havlu sevdiğim için aldım. Emici, yumuşak ve kaliteli.",5,Erkek Pamuklu Plaj Havlusu N7894AZ22SM,Defacto,ince havlu sevdiğim için aldım emici yumuşak ve kaliteli,Pozitif
Çok inceymiş,3,Erkek Pamuklu Plaj Havlusu N7894AZ22SM,Defacto,çok inceymiş,Nötr
ince ince ince,4,Erkek Pamuklu Plaj Havlusu N7894AZ22SM,Defacto,ince ince ince,Pozitif
"Görselle bire bir aynı . Boyutları ideal. Dokusu güzel , renkleri canlı. Çok kalın ve yumuşacık bir havlu değil ama plaj için gayet uygun.",5,Erkek Pamuklu Plaj Havlusu N7894AZ22SM,Defacto,görselle bire bir aynı boyutları ideal dokusu güzel renkleri canlı çok kalın ve yumuşacık bir havlu değil ama plaj için gayet uygun,Pozitif
"Yumuşak, pamuklu guzel bir tişört",5,Regular Fit Bisiklet Yaka Kısa Kollu Tişört TYC00434456969,Defacto,yumuşak pamuklu guzel bir tişört,Pozitif
"rengi tam fotoğraftaki gibi,tam bedeninizi alın, kumaşı pamuk,tam yazlık.",5,Regular Fit Bisiklet Yaka Kısa Kollu Tişört TYC00434456969,Defacto,rengi tam fotoğraftaki gibitam bedeninizi alın kumaşı pamuktam yazlık,Pozitif
Rengi tam koyu siyah çok güzel. Kolları çok güzel bi hava katıyor. Yaka ve sırt kısmı çok dekolte değil,5,Straplez Volanlı Mayo SB22140,Suwen,rengi tam koyu siyah çok güzel kolları çok güzel bi hava katıyor yaka ve sırt kısmı çok dekolte değil,Pozitif
Çok rahat.,5,Coool Oversize Fit Bisiklet Yaka Pamuklu Penye Tişört N3456AZ22SM,Defacto,çok rahat,Pozitif
güzel ama küçük alin,5,Coool Oversize Fit Bisiklet Yaka Pamuklu Penye Tişört N3456AZ22SM,Defacto,güzel ama küçük alin,Pozitif
Ürün güzel ama xs bile nerdeyse m gibi .,5,Coool Oversize Fit Bisiklet Yaka Pamuklu Penye Tişört N3456AZ22SM,Defacto,ürün güzel ama xs bile nerdeyse m gibi,Pozitif
Çok kaliteli duruyor,5,Coool Oversize Fit Bisiklet Yaka Pamuklu Penye Tişört N3456AZ22SM,Defacto,çok kaliteli duruyor,Pozitif
ürünü S beden olarak aldım L benden geldi .,1,Coool Oversize Fit Bisiklet Yaka Pamuklu Penye Tişört N3456AZ22SM,Defacto,ürünü s beden olarak aldım l benden geldi,Negatif
Kardeşime hediye olarak aldım malı güzel ve kullanışlı 💃🏻,5,Coool Oversize Fit Bisiklet Yaka Pamuklu Penye Tişört N3456AZ22SM,Defacto,kardeşime hediye olarak aldım malı güzel ve kullanışlı,Pozitif
cok sik tam bedeninizi alin,5,Coool Oversize Fit Bisiklet Yaka Pamuklu Penye Tişört N3456AZ22SM,Defacto,cok sik tam bedeninizi alin,Pozitif
Kumaşı kaliteli bedeni bol rahat,5,Coool Oversize Fit Bisiklet Yaka Pamuklu Penye Tişört N3456AZ22SM,Defacto,kumaşı kaliteli bedeni bol rahat,Pozitif
ciddi anlamda oversize kalıbı çok büyük ona göre değerlendirmeli,3,Coool Oversize Fit Bisiklet Yaka Pamuklu Penye Tişört N3456AZ22SM,Defacto,ciddi anlamda oversize kalıbı çok büyük ona göre değerlendirmeli,Nötr
kalıbı çok büyüktü. ama kumaşı com güzel . kalıp büyük olduğu için iade,3,Coool Oversize Fit Bisiklet Yaka Pamuklu Penye Tişört N3456AZ22SM,Defacto,kalıbı çok büyüktü ama kumaşı com güzel kalıp büyük olduğu için iade,Nötr
çok güzel ve rahat,5,Coool Oversize Fit Bisiklet Yaka Pamuklu Penye Tişört N3456AZ22SM,Defacto,çok güzel ve rahat,Pozitif
"çok güzel, teşekkür ederim. tam numaranızı alın",5,Coool Oversize Fit Bisiklet Yaka Pamuklu Penye Tişört N3456AZ22SM,Defacto,çok güzel teşekkür ederim tam numaranızı alın,Pozitif
Güzel pamuklu bir ürün,5,Mavi Kadın Gömlek G082GL004.000.1458906,US Polo Assn,güzel pamuklu bir ürün,Pozitif
"Eşime indirimde aldım , severek kullanıyor",5,Erkek %100 Pamuk Beyaz Polo Yaka Düz T-Shirt E001027,Avva,eşime indirimde aldım severek kullanıyor,Pozitif
Enişteme almıştım gayet güzel beğendi,4,Erkek %100 Pamuk Beyaz Polo Yaka Düz T-Shirt E001027,Avva,enişteme almıştım gayet güzel beğendi,Pozitif
kesinlikle tavsiye ediyorum. cok rahat pamuklu bir ürün,5,Erkek %100 Pamuk Beyaz Polo Yaka Düz T-Shirt E001027,Avva,kesinlikle tavsiye ediyorum cok rahat pamuklu bir ürün,Pozitif
kaliteli eşim çok beğendi,5,Erkek %100 Pamuk Beyaz Polo Yaka Düz T-Shirt E001027,Avva,kaliteli eşim çok beğendi,Pozitif
"Avva kalitesi, her zamanki gibi",5,Erkek %100 Pamuk Beyaz Polo Yaka Düz T-Shirt E001027,Avva,avva kalitesi her zamanki gibi,Pozitif
Çok güzel teşekkür ederim,5,Erkek %100 Pamuk Beyaz Polo Yaka Düz T-Shirt E001027,Avva,çok güzel teşekkür ederim,Pozitif
valla.muhtesem bayıldım kalitesine,5,Erkek %100 Pamuk Beyaz Polo Yaka Düz T-Shirt E001027,Avva,vallamuhtesem bayıldım kalitesine,Pozitif
Mükemmel bayıldık,5,Erkek %100 Pamuk Beyaz Polo Yaka Düz T-Shirt E001027,Avva,mükemmel bayıldık,Pozitif
kaliteli bir ürün,5,Erkek %100 Pamuk Beyaz Polo Yaka Düz T-Shirt E001027,Avva,kaliteli bir ürün,Pozitif
Ürün çok güzel herkez benini almasını tavsiye ediyorum,5,Erkek %100 Pamuk Beyaz Polo Yaka Düz T-Shirt E001027,Avva,ürün çok güzel herkez benini almasını tavsiye ediyorum,Pozitif
Tavsiye ederim,5,Erkek %100 Pamuk Beyaz Polo Yaka Düz T-Shirt E001027,Avva,tavsiye ederim,Pozitif
Güzel iş yere için 2 tane aldım ve memnunum,3,Erkek %100 Pamuk Beyaz Polo Yaka Düz T-Shirt E001027,Avva,güzel iş yere için tane aldım ve memnunum,Nötr
Hediye aldım kalite çok güzel,5,Erkek %100 Pamuk Beyaz Polo Yaka Düz T-Shirt E001027,Avva,hediye aldım kalite çok güzel,Pozitif
avva kalitesi mükemmel,5,Erkek %100 Pamuk Beyaz Polo Yaka Düz T-Shirt E001027,Avva,avva kalitesi mükemmel,Pozitif
Ürün için pamuklu deniyor fakat naylon gibi daha çok.,4,Erkek %100 Pamuk Beyaz Polo Yaka Düz T-Shirt E001027,Avva,ürün için pamuklu deniyor fakat naylon gibi daha çok,Pozitif
"İlk önce siyahını aldık o kadar beğendik ki hemen beyazını da sipariş ettik, gerçekten çok çok kaliteli bir kumaş kesinlikle tercih edebilirsiniz",5,Erkek %100 Pamuk Beyaz Polo Yaka Düz T-Shirt E001027,Avva,ilk önce siyahını aldık o kadar beğendik ki hemen beyazını da sipariş ettik gerçekten çok çok kaliteli bir kumaş kesinlikle tercih edebilirsiniz,Pozitif
Eşime aldım tam yazlık ürün çok beğendik 🤩,5,Erkek %100 Pamuk Beyaz Polo Yaka Düz T-Shirt E001027,Avva,eşime aldım tam yazlık ürün çok beğendik,Pozitif
"Ürün görseldeki gibi aynı, temiz güzel paketlenmiş bir şekilde gönderildi. Ve çok hızlı bir şekilde gönderimi yapıldı.",5,Erkek %100 Pamuk Beyaz Polo Yaka Düz T-Shirt E001027,Avva,ürün görseldeki gibi aynı temiz güzel paketlenmiş bir şekilde gönderildi ve çok hızlı bir şekilde gönderimi yapıldı,Pozitif
harika bir t-shirt herkes almali,5,Erkek %100 Pamuk Beyaz Polo Yaka Düz T-Shirt E001027,Avva,harika bir tshirt herkes almali,Pozitif
L aldım. 82 kiloyum gayet iy oldu,5,Erkek %100 Pamuk Beyaz Polo Yaka Düz T-Shirt E001027,Avva,l aldım kiloyum gayet iy oldu,Pozitif
Kaliteden çalınmış bu sefer avvayı severek giyerim ama normal bir polo tişörtün güzel olmasını beklerdim 184 75 kilo L aldım M tam olurdu biraz geniş daha iyi oluyor,3,Erkek %100 Pamuk Beyaz Polo Yaka Düz T-Shirt E001027,Avva,kaliteden çalınmış bu sefer avvayı severek giyerim ama normal bir polo tişörtün güzel olmasını beklerdim kilo l aldım m tam olurdu biraz geniş daha iyi oluyor,Nötr
Kumaşı dokusu harika,5,Erkek %100 Pamuk Beyaz Polo Yaka Düz T-Shirt E001027,Avva,kumaşı dokusu harika,Pozitif
kaliteli ve tam bedene oturan kesimi ile güzel bir ürün.,5,Erkek %100 Pamuk Beyaz Polo Yaka Düz T-Shirt E001027,Avva,kaliteli ve tam bedene oturan kesimi ile güzel bir ürün,Pozitif
Ucuz bir malzemeden yapılmış ucuz bir ürün.,1,Erkek %100 Pamuk Beyaz Polo Yaka Düz T-Shirt E001027,Avva,ucuz bir malzemeden yapılmış ucuz bir ürün,Negatif
Güzel kaliteli uygun fiyat,5,Erkek %100 Pamuk Beyaz Polo Yaka Düz T-Shirt E001027,Avva,güzel kaliteli uygun fiyat,Pozitif
çok şık tavsiye ederim,5,Erkek %100 Pamuk Beyaz Polo Yaka Düz T-Shirt E001027,Avva,çok şık tavsiye ederim,Pozitif
göründüğü gibi geldi,5,Erkek %100 Pamuk Beyaz Polo Yaka Düz T-Shirt E001027,Avva,göründüğü gibi geldi,Pozitif
çok güzel kumaşı dokusu kaliteli tavsiye edilir,5,Erkek %100 Pamuk Beyaz Polo Yaka Düz T-Shirt E001027,Avva,çok güzel kumaşı dokusu kaliteli tavsiye edilir,Pozitif
Bedeninizin bir küçüğünü tercih edin onun dışında sorunsuz,4,Erkek %100 Pamuk Beyaz Polo Yaka Düz T-Shirt E001027,Avva,bedeninizin bir küçüğünü tercih edin onun dışında sorunsuz,Pozitif
harika bir ürün tam kalıp,5,Erkek %100 Pamuk Beyaz Polo Yaka Düz T-Shirt E001027,Avva,harika bir ürün tam kalıp,Pozitif
Fotoğraftaki gibi pamuklu kumaş gayet iyi,5,Coool Loose Fit Bisiklet Yaka Kısa Kollu Tişört X2381AZ22SM,Defacto,fotoğraftaki gibi pamuklu kumaş gayet iyi,Pozitif
büyük olduğu için iade ettik ama bir küçüğünü tekrar sipariş verdim.,5,Comfort Fit Bisiklet Yaka Baskılı Pamuklu Penye Tişört X6242AZ22SM,Defacto,büyük olduğu için iade ettik ama bir küçüğünü tekrar sipariş verdim,Pozitif
100%pamuk kalitesine tek kelimem çox güzel beyendim tavsiye ederim,5,Erkek Lacivert Slim Fit Jean Pantolon E003536,Avva,pamuk kalitesine tek kelimem çox güzel beyendim tavsiye ederim,Pozitif
Ürün güzel 👍🏻,5,Erkek %100 Pamuk Haki Düz Alttan Britli Yaka Regular Fit Uzun Kol Vual Gömlek E002206,Avva,ürün güzel,Pozitif
kaliteli gömlek,5,Erkek %100 Pamuk Haki Düz Alttan Britli Yaka Regular Fit Uzun Kol Vual Gömlek E002206,Avva,kaliteli gömlek,Pozitif
çok güzel çok beğendim,5,Erkek %100 Pamuk Haki Düz Alttan Britli Yaka Regular Fit Uzun Kol Vual Gömlek E002206,Avva,çok güzel çok beğendim,Pozitif
çok güzel gömlekler,5,Erkek %100 Pamuk Haki Düz Alttan Britli Yaka Regular Fit Uzun Kol Vual Gömlek E002206,Avva,çok güzel gömlekler,Pozitif
teşekkür ederim,5,Erkek %100 Pamuk Haki Düz Alttan Britli Yaka Regular Fit Uzun Kol Vual Gömlek E002206,Avva,teşekkür ederim,Pozitif
Kaliteli değil beğenmedim,3,Erkek %100 Pamuk Haki Düz Alttan Britli Yaka Regular Fit Uzun Kol Vual Gömlek E002206,Avva,kaliteli değil beğenmedim,Nötr
kumaş kalitesini beğenmedim,2,Erkek %100 Pamuk Haki Düz Alttan Britli Yaka Regular Fit Uzun Kol Vual Gömlek E002206,Avva,kumaş kalitesini beğenmedim,Negatif
sevgilim için aldım gayet güzel,5,Erkek %100 Pamuk Haki Düz Alttan Britli Yaka Regular Fit Uzun Kol Vual Gömlek E002206,Avva,sevgilim için aldım gayet güzel,Pozitif
harika bir gömlek,5,Erkek %100 Pamuk Haki Düz Alttan Britli Yaka Regular Fit Uzun Kol Vual Gömlek E002206,Avva,harika bir gömlek,Pozitif
kumaşı çok güzel yumuşacık eşim çok begendi . kendi bedenini aldı tam oldu. 175 80 kilo L aldık.,5,Erkek %100 Pamuk Haki Düz Alttan Britli Yaka Regular Fit Uzun Kol Vual Gömlek E002206,Avva,kumaşı çok güzel yumuşacık eşim çok begendi kendi bedenini aldı tam oldu kilo l aldık,Pozitif
Babişkoma aldım çok tatlı,5,Erkek %100 Pamuk Haki Düz Alttan Britli Yaka Regular Fit Uzun Kol Vual Gömlek E002206,Avva,babişkoma aldım çok tatlı,Pozitif
arkadaşıma aldım beğenmiş :),5,Erkek %100 Pamuk Haki Düz Alttan Britli Yaka Regular Fit Uzun Kol Vual Gömlek E002206,Avva,arkadaşıma aldım beğenmiş,Pozitif
mük mük mük,5,Erkek %100 Pamuk Haki Düz Alttan Britli Yaka Regular Fit Uzun Kol Vual Gömlek E002206,Avva,mük mük mük,Pozitif
kumaşı çok güzel tam beden kendi bedeninizi alabilirsiniz ☺️,5,Erkek %100 Pamuk Haki Düz Alttan Britli Yaka Regular Fit Uzun Kol Vual Gömlek E002206,Avva,kumaşı çok güzel tam beden kendi bedeninizi alabilirsiniz,Pozitif
urun harirka cpk beyendik tam kalip herkese yavsiye ederim guzel urun,5,Erkek %100 Pamuk Haki Düz Alttan Britli Yaka Regular Fit Uzun Kol Vual Gömlek E002206,Avva,urun harirka cpk beyendik tam kalip herkese yavsiye ederim guzel urun,Pozitif
Incecik tam yazlık bir gömlek.,5,Erkek %100 Pamuk Haki Düz Alttan Britli Yaka Regular Fit Uzun Kol Vual Gömlek E002206,Avva,incecik tam yazlık bir gömlek,Pozitif
Çok güzel tüm renklerini almayı düşünüyorum,5,Erkek %100 Pamuk Haki Düz Alttan Britli Yaka Regular Fit Uzun Kol Vual Gömlek E002206,Avva,çok güzel tüm renklerini almayı düşünüyorum,Pozitif
Rengi çok güzel vücuda tam oturuyor çok beğendim. Kalıbı da normal,5,Erkek %100 Pamuk Haki Düz Alttan Britli Yaka Regular Fit Uzun Kol Vual Gömlek E002206,Avva,rengi çok güzel vücuda tam oturuyor çok beğendim kalıbı da normal,Pozitif
Ürünlerimi çok beğendim yazlık incecik tşk Avva.,5,Erkek %100 Pamuk Haki Düz Alttan Britli Yaka Regular Fit Uzun Kol Vual Gömlek E002206,Avva,ürünlerimi çok beğendim yazlık incecik tşk avva,Pozitif
Kumaş ve renk harika,5,Erkek %100 Pamuk Haki Düz Alttan Britli Yaka Regular Fit Uzun Kol Vual Gömlek E002206,Avva,kumaş ve renk harika,Pozitif
Kaliteli bir ürün,5,Erkek %100 Pamuk Haki Düz Alttan Britli Yaka Regular Fit Uzun Kol Vual Gömlek E002206,Avva,kaliteli bir ürün,Pozitif
Bohça için aldım gayet güzel 🌻,5,Erkek %100 Pamuk Haki Düz Alttan Britli Yaka Regular Fit Uzun Kol Vual Gömlek E002206,Avva,bohça için aldım gayet güzel,Pozitif
eşim co k beğendim rengi harika ama ince,5,Erkek %100 Pamuk Haki Düz Alttan Britli Yaka Regular Fit Uzun Kol Vual Gömlek E002206,Avva,eşim co k beğendim rengi harika ama ince,Pozitif
sevgilime aldım çok yakıştı ama sevgilimin fiziği taş gibi ondandir,5,Erkek %100 Pamuk Haki Düz Alttan Britli Yaka Regular Fit Uzun Kol Vual Gömlek E002206,Avva,sevgilime aldım çok yakıştı ama sevgilimin fiziği taş gibi ondandir,Pozitif
kalıplar çok büyük m beden giyen s beden alabilir kalitesi iyidir kilolu insanlar için bir numara,5,Erkek %100 Pamuk Haki Düz Alttan Britli Yaka Regular Fit Uzun Kol Vual Gömlek E002206,Avva,kalıplar çok büyük m beden giyen s beden alabilir kalitesi iyidir kilolu insanlar için bir numara,Pozitif
çok güzel bir gömlek ama eşim 1.88 ve 95 kilo xl büyük oldu l tam olurdu,5,Erkek %100 Pamuk Haki Düz Alttan Britli Yaka Regular Fit Uzun Kol Vual Gömlek E002206,Avva,çok güzel bir gömlek ama eşim ve kilo xl büyük oldu l tam olurdu,Pozitif
Gömlek harika kumaşı çok rahat babalar günü hediyesi olarak almıştım . Sadece elde yıkama yapın çok soluyor,5,Erkek %100 Pamuk Haki Düz Alttan Britli Yaka Regular Fit Uzun Kol Vual Gömlek E002206,Avva,gömlek harika kumaşı çok rahat babalar günü hediyesi olarak almıştım sadece elde yıkama yapın çok soluyor,Pozitif
Tam yazlık çok güzel rengi fotoğrafda ki gibi,5,Erkek %100 Pamuk Haki Düz Alttan Britli Yaka Regular Fit Uzun Kol Vual Gömlek E002206,Avva,tam yazlık çok güzel rengi fotoğrafda ki gibi,Pozitif
yazlık çok güzel rengi harika,5,Erkek %100 Pamuk Haki Düz Alttan Britli Yaka Regular Fit Uzun Kol Vual Gömlek E002206,Avva,yazlık çok güzel rengi harika,Pozitif
Ürün güzel fakat regular fit olmasına rağmen kesimi slim fit gibi. Beden konusunda bu duruma dikkat etmek gerekiyor.,4,Erkek %100 Pamuk Haki Düz Alttan Britli Yaka Regular Fit Uzun Kol Vual Gömlek E002206,Avva,ürün güzel fakat regular fit olmasına rağmen kesimi slim fit gibi beden konusunda bu duruma dikkat etmek gerekiyor,Pozitif
mükemmel yumuşacık tam bedeninizi alin,5,%100 Pamuk Yuvarlak Yaka Kısa Kol Yazlık Kadın Pijama Takım U16S7SP05,US Polo Assn,mükemmel yumuşacık tam bedeninizi alin,Pozitif
Çok güzel,5,Erkek %100 Pamuk Bordo Slim Fit Bisiklet Yaka T-Shirt E001000,Avva,çok güzel,Pozitif
Süper tavsiye ederim,5,Erkek %100 Pamuk Bordo Slim Fit Bisiklet Yaka T-Shirt E001000,Avva,süper tavsiye ederim,Pozitif
gerçekten avva kalitesi bu fiyata kacmaz,4,Erkek %100 Pamuk Bordo Slim Fit Bisiklet Yaka T-Shirt E001000,Avva,gerçekten avva kalitesi bu fiyata kacmaz,Pozitif
Süper bir ürün.,5,Erkek %100 Pamuk Bordo Slim Fit Bisiklet Yaka T-Shirt E001000,Avva,süper bir ürün,Pozitif
Her rengini aldık o kdr kaliteli ve uygun indirimden aldım,5,Erkek %100 Pamuk Bordo Slim Fit Bisiklet Yaka T-Shirt E001000,Avva,her rengini aldık o kdr kaliteli ve uygun indirimden aldım,Pozitif
çok iyi tavsiye ediyorum,5,Erkek %100 Pamuk Bordo Slim Fit Bisiklet Yaka T-Shirt E001000,Avva,çok iyi tavsiye ediyorum,Pozitif
Beğendim kaliteli ama resimden bir tık daha koyu gibi ama öyle olması güzel,5,Erkek %100 Pamuk Bordo Slim Fit Bisiklet Yaka T-Shirt E001000,Avva,beğendim kaliteli ama resimden bir tık daha koyu gibi ama öyle olması güzel,Pozitif
Tabiki avva kalitesi tartışılmaz. Mükemmel kumaş ve doku,5,Erkek %100 Pamuk Bordo Slim Fit Bisiklet Yaka T-Shirt E001000,Avva,tabiki avva kalitesi tartışılmaz mükemmel kumaş ve doku,Pozitif
cok güzel ve kaliteli,5,Erkek %100 Pamuk Bordo Slim Fit Bisiklet Yaka T-Shirt E001000,Avva,cok güzel ve kaliteli,Pozitif
Avva ürünleri her zaman çok güzel oluyor,5,Erkek %100 Pamuk Bordo Slim Fit Bisiklet Yaka T-Shirt E001000,Avva,avva ürünleri her zaman çok güzel oluyor,Pozitif
urun guzel tavaiye ederim,5,Erkek %100 Pamuk Bordo Slim Fit Bisiklet Yaka T-Shirt E001000,Avva,urun guzel tavaiye ederim,Pozitif
Harika bir üründü yeri de güzel,5,Erkek %100 Pamuk Bordo Slim Fit Bisiklet Yaka T-Shirt E001000,Avva,harika bir üründü yeri de güzel,Pozitif
Ürün gayet uygun ve güzel. Günlük kullanım için. Tavsiye ederim. Tam bedeninizi alın. 94 kilo 1.89 boy xxl beden.,5,Erkek %100 Pamuk Bordo Slim Fit Bisiklet Yaka T-Shirt E001000,Avva,ürün gayet uygun ve güzel günlük kullanım için tavsiye ederim tam bedeninizi alın kilo boy xxl beden,Pozitif
Bu fiyata AVVA tişört daha ne olsun,5,Erkek %100 Pamuk Bordo Slim Fit Bisiklet Yaka T-Shirt E001000,Avva,bu fiyata avva tişört daha ne olsun,Pozitif
rengi çok güzel malı da kaliteli,5,Erkek %100 Pamuk Bordo Slim Fit Bisiklet Yaka T-Shirt E001000,Avva,rengi çok güzel malı da kaliteli,Pozitif
kesinlikle çok kötü bı yıkayısta çuval oldu,1,Erkek %100 Pamuk Bordo Slim Fit Bisiklet Yaka T-Shirt E001000,Avva,kesinlikle çok kötü bı yıkayısta çuval oldu,Negatif
ürün kaliteli fakat resimdeki gibi canlı renk değil biraz mat,3,Erkek %100 Pamuk Bordo Slim Fit Bisiklet Yaka T-Shirt E001000,Avva,ürün kaliteli fakat resimdeki gibi canlı renk değil biraz mat,Nötr
Kumaşı güzel rengi beğendiyseniz tercih edilir.,4,Erkek %100 Pamuk Bordo Slim Fit Bisiklet Yaka T-Shirt E001000,Avva,kumaşı güzel rengi beğendiyseniz tercih edilir,Pozitif
avva logosu neden yok.kumaşı kaliteli,5,Erkek %100 Pamuk Bordo Slim Fit Bisiklet Yaka T-Shirt E001000,Avva,avva logosu neden yokkumaşı kaliteli,Pozitif
Harika kumaşı bedeni on numara,5,Erkek %100 Pamuk Bordo Slim Fit Bisiklet Yaka T-Shirt E001000,Avva,harika kumaşı bedeni on numara,Pozitif
berbat ve özensiz paketleme. ve çok kirli kulanılmış defolu ürün gibiydi,1,Erkek %100 Pamuk Bordo Slim Fit Bisiklet Yaka T-Shirt E001000,Avva,berbat ve özensiz paketleme ve çok kirli kulanılmış defolu ürün gibiydi,Negatif
"Rahat kumaşi var, güzel, 83 kg lioyum large gayet iyi oldu",5,Erkek %100 Pamuk Bordo Slim Fit Bisiklet Yaka T-Shirt E001000,Avva,rahat kumaşi var güzel kg lioyum large gayet iyi oldu,Pozitif
Bedeni tam oldu kendi bedeninizi alabilirsiniz,5,Erkek %100 Pamuk Bordo Slim Fit Bisiklet Yaka T-Shirt E001000,Avva,bedeni tam oldu kendi bedeninizi alabilirsiniz,Pozitif
İlk önce 4 adet aldım ürünler geldiğinde 3 tane daha sipariş verdim gerçekten kalite anlatılmaz dokusu herşeyi çok güzel ne yaparsanız yapın kırışmıyor kaçırmayın derim,5,Erkek %100 Pamuk Bordo Slim Fit Bisiklet Yaka T-Shirt E001000,Avva,ilk önce adet aldım ürünler geldiğinde tane daha sipariş verdim gerçekten kalite anlatılmaz dokusu herşeyi çok güzel ne yaparsanız yapın kırışmıyor kaçırmayın derim,Pozitif
çok kaliteli. rengi bi tık mürdüme yakın bordo ama çok güzel,5,Erkek %100 Pamuk Bordo Slim Fit Bisiklet Yaka T-Shirt E001000,Avva,çok kaliteli rengi bi tık mürdüme yakın bordo ama çok güzel,Pozitif
Çok çok kaliteli geldi 3xl beden 1.85 boy 100 kg tam oldu... Rengi çok güzel,5,Erkek %100 Pamuk Bordo Slim Fit Bisiklet Yaka T-Shirt E001000,Avva,çok çok kaliteli geldi xl beden boy kg tam oldu rengi çok güzel,Pozitif
Ürün elime ilk geçtiğinde güzeldi. İkinci kullanımdan sonra renk soldu. Verdiğim paraya yazık oldu avva gibi bir firma sanırım yan ürünlerini gönderdi. Çook kalitesiz,1,Erkek %100 Pamuk Bordo Slim Fit Bisiklet Yaka T-Shirt E001000,Avva,ürün elime ilk geçtiğinde güzeldi ikinci kullanımdan sonra renk soldu verdiğim paraya yazık oldu avva gibi bir firma sanırım yan ürünlerini gönderdi çook kalitesiz,Negatif
Kalıbı dar,2,Erkek %100 Pamuk Bordo Slim Fit Bisiklet Yaka T-Shirt E001000,Avva,kalıbı dar,Negatif
Ürün kaliteli ama diğer aldığım tişörtlere göre kısa geldi,3,Erkek %100 Pamuk Bordo Slim Fit Bisiklet Yaka T-Shirt E001000,Avva,ürün kaliteli ama diğer aldığım tişörtlere göre kısa geldi,Nötr
Rengi fotoğrafdakı gibi çok güzel kalıbı tam,5,Erkek %100 Pamuk Bordo Slim Fit Bisiklet Yaka T-Shirt E001000,Avva,rengi fotoğrafdakı gibi çok güzel kalıbı tam,Pozitif
Yumuşacık çok rahat brazilian olmasına rağmen sizi rahat etmiyor pamuklu olmasından kaynaklanıyor olabilir,5,3p Basic Koton Brazilian String ST0040602,Suwen,yumuşacık çok rahat brazilian olmasına rağmen sizi rahat etmiyor pamuklu olmasından kaynaklanıyor olabilir,Pozitif
ideal urun ama pamuk degil cottondur.,2,Gri Erkek T-Shirt G081SZ011.000.1372776,US Polo Assn,ideal urun ama pamuk degil cottondur,Negatif
%100 pamuk! Yıkanınca biraz formu bozuldu ama ütüyle toparlanır herhalde. Güzel ürün,5,Regular Fit V Yaka Kısa Kollu Tişört W9578AZ22SM,Defacto,pamuk yıkanınca biraz formu bozuldu ama ütüyle toparlanır herhalde güzel ürün,Pozitif
"38 almama rağmen inanılmaz dar oldu, 85b giyen biri olarak zorlandım. dekoltesi var. pantolon üstü boyu da kısa.",3,Kadın Bluz 0yak68646pw 0YAK68646PW,Koton,almama rağmen inanılmaz dar oldu b giyen biri olarak zorlandım dekoltesi var pantolon üstü boyu da kısa,Nötr
Mağazada ürünü denedim ve kumaşı pamuk ve çok güzeldi bedeni kalmadığı için internetten sipariş verdim. fakat inanamadım gelen ürün polyester bile diyemeyeceğim kötülükte bir kumaştan yapılmış gerçekten böyle bir rezillik görmedim. Böyle iyi bir marka bile böyle ucuz kâr elde etmek için bu yollara girmesi adını böyle ucuz numaralarla kirletmesi üzücü bir durum yazık,1,Love You Baskılı Çizgili Istanbul Tişört Rahat Kesim 167986-26829,Mavi,mağazada ürünü denedim ve kumaşı pamuk ve çok güzeldi bedeni kalmadığı için internetten sipariş verdim fakat inanamadım gelen ürün polyester bile diyemeyeceğim kötülükte bir kumaştan yapılmış gerçekten böyle bir rezillik görmedim böyle iyi bir marka bile böyle ucuz kr elde etmek için bu yollara girmesi adını böyle ucuz numaralarla kirletmesi üzücü bir durum yazık,Negatif
yumusacik cok guzel,5,Slim Fit Halter Yaka Pamuklu Crop Top U0357AZ22SM,Defacto,yumusacik cok guzel,Pozitif
Beğendim rahat,5,Slim Fit Halter Yaka Pamuklu Crop Top U0357AZ22SM,Defacto,beğendim rahat,Pozitif
Cok begendim cok güzel cikti gercekten,5,Slim Fit Halter Yaka Pamuklu Crop Top U0357AZ22SM,Defacto,cok begendim cok güzel cikti gercekten,Pozitif
Çok güzel,5,Slim Fit Halter Yaka Pamuklu Crop Top U0357AZ22SM,Defacto,çok güzel,Pozitif
Gayet hoş,5,Slim Fit Halter Yaka Pamuklu Crop Top U0357AZ22SM,Defacto,gayet hoş,Pozitif
gayet kaliteli tesekkurler,4,Slim Fit Halter Yaka Pamuklu Crop Top U0357AZ22SM,Defacto,gayet kaliteli tesekkurler,Pozitif
çok güzel! kendi bedeninizi alın,5,Slim Fit Halter Yaka Pamuklu Crop Top U0357AZ22SM,Defacto,çok güzel kendi bedeninizi alın,Pozitif
Herkesin dolabında olması gereken sade ve kurtarıcı bir parça kalitesi duruşu çok güzel ❤️,5,Slim Fit Halter Yaka Pamuklu Crop Top U0357AZ22SM,Defacto,herkesin dolabında olması gereken sade ve kurtarıcı bir parça kalitesi duruşu çok güzel,Pozitif
1 beden büyük aldım çook daha iyi oldu 1.60 68 kiloyum xl aldkm💖,5,Slim Fit Halter Yaka Pamuklu Crop Top U0357AZ22SM,Defacto,beden büyük aldım çook daha iyi oldu kiloyum xl aldkm,Pozitif
duruşu çok güzel s giyen ben m aldım cuk oldu,5,Slim Fit Halter Yaka Pamuklu Crop Top U0357AZ22SM,Defacto,duruşu çok güzel s giyen ben m aldım cuk oldu,Pozitif
boyum 177 L beden aldım.,5,Slim Fit Halter Yaka Pamuklu Crop Top U0357AZ22SM,Defacto,boyum l beden aldım,Pozitif
Rahat kullanışlı,5,Slim Fit Halter Yaka Pamuklu Crop Top U0357AZ22SM,Defacto,rahat kullanışlı,Pozitif
Çok güzel. 45 kiloyum s beden aldım gayet de dar oldu,5,Slim Fit Halter Yaka Pamuklu Crop Top U0357AZ22SM,Defacto,çok güzel kiloyum s beden aldım gayet de dar oldu,Pozitif
Kurtarıcı parça,5,Slim Fit Halter Yaka Pamuklu Crop Top U0357AZ22SM,Defacto,kurtarıcı parça,Pozitif
kargo parası olmasa 10no 5 star,2,Slim Fit Halter Yaka Pamuklu Crop Top U0357AZ22SM,Defacto,kargo parası olmasa no star,Negatif
3 rengini aldık kalitesi çok guzel,5,Slim Fit Halter Yaka Pamuklu Crop Top U0357AZ22SM,Defacto,rengini aldık kalitesi çok guzel,Pozitif
Çok rahat gömlek altına giy çık.,5,Slim Fit Halter Yaka Pamuklu Crop Top U0357AZ22SM,Defacto,çok rahat gömlek altına giy çık,Pozitif
Görseldeki gibi geldi,5,Slim Fit Halter Yaka Pamuklu Crop Top U0357AZ22SM,Defacto,görseldeki gibi geldi,Pozitif
Kaliteli ve duruşu harika bir ürün,5,Slim Fit Halter Yaka Pamuklu Crop Top U0357AZ22SM,Defacto,kaliteli ve duruşu harika bir ürün,Pozitif
Cok guzel crop bi urun beyazini da aldim assiri memnunum,5,Slim Fit Halter Yaka Pamuklu Crop Top U0357AZ22SM,Defacto,cok guzel crop bi urun beyazini da aldim assiri memnunum,Pozitif
Çok rahat tam beden alınabilir,5,Slim Fit Halter Yaka Pamuklu Crop Top U0357AZ22SM,Defacto,çok rahat tam beden alınabilir,Pozitif
fotograftakinin aynisi yazin kurtarıcı parça:),5,Slim Fit Halter Yaka Pamuklu Crop Top U0357AZ22SM,Defacto,fotograftakinin aynisi yazin kurtarıcı parça,Pozitif
"gayet güzel, S giydiğim halde L beden bile büyük durmadı",4,Slim Fit Halter Yaka Pamuklu Crop Top U0357AZ22SM,Defacto,gayet güzel s giydiğim halde l beden bile büyük durmadı,Pozitif
Bedeni o kadar küçük ki boynumdan zor geçti 😅,1,Slim Fit Halter Yaka Pamuklu Crop Top U0357AZ22SM,Defacto,bedeni o kadar küçük ki boynumdan zor geçti,Negatif
çok iyi renk kumaş muhteşem,5,Slim Fit Halter Yaka Pamuklu Crop Top U0357AZ22SM,Defacto,çok iyi renk kumaş muhteşem,Pozitif
Boyu ve yeri ideal ama bir beden en az büyük alınmalı. 173 boy 56 kg içim m beden aldım l de olabilirmiş,5,Slim Fit Halter Yaka Pamuklu Crop Top U0357AZ22SM,Defacto,boyu ve yeri ideal ama bir beden en az büyük alınmalı boy kg içim m beden aldım l de olabilirmiş,Pozitif
Çok rahat gömlek altına super olur. 1 beden büyük aldım çok daha guzel durdu,5,Slim Fit Halter Yaka Pamuklu Crop Top U0357AZ22SM,Defacto,çok rahat gömlek altına super olur beden büyük aldım çok daha guzel durdu,Pozitif
muhteşem kalitemi hayır idare eder bir ürün.,3,Slim Fit Halter Yaka Pamuklu Crop Top U0357AZ22SM,Defacto,muhteşem kalitemi hayır idare eder bir ürün,Nötr
"İndirimde bir tanesi 35,99’a olmak üzere iki rengini aldım. Şahane bir parça, yaz için kurtarıcı olacak😻",5,Slim Fit Halter Yaka Pamuklu Crop Top U0357AZ22SM,Defacto,indirimde bir tanesi a olmak üzere iki rengini aldım şahane bir parça yaz için kurtarıcı olacak,Pozitif
Tam kalıp,5,Slim Fit Halter Yaka Pamuklu Crop Top U0357AZ22SM,Defacto,tam kalıp,Pozitif
babama aldım beklediğimden daha kaliteli çıktı,5,Relax Fit Polo Yaka Pamuklu Penye Tişört X2927AZ22SM,Defacto,babama aldım beklediğimden daha kaliteli çıktı,Pozitif
"çok güzel, alın mutlaka🤌",5,Relax Fit Polo Yaka Pamuklu Penye Tişört X2927AZ22SM,Defacto,çok güzel alın mutlaka,Pozitif
renk çok iyi kesinlikle tavsiye ederim,5,Relax Fit Polo Yaka Pamuklu Penye Tişört X2927AZ22SM,Defacto,renk çok iyi kesinlikle tavsiye ederim,Pozitif
cok guzel bir urun. bol model bir beden kucuk ala bilirsiz,5,Relax Fit Polo Yaka Pamuklu Penye Tişört X2927AZ22SM,Defacto,cok guzel bir urun bol model bir beden kucuk ala bilirsiz,Pozitif
Rengi hemen soldu çok kötü tavsiye etmiyorum,1,Relax Fit Polo Yaka Pamuklu Penye Tişört X2927AZ22SM,Defacto,rengi hemen soldu çok kötü tavsiye etmiyorum,Negatif
Babama hediye aldım çok beğendi,5,Relax Fit Polo Yaka Pamuklu Penye Tişört X2927AZ22SM,Defacto,babama hediye aldım çok beğendi,Pozitif
Fiyat performansı olan bi ürün çok çok iyi,5,Relax Fit Polo Yaka Pamuklu Penye Tişört X2927AZ22SM,Defacto,fiyat performansı olan bi ürün çok çok iyi,Pozitif
Bi tık dede tişörtü gibi dursa da kumaşı ve rengi çok güzel.,5,Relax Fit Polo Yaka Pamuklu Penye Tişört X2927AZ22SM,Defacto,bi tık dede tişörtü gibi dursa da kumaşı ve rengi çok güzel,Pozitif
babama aldık tam beden alın kumaşı dokusu oldukça iyi,5,Relax Fit Polo Yaka Pamuklu Penye Tişört X2927AZ22SM,Defacto,babama aldık tam beden alın kumaşı dokusu oldukça iyi,Pozitif
ürünün kumaşı çok güzel fakat rengi biraz koyu geldi,5,Relax Fit Polo Yaka Pamuklu Penye Tişört X2927AZ22SM,Defacto,ürünün kumaşı çok güzel fakat rengi biraz koyu geldi,Pozitif
Kalıp olarak biraz büyük ama çok rahat.,5,Relax Fit Polo Yaka Pamuklu Penye Tişört X2927AZ22SM,Defacto,kalıp olarak biraz büyük ama çok rahat,Pozitif
2 tane sipariş verdik 1 tane geldi yardımcı olurmusunuz,1,Relax Fit Polo Yaka Pamuklu Penye Tişört X2927AZ22SM,Defacto,tane sipariş verdik tane geldi yardımcı olurmusunuz,Negatif
Ürün çok rahat kolay yıkanıyor ve ütüleme derdi yok,5,Relax Fit Polo Yaka Pamuklu Penye Tişört X2927AZ22SM,Defacto,ürün çok rahat kolay yıkanıyor ve ütüleme derdi yok,Pozitif
"güzel görünüyor. babalarimiza aldık, renk kalıp kesim iyi",4,Relax Fit Polo Yaka Pamuklu Penye Tişört X2927AZ22SM,Defacto,güzel görünüyor babalarimiza aldık renk kalıp kesim iyi,Pozitif
"Ürünleri seçerken ""fit"" kısmına dikkat edin derim. Ben etmemişim, relax fit bir şeyi XL bedende alınca boyu 1.80 kilosu 92 olan eşime büyük geldi. Kumaş kalitesi ortalamanın altında. Kaldırıp güneşe tutunca arkası görünüyor. Uzun ömürlü olmayacağı kesin. Tek sezonluk idare edebilir.",3,Relax Fit Polo Yaka Pamuklu Penye Tişört X2927AZ22SM,Defacto,ürünleri seçerken fit kısmına dikkat edin derim ben etmemişim relax fit bir şeyi xl bedende alınca boyu kilosu olan eşime büyük geldi kumaş kalitesi ortalamanın altında kaldırıp güneşe tutunca arkası görünüyor uzun ömürlü olmayacağı kesin tek sezonluk idare edebilir,Nötr
"Rengi çok güzel ve pamuklu indirime düşünce 60 liraya aldım, bayağı beğendim.",5,Regular Fit Basic Bisiklet Yaka Basic Tişört M7666AZ22SP,Defacto,rengi çok güzel ve pamuklu indirime düşünce liraya aldım bayağı beğendim,Pozitif
Güzel rengi,5,Erkek %100 Pamuk Mint Yeşil Bisiklet Yaka Düz T-Shirt E001000,Avva,güzel rengi,Pozitif
ürün gerçekten çok güzel,5,Oversize Fit Bisiklet Yaka Baskılı Pamuklu Penye Tişört X8652AZ22HS,Defacto,ürün gerçekten çok güzel,Pozitif
mükemmel kaliteli,5,Oversize Fit Bisiklet Yaka Baskılı Pamuklu Penye Tişört X8652AZ22HS,Defacto,mükemmel kaliteli,Pozitif
Cok begendik 🥰,5,Oversize Fit Bisiklet Yaka Baskılı Pamuklu Penye Tişört X8652AZ22HS,Defacto,cok begendik,Pozitif
boy1.74 kilom:60 xs aldım ve tam oldu. ürün kalitesi güzel kumaş çok kalın değil çok incede değir orta kalite diyelim buna.kalın kumaş kaliteli durur diye düşünüyorum fakat sert olur. ürün yumuşacık ve rahat başarılı buldum.umarım terçihinizde yardımcı olur.,5,Oversize Fit Bisiklet Yaka Baskılı Pamuklu Penye Tişört X8652AZ22HS,Defacto,boy kilom xs aldım ve tam oldu ürün kalitesi güzel kumaş çok kalın değil çok incede değir orta kalite diyelim bunakalın kumaş kaliteli durur diye düşünüyorum fakat sert olur ürün yumuşacık ve rahat başarılı buldumumarım terçihinizde yardımcı olur,Pozitif
güzel ama büyük küçük alin,5,Oversize Fit Bisiklet Yaka Baskılı Pamuklu Penye Tişört X8652AZ22HS,Defacto,güzel ama büyük küçük alin,Pozitif
Resimde göründüğü gibi geldi deseni kumaş yapısı çok güzel ben hediye almıştım aldığım arkadaşım da çok beğendi,5,Oversize Fit Bisiklet Yaka Baskılı Pamuklu Penye Tişört X8652AZ22HS,Defacto,resimde göründüğü gibi geldi deseni kumaş yapısı çok güzel ben hediye almıştım aldığım arkadaşım da çok beğendi,Pozitif
"Resimde göründüğü gibi geldi, kalitesi ve deseni gayet güzeldi, kargo sorunsuz ulaştı, sadece yıkayınca biraz çekmiş sanırım",5,Oversize Fit Bisiklet Yaka Baskılı Pamuklu Penye Tişört X8652AZ22HS,Defacto,resimde göründüğü gibi geldi kalitesi ve deseni gayet güzeldi kargo sorunsuz ulaştı sadece yıkayınca biraz çekmiş sanırım,Pozitif
ürün çok güzel bedeninize göre sipariş verin tam oluyo,5,Oversize Fit Bisiklet Yaka Baskılı Pamuklu Penye Tişört X8652AZ22HS,Defacto,ürün çok güzel bedeninize göre sipariş verin tam oluyo,Pozitif
muhtesem😍,5,Oversize Fit Bisiklet Yaka Sırtı Baskılı Kolsuz Pamuklu Penye Tişört V7879AZ21HS,Defacto,muhtesem,Pozitif
Çok beğendim,5,Oversize Fit Bisiklet Yaka Sırtı Baskılı Kolsuz Pamuklu Penye Tişört V7879AZ21HS,Defacto,çok beğendim,Pozitif
Hiç güzel değil arkadaşlar paraya yazık 😳,1,Oversize Fit Bisiklet Yaka Sırtı Baskılı Kolsuz Pamuklu Penye Tişört V7879AZ21HS,Defacto,hiç güzel değil arkadaşlar paraya yazık,Negatif
"Oğluma aldım, beğendi. Kol oyuntusu çok geniş, bilginiz olsun.",4,Oversize Fit Bisiklet Yaka Sırtı Baskılı Kolsuz Pamuklu Penye Tişört V7879AZ21HS,Defacto,oğluma aldım beğendi kol oyuntusu çok geniş bilginiz olsun,Pozitif
Ürün güzel fakat kol kısmı çok fazla açık o yüzden iade etmek zorunda kaldık,3,Oversize Fit Bisiklet Yaka Sırtı Baskılı Kolsuz Pamuklu Penye Tişört V7879AZ21HS,Defacto,ürün güzel fakat kol kısmı çok fazla açık o yüzden iade etmek zorunda kaldık,Nötr
kol kısmı çok geniş m giydigim halde s aldım 1 beden küçük alınabilir,3,Oversize Fit Bisiklet Yaka Sırtı Baskılı Kolsuz Pamuklu Penye Tişört V7879AZ21HS,Defacto,kol kısmı çok geniş m giydigim halde s aldım beden küçük alınabilir,Nötr
Çook büyük ama penyesi çok güzel,4,Oversize Fit Bisiklet Yaka Sırtı Baskılı Kolsuz Pamuklu Penye Tişört V7879AZ21HS,Defacto,çook büyük ama penyesi çok güzel,Pozitif
Gayet güzel tavsiye ederim,5,Oversize Fit Bisiklet Yaka Sırtı Baskılı Kolsuz Pamuklu Penye Tişört V7879AZ21HS,Defacto,gayet güzel tavsiye ederim,Pozitif
Bir kere giymede ağ kısmı pamuklandı.,3,Düz Renk Şort 1YAM41781LK,Koton,bir kere giymede ağ kısmı pamuklandı,Nötr
1 hafta oldu alalim pamuklanma başladı sakın almayın,2,Erkek Kiremit Polo Yaka Jakarlı Triko T-Shirt E005009,Avva,hafta oldu alalim pamuklanma başladı sakın almayın,Negatif
Beklediğim kalitede değil di. Kumaşı sayesinde imceydi ön kısmı dekoltesi çok açık.,1,Kısa Kollu Anvelop Bluz 0YAK68672PW,Koton,beklediğim kalitede değil di kumaşı sayesinde imceydi ön kısmı dekoltesi çok açık,Negatif
çok kaliteli,5,Erkek %100 Pamuk Beyaz Yandan Cepli Beli Lastikli Kordonlu Relaxed Fit Pantolon E003052,Avva,çok kaliteli,Pozitif
Avva ya kalite ve indirmeden de alırsanız daha ne olsun,5,Erkek %100 Pamuk Beyaz Yandan Cepli Beli Lastikli Kordonlu Relaxed Fit Pantolon E003052,Avva,avva ya kalite ve indirmeden de alırsanız daha ne olsun,Pozitif
"Çok güsel, 175 boy 74 kilo M beden çok rahat oldu",5,Erkek %100 Pamuk Beyaz Yandan Cepli Beli Lastikli Kordonlu Relaxed Fit Pantolon E003052,Avva,çok güsel boy kilo m beden çok rahat oldu,Pozitif
S beden tam oldu 177 fit vücut,5,Erkek %100 Pamuk Beyaz Yandan Cepli Beli Lastikli Kordonlu Relaxed Fit Pantolon E003052,Avva,s beden tam oldu fit vücut,Pozitif
"1.86BOY, 99KG XXL Bel tamam ama paça boyu fazla kısa geldi. KALITE GUZEL. TESEKKURLER.",5,Erkek %100 Pamuk Beyaz Yandan Cepli Beli Lastikli Kordonlu Relaxed Fit Pantolon E003052,Avva,boy kg xxl bel tamam ama paça boyu fazla kısa geldi kalite guzel tesekkurler,Pozitif
Kumaşı ve dikişi ince paçası geniş baldır kısmı aşırı dar,2,Erkek %100 Pamuk Beyaz Yandan Cepli Beli Lastikli Kordonlu Relaxed Fit Pantolon E003052,Avva,kumaşı ve dikişi ince paçası geniş baldır kısmı aşırı dar,Negatif
Çok ince kullanışlı,5,Erkek %100 Pamuk Beyaz Yandan Cepli Beli Lastikli Kordonlu Relaxed Fit Pantolon E003052,Avva,çok ince kullanışlı,Pozitif
Kumaşı kalındı,3,Erkek %100 Pamuk Beyaz Yandan Cepli Beli Lastikli Kordonlu Relaxed Fit Pantolon E003052,Avva,kumaşı kalındı,Nötr
ürün fotograftaki gibi değil cok ince ve kumasi çok rahatsiz edici rengi fotograftaki gibi canli degil beli bol bacaklar ince begenmedim,1,Erkek %100 Pamuk Beyaz Yandan Cepli Beli Lastikli Kordonlu Relaxed Fit Pantolon E003052,Avva,ürün fotograftaki gibi değil cok ince ve kumasi çok rahatsiz edici rengi fotograftaki gibi canli degil beli bol bacaklar ince begenmedim,Negatif
Kalite güzel fakat fotoğraflaki kalıpla alakası yok 2 puanı ordan kırdım boy1.70 kilo 75 fotoğraf ekliyorum m aldım dar geldi,3,Erkek %100 Pamuk Beyaz Yandan Cepli Beli Lastikli Kordonlu Relaxed Fit Pantolon E003052,Avva,kalite güzel fakat fotoğraflaki kalıpla alakası yok puanı ordan kırdım boy kilo fotoğraf ekliyorum m aldım dar geldi,Nötr
kalitesi güzel. pamuksu. 170 boy 79 kilo L beden tam oldu,5,Erkek Siyah Çizgili Gömlek 9KAP61159NW,Koton,kalitesi güzel pamuksu boy kilo l beden tam oldu,Pozitif
güzel 100%pamuk giyilir,5,Erkek Siyah Çizgili Gömlek 9KAP61159NW,Koton,güzel pamuk giyilir,Pozitif
muhteşem bir gömlek bayıldık eşime aldık pamuklu ve tam bir yaz gömleği.,5,Erkek Siyah Çizgili Gömlek 9KAP61159NW,Koton,muhteşem bir gömlek bayıldık eşime aldık pamuklu ve tam bir yaz gömleği,Pozitif
"Pamuklu ve güzel , bedeninizi alın",5,Kadın Beyaz - Pembe 3 Lü Slip 66229,US Polo Assn,pamuklu ve güzel bedeninizi alın,Pozitif
Tam beden alabilirsiniz pamuklu,5,Bisiklet Yaka Beyaz Basic Tişört Fitted / Vücuda Oturan Kesim 06605622,Mavi,tam beden alabilirsiniz pamuklu,Pozitif
Babalar gününde aldım. Kaliteli pamuklu,5,Baskılı Gri Tişört Slim Fit / Dar Kesim 8810556-70090,Mavi,babalar gününde aldım kaliteli pamuklu,Pozitif
her rengini çifter cifter kullaniyorum çok memnunum. eteği çan geliyor basen belli etmiyor güzel bir kedimi var. kumaşida penye pamuklu.,5,Basic Beli Bağcıklı Yazlık Kısa Kollu Mini Elbise T8057AZ22SM,Defacto,her rengini çifter cifter kullaniyorum çok memnunum eteği çan geliyor basen belli etmiyor güzel bir kedimi var kumaşida penye pamuklu,Pozitif
Çok kaliteli tam beden alabilirsiniz kumaşı harika AVVA Kalitesi,5,Erkek %100 Pamuk Siyah Bisiklet Yaka Baskılı T-shirt A21Y1150,Avva,çok kaliteli tam beden alabilirsiniz kumaşı harika avva kalitesi,Pozitif
Güzel ve rahat,4,Kadın Mavi Kemerli Pamuklu Kareli Şort 1YAK02532EW,Koton,güzel ve rahat,Pozitif
Tam oldu çok tatlı bi ürün.,5,Kadın Mavi Kemerli Pamuklu Kareli Şort 1YAK02532EW,Koton,tam oldu çok tatlı bi ürün,Pozitif
Çok güzel alın aldirin,5,Kadın Mavi Kemerli Pamuklu Kareli Şort 1YAK02532EW,Koton,çok güzel alın aldirin,Pozitif
Bəyənmədim.,2,Kadın Mavi Kemerli Pamuklu Kareli Şort 1YAK02532EW,Koton,bynmdim,Negatif
çok rahat kumaşı çok güzel,5,Kadın Mavi Kemerli Pamuklu Kareli Şort 1YAK02532EW,Koton,çok rahat kumaşı çok güzel,Pozitif
koton olmasa idi güvenip alamazdım . takım olarak aldım mükemmel oldu. 36-38 beden giyiyorum 36 aldım tam oldu. gömlek bol zaten ama şortta tam benden alın derim.,5,Kadın Mavi Kemerli Pamuklu Kareli Şort 1YAK02532EW,Koton,koton olmasa idi güvenip alamazdım takım olarak aldım mükemmel oldu beden giyiyorum aldım tam oldu gömlek bol zaten ama şortta tam benden alın derim,Pozitif
çok güzelll tam beden alinn,5,Kadın Mavi Kemerli Pamuklu Kareli Şort 1YAK02532EW,Koton,çok güzelll tam beden alinn,Pozitif
Güzel durmadı tam beden almak isteyenler kendi bedenini tercih edebilir,2,Kadın Mavi Kemerli Pamuklu Kareli Şort 1YAK02532EW,Koton,güzel durmadı tam beden almak isteyenler kendi bedenini tercih edebilir,Negatif
çok güzel bir şort duruşu çok iyi. tam beden. 168 boy. 58 kilo. 38 beden tam oldu. kotondaki fiyatının yarısına burda.,5,Kadın Mavi Kemerli Pamuklu Kareli Şort 1YAK02532EW,Koton,çok güzel bir şort duruşu çok iyi tam beden boy kilo beden tam oldu kotondaki fiyatının yarısına burda,Pozitif
ürün çok tarz ve şık her tarzda kombinlenir.56 kg 36.beden aldım güzel oldu,5,Kadın Mavi Kemerli Pamuklu Kareli Şort 1YAK02532EW,Koton,ürün çok tarz ve şık her tarzda kombinlenir kg beden aldım güzel oldu,Pozitif
güzel sanki ya bilemedim :),5,Kadın Mavi Kemerli Pamuklu Kareli Şort 1YAK02532EW,Koton,güzel sanki ya bilemedim,Pozitif
Çoook güzel bir şort!!,5,Kadın Mavi Kemerli Pamuklu Kareli Şort 1YAK02532EW,Koton,çoook güzel bir şort,Pozitif
İdare eder kargoyla uğraşmak zorunda kalmayım diye iade etmedim,3,Kadın Mavi Kemerli Pamuklu Kareli Şort 1YAK02532EW,Koton,idare eder kargoyla uğraşmak zorunda kalmayım diye iade etmedim,Nötr
Alt üstü olarak aldım aşırı güzel,5,Kadın Mavi Kemerli Pamuklu Kareli Şort 1YAK02532EW,Koton,alt üstü olarak aldım aşırı güzel,Pozitif
Beğendem kumaşını falan. Bende duruşu pek güzel olmadı o yüzden kardeşime vericem,5,Kadın Mavi Kemerli Pamuklu Kareli Şort 1YAK02532EW,Koton,beğendem kumaşını falan bende duruşu pek güzel olmadı o yüzden kardeşime vericem,Pozitif
"1,52 boy 49 kiloyum 34 beden çok iyi oldu",5,Kadın Mavi Kemerli Pamuklu Kareli Şort 1YAK02532EW,Koton,boy kiloyum beden çok iyi oldu,Pozitif
Tulum diye sipariş verdim şort geldi ve bence bedenınızı direk alın alacaksanız,1,Kadın Mavi Kemerli Pamuklu Kareli Şort 1YAK02532EW,Koton,tulum diye sipariş verdim şort geldi ve bence bedenınızı direk alın alacaksanız,Negatif
Kalıbı büyük,1,Kadın Mavi Kemerli Pamuklu Kareli Şort 1YAK02532EW,Koton,kalıbı büyük,Negatif
kalıbı çok dar,3,Kadın Mavi Kemerli Pamuklu Kareli Şort 1YAK02532EW,Koton,kalıbı çok dar,Nötr
"163 boy, 57 kilo 36 aldım tam oldu. normalde 38 giymeme rağmen kotonda 36 oluyor. ürün pamuklu gibi değil de baya likralı bir kumaş. 5 yıldız değil ama kötü de değil",3,Kadın Mavi Kemerli Pamuklu Kareli Şort 1YAK02532EW,Koton,boy kilo aldım tam oldu normalde giymeme rağmen kotonda oluyor ürün pamuklu gibi değil de baya likralı bir kumaş yıldız değil ama kötü de değil,Nötr
Tulum yazılmış şort gönderildi😔,1,Kadın Mavi Kemerli Pamuklu Kareli Şort 1YAK02532EW,Koton,tulum yazılmış şort gönderildi,Negatif
kumasi yumusak ama kucuk beden almayin,5,Kadın Mavi Kemerli Pamuklu Kareli Şort 1YAK02532EW,Koton,kumasi yumusak ama kucuk beden almayin,Pozitif
Kemerli tulum diye yazılmış ama sadece şort olarak geldi 36 beden olmasına rağmen aşırı aşırı büyük bir şort. Tulum yazmasına aldanmayın sadece şort göndermişler görseldeki yanıltmasın üzülerekten iade 👎🏼,1,Kadın Mavi Kemerli Pamuklu Kareli Şort 1YAK02532EW,Koton,kemerli tulum diye yazılmış ama sadece şort olarak geldi beden olmasına rağmen aşırı aşırı büyük bir şort tulum yazmasına aldanmayın sadece şort göndermişler görseldeki yanıltmasın üzülerekten iade,Negatif
ürün şort tulum değil. ona göre almanızı tavsiye ederim,1,Kadın Mavi Kemerli Pamuklu Kareli Şort 1YAK02532EW,Koton,ürün şort tulum değil ona göre almanızı tavsiye ederim,Negatif
Boyu herşeyi harika,5,Kadın Mavi Kemerli Pamuklu Kareli Şort 1YAK02532EW,Koton,boyu herşeyi harika,Pozitif
Tulum yazıp neden şort gönderiliyor!!! Ürün adını değiştirmelisiniz…,2,Kadın Mavi Kemerli Pamuklu Kareli Şort 1YAK02532EW,Koton,tulum yazıp neden şort gönderiliyor ürün adını değiştirmelisiniz,Negatif
Tulum yazıyor sort geliyor almayın,1,Kadın Mavi Kemerli Pamuklu Kareli Şort 1YAK02532EW,Koton,tulum yazıyor sort geliyor almayın,Negatif
ürün güzel ama iç belli ediyor,2,Kadın Mavi Kemerli Pamuklu Kareli Şort 1YAK02532EW,Koton,ürün güzel ama iç belli ediyor,Negatif
bir değil iki değil bu ürünü alan bütün müşterilerinize yanlış ürün gondermissiniz bu da ne kadar disiplinli ve düzgün çalıştığınızı gösteriyor Tebrikler,1,Kadın Mavi Kemerli Pamuklu Kareli Şort 1YAK02532EW,Koton,bir değil iki değil bu ürünü alan bütün müşterilerinize yanlış ürün gondermissiniz bu da ne kadar disiplinli ve düzgün çalıştığınızı gösteriyor tebrikler,Negatif
tulum yazıyor şort gonderiyosunuz,1,Kadın Mavi Kemerli Pamuklu Kareli Şort 1YAK02532EW,Koton,tulum yazıyor şort gonderiyosunuz,Negatif
Tam beden alabilirsiniz pamuklu,5,Bisiklet Yaka Beyaz Basic Tişört Fitted / Vücuda Oturan Kesim 06605622,Mavi,tam beden alabilirsiniz pamuklu,Pozitif
Babalar gününde aldım. Kaliteli pamuklu,5,Baskılı Gri Tişört Slim Fit / Dar Kesim 8810556-70090,Mavi,babalar gününde aldım kaliteli pamuklu,Pozitif
her rengini çifter cifter kullaniyorum çok memnunum. eteği çan geliyor basen belli etmiyor güzel bir kedimi var. kumaşida penye pamuklu.,5,Basic Beli Bağcıklı Yazlık Kısa Kollu Mini Elbise T8057AZ22SM,Defacto,her rengini çifter cifter kullaniyorum çok memnunum eteği çan geliyor basen belli etmiyor güzel bir kedimi var kumaşida penye pamuklu,Pozitif
Güzel ve rahat,4,Kadın Mavi Kemerli Pamuklu Kareli Şort 1YAK02532EW,Koton,güzel ve rahat,Pozitif
Tam oldu çok tatlı bi ürün.,5,Kadın Mavi Kemerli Pamuklu Kareli Şort 1YAK02532EW,Koton,tam oldu çok tatlı bi ürün,Pozitif
Çok güzel alın aldirin,5,Kadın Mavi Kemerli Pamuklu Kareli Şort 1YAK02532EW,Koton,çok güzel alın aldirin,Pozitif
Bəyənmədim.,2,Kadın Mavi Kemerli Pamuklu Kareli Şort 1YAK02532EW,Koton,bynmdim,Negatif
çok rahat kumaşı çok güzel,5,Kadın Mavi Kemerli Pamuklu Kareli Şort 1YAK02532EW,Koton,çok rahat kumaşı çok güzel,Pozitif
koton olmasa idi güvenip alamazdım . takım olarak aldım mükemmel oldu. 36-38 beden giyiyorum 36 aldım tam oldu. gömlek bol zaten ama şortta tam benden alın derim.,5,Kadın Mavi Kemerli Pamuklu Kareli Şort 1YAK02532EW,Koton,koton olmasa idi güvenip alamazdım takım olarak aldım mükemmel oldu beden giyiyorum aldım tam oldu gömlek bol zaten ama şortta tam benden alın derim,Pozitif
çok güzelll tam beden alinn,5,Kadın Mavi Kemerli Pamuklu Kareli Şort 1YAK02532EW,Koton,çok güzelll tam beden alinn,Pozitif
Güzel durmadı tam beden almak isteyenler kendi bedenini tercih edebilir,2,Kadın Mavi Kemerli Pamuklu Kareli Şort 1YAK02532EW,Koton,güzel durmadı tam beden almak isteyenler kendi bedenini tercih edebilir,Negatif
çok güzel bir şort duruşu çok iyi. tam beden. 168 boy. 58 kilo. 38 beden tam oldu. kotondaki fiyatının yarısına burda.,5,Kadın Mavi Kemerli Pamuklu Kareli Şort 1YAK02532EW,Koton,çok güzel bir şort duruşu çok iyi tam beden boy kilo beden tam oldu kotondaki fiyatının yarısına burda,Pozitif
ürün çok tarz ve şık her tarzda kombinlenir.56 kg 36.beden aldım güzel oldu,5,Kadın Mavi Kemerli Pamuklu Kareli Şort 1YAK02532EW,Koton,ürün çok tarz ve şık her tarzda kombinlenir kg beden aldım güzel oldu,Pozitif
güzel sanki ya bilemedim :),5,Kadın Mavi Kemerli Pamuklu Kareli Şort 1YAK02532EW,Koton,güzel sanki ya bilemedim,Pozitif
Çoook güzel bir şort!!,5,Kadın Mavi Kemerli Pamuklu Kareli Şort 1YAK02532EW,Koton,çoook güzel bir şort,Pozitif
İdare eder kargoyla uğraşmak zorunda kalmayım diye iade etmedim,3,Kadın Mavi Kemerli Pamuklu Kareli Şort 1YAK02532EW,Koton,idare eder kargoyla uğraşmak zorunda kalmayım diye iade etmedim,Nötr
Alt üstü olarak aldım aşırı güzel,5,Kadın Mavi Kemerli Pamuklu Kareli Şort 1YAK02532EW,Koton,alt üstü olarak aldım aşırı güzel,Pozitif
Beğendem kumaşını falan. Bende duruşu pek güzel olmadı o yüzden kardeşime vericem,5,Kadın Mavi Kemerli Pamuklu Kareli Şort 1YAK02532EW,Koton,beğendem kumaşını falan bende duruşu pek güzel olmadı o yüzden kardeşime vericem,Pozitif
"1,52 boy 49 kiloyum 34 beden çok iyi oldu",5,Kadın Mavi Kemerli Pamuklu Kareli Şort 1YAK02532EW,Koton,boy kiloyum beden çok iyi oldu,Pozitif
Tulum diye sipariş verdim şort geldi ve bence bedenınızı direk alın alacaksanız,1,Kadın Mavi Kemerli Pamuklu Kareli Şort 1YAK02532EW,Koton,tulum diye sipariş verdim şort geldi ve bence bedenınızı direk alın alacaksanız,Negatif
Kalıbı büyük,1,Kadın Mavi Kemerli Pamuklu Kareli Şort 1YAK02532EW,Koton,kalıbı büyük,Negatif
kalıbı çok dar,3,Kadın Mavi Kemerli Pamuklu Kareli Şort 1YAK02532EW,Koton,kalıbı çok dar,Nötr
"163 boy, 57 kilo 36 aldım tam oldu. normalde 38 giymeme rağmen kotonda 36 oluyor. ürün pamuklu gibi değil de baya likralı bir kumaş. 5 yıldız değil ama kötü de değil",3,Kadın Mavi Kemerli Pamuklu Kareli Şort 1YAK02532EW,Koton,boy kilo aldım tam oldu normalde giymeme rağmen kotonda oluyor ürün pamuklu gibi değil de baya likralı bir kumaş yıldız değil ama kötü de değil,Nötr
Tulum yazılmış şort gönderildi😔,1,Kadın Mavi Kemerli Pamuklu Kareli Şort 1YAK02532EW,Koton,tulum yazılmış şort gönderildi,Negatif
kumasi yumusak ama kucuk beden almayin,5,Kadın Mavi Kemerli Pamuklu Kareli Şort 1YAK02532EW,Koton,kumasi yumusak ama kucuk beden almayin,Pozitif
Kemerli tulum diye yazılmış ama sadece şort olarak geldi 36 beden olmasına rağmen aşırı aşırı büyük bir şort. Tulum yazmasına aldanmayın sadece şort göndermişler görseldeki yanıltmasın üzülerekten iade 👎🏼,1,Kadın Mavi Kemerli Pamuklu Kareli Şort 1YAK02532EW,Koton,kemerli tulum diye yazılmış ama sadece şort olarak geldi beden olmasına rağmen aşırı aşırı büyük bir şort tulum yazmasına aldanmayın sadece şort göndermişler görseldeki yanıltmasın üzülerekten iade,Negatif
ürün şort tulum değil. ona göre almanızı tavsiye ederim,1,Kadın Mavi Kemerli Pamuklu Kareli Şort 1YAK02532EW,Koton,ürün şort tulum değil ona göre almanızı tavsiye ederim,Negatif
Boyu herşeyi harika,5,Kadın Mavi Kemerli Pamuklu Kareli Şort 1YAK02532EW,Koton,boyu herşeyi harika,Pozitif
Tulum yazıp neden şort gönderiliyor!!! Ürün adını değiştirmelisiniz…,2,Kadın Mavi Kemerli Pamuklu Kareli Şort 1YAK02532EW,Koton,tulum yazıp neden şort gönderiliyor ürün adını değiştirmelisiniz,Negatif
Tulum yazıyor sort geliyor almayın,1,Kadın Mavi Kemerli Pamuklu Kareli Şort 1YAK02532EW,Koton,tulum yazıyor sort geliyor almayın,Negatif
ürün güzel ama iç belli ediyor,2,Kadın Mavi Kemerli Pamuklu Kareli Şort 1YAK02532EW,Koton,ürün güzel ama iç belli ediyor,Negatif
bir değil iki değil bu ürünü alan bütün müşterilerinize yanlış ürün gondermissiniz bu da ne kadar disiplinli ve düzgün çalıştığınızı gösteriyor Tebrikler,1,Kadın Mavi Kemerli Pamuklu Kareli Şort 1YAK02532EW,Koton,bir değil iki değil bu ürünü alan bütün müşterilerinize yanlış ürün gondermissiniz bu da ne kadar disiplinli ve düzgün çalıştığınızı gösteriyor tebrikler,Negatif
tulum yazıyor şort gonderiyosunuz,1,Kadın Mavi Kemerli Pamuklu Kareli Şort 1YAK02532EW,Koton,tulum yazıyor şort gonderiyosunuz,Negatif
Çok kaliteli tam beden alabilirsiniz kumaşı harika AVVA Kalitesi,5,Erkek %100 Pamuk Siyah Bisiklet Yaka Baskılı T-shirt A21Y1150,Avva,çok kaliteli tam beden alabilirsiniz kumaşı harika avva kalitesi,Pozitif
kaliteli bir ürun,4,Erkek %100 Pamuk Beyaz Polo Yaka Düz T-shirt A21Y1142,Avva,kaliteli bir ürun,Pozitif
Çok iyi ve kaliteli indirimli aldım,5,Erkek %100 Pamuk Beyaz Polo Yaka Düz T-shirt A21Y1142,Avva,çok iyi ve kaliteli indirimli aldım,Pozitif
Güzel bir ürün,4,Erkek %100 Pamuk Beyaz Polo Yaka Düz T-shirt A21Y1142,Avva,güzel bir ürün,Pozitif
Çok teşekkür,5,Erkek %100 Pamuk Beyaz Polo Yaka Düz T-shirt A21Y1142,Avva,çok teşekkür,Pozitif
güzel begendikk,5,Erkek %100 Pamuk Beyaz Polo Yaka Düz T-shirt A21Y1142,Avva,güzel begendikk,Pozitif
Bu markadan yillardir alisveris yapiyorum. Zaten kalitesini anlatmaya gerek yok. Pamuk orani 100/100 olmasi cok onemli. Durusu cok iyi fotolar ve gelen urun rengi uyusuyor. Tavsiye edilir. Cok da hizli kargolaniyor.,5,Erkek %100 Pamuk Beyaz Polo Yaka Düz T-shirt A21Y1142,Avva,bu markadan yillardir alisveris yapiyorum zaten kalitesini anlatmaya gerek yok pamuk orani olmasi cok onemli durusu cok iyi fotolar ve gelen urun rengi uyusuyor tavsiye edilir cok da hizli kargolaniyor,Pozitif
Avva kalitesi,5,Erkek %100 Pamuk Beyaz Polo Yaka Düz T-shirt A21Y1142,Avva,avva kalitesi,Pozitif
çok sık çok güzel. babama hediye almıştım. oda çok begendi,5,Erkek %100 Pamuk Beyaz Polo Yaka Düz T-shirt A21Y1142,Avva,çok sık çok güzel babama hediye almıştım oda çok begendi,Pozitif
avva farkı. çokça alıyoruz. beğenerek giyiyoruz..teşekkür ederim,5,Erkek %100 Pamuk Beyaz Polo Yaka Düz T-shirt A21Y1142,Avva,avva farkı çokça alıyoruz beğenerek giyiyoruzteşekkür ederim,Pozitif
Çok begendik.Görseldeki gibiydi.Kargo hızlıydı.,5,Erkek %100 Pamuk Beyaz Polo Yaka Düz T-shirt A21Y1142,Avva,çok begendikgörseldeki gibiydikargo hızlıydı,Pozitif
güzel 1 ürün,5,Erkek %100 Pamuk Beyaz Polo Yaka Düz T-shirt A21Y1142,Avva,güzel ürün,Pozitif
ürünü xl benden aldım hem boyu kısa hem de eni çok geniş çuval gibi duruyo,1,Erkek %100 Pamuk Beyaz Polo Yaka Düz T-shirt A21Y1142,Avva,ürünü xl benden aldım hem boyu kısa hem de eni çok geniş çuval gibi duruyo,Negatif
baya iyi fiyat falan iyi teslimatda iyi,5,Erkek %100 Pamuk Beyaz Polo Yaka Düz T-shirt A21Y1142,Avva,baya iyi fiyat falan iyi teslimatda iyi,Pozitif
"Tam kalıp, tam yazlık süper",5,Erkek %100 Pamuk Beyaz Polo Yaka Düz T-shirt A21Y1142,Avva,tam kalıp tam yazlık süper,Pozitif
çok şık ve kaliteli,5,Erkek %100 Pamuk Beyaz Polo Yaka Düz T-shirt A21Y1142,Avva,çok şık ve kaliteli,Pozitif
kumaşı çok kalitesi,5,Erkek %100 Pamuk Beyaz Polo Yaka Düz T-shirt A21Y1142,Avva,kumaşı çok kalitesi,Pozitif
Kumaşı kaliteli. Güzel bir ürün.,4,Erkek %100 Pamuk Beyaz Polo Yaka Düz T-shirt A21Y1142,Avva,kumaşı kaliteli güzel bir ürün,Pozitif
Ürün resimdekinden daha iyiydi,5,Erkek %100 Pamuk Beyaz Polo Yaka Düz T-shirt A21Y1142,Avva,ürün resimdekinden daha iyiydi,Pozitif
"çok güzel, siyah rengini de alacağım",5,Erkek %100 Pamuk Beyaz Polo Yaka Düz T-shirt A21Y1142,Avva,çok güzel siyah rengini de alacağım,Pozitif
Super ✅ 180 boy-80 kilo M beden tam oldu,5,Erkek %100 Pamuk Beyaz Polo Yaka Düz T-shirt A21Y1142,Avva,super boy kilo m beden tam oldu,Pozitif
biraz bol gibi,4,Erkek %100 Pamuk Beyaz Polo Yaka Düz T-shirt A21Y1142,Avva,biraz bol gibi,Pozitif
Çok begendik ama sanki kalıplar büyük,5,Erkek %100 Pamuk Beyaz Polo Yaka Düz T-shirt A21Y1142,Avva,çok begendik ama sanki kalıplar büyük,Pozitif
"kumaş kaliteli, şık duruyor kalıbı normal",5,Erkek %100 Pamuk Beyaz Polo Yaka Düz T-shirt A21Y1142,Avva,kumaş kaliteli şık duruyor kalıbı normal,Pozitif
Hediye olarak almistim beğenmişler tam kalıp,5,Erkek %100 Pamuk Beyaz Polo Yaka Düz T-shirt A21Y1142,Avva,hediye olarak almistim beğenmişler tam kalıp,Pozitif
"Görselde olduğu gibi, tam kalıp👍🏻👍🏻👍🏻",5,Erkek %100 Pamuk Beyaz Polo Yaka Düz T-shirt A21Y1142,Avva,görselde olduğu gibi tam kalıp,Pozitif
Diğer modellere göre kalıbı büyük geldi.,1,Erkek %100 Pamuk Beyaz Polo Yaka Düz T-shirt A21Y1142,Avva,diğer modellere göre kalıbı büyük geldi,Negatif
"Kalitesi modeli güzel ama iade etmek zorunda kaldım , çuval gibi oldu , bir beden küçüğünü alabilirim",3,Erkek %100 Pamuk Beyaz Polo Yaka Düz T-shirt A21Y1142,Avva,kalitesi modeli güzel ama iade etmek zorunda kaldım çuval gibi oldu bir beden küçüğünü alabilirim,Nötr
Kesimi biraz geniş boyu uzun biraz ama çok problem değil,5,Erkek %100 Pamuk Beyaz Polo Yaka Düz T-shirt A21Y1142,Avva,kesimi biraz geniş boyu uzun biraz ama çok problem değil,Pozitif
kumaş duruş çok güzel. bir beden küçük alınabilir kalıplar geniş,5,Erkek %100 Pamuk Beyaz Polo Yaka Düz T-shirt A21Y1142,Avva,kumaş duruş çok güzel bir beden küçük alınabilir kalıplar geniş,Pozitif
esim icin aldim. Avva kalitesi tartisilmaz zaten. Favori markamiz.,5,Erkek %100 Pamuk Beyaz Polo Yaka Düz T-shirt A21Y1142,Avva,esim icin aldim avva kalitesi tartisilmaz zaten favori markamiz,Pozitif
İndirimde aldık çok güzeldi,5,Erkek %100 Pamuk İndigo Düz Alttan Britli Yaka Regular Fit Uzun Kol Vual Gömlek E002206,Avva,indirimde aldık çok güzeldi,Pozitif
Yazlık ürün çok iyi,5,Erkek %100 Pamuk İndigo Düz Alttan Britli Yaka Regular Fit Uzun Kol Vual Gömlek E002206,Avva,yazlık ürün çok iyi,Pozitif
Muhteşem dokusu,5,Erkek %100 Pamuk İndigo Düz Alttan Britli Yaka Regular Fit Uzun Kol Vual Gömlek E002206,Avva,muhteşem dokusu,Pozitif
Begendim ve ikinciyi aldım,5,Erkek %100 Pamuk İndigo Düz Alttan Britli Yaka Regular Fit Uzun Kol Vual Gömlek E002206,Avva,begendim ve ikinciyi aldım,Pozitif
Gayet şık ve kaliteli,5,Erkek %100 Pamuk İndigo Düz Alttan Britli Yaka Regular Fit Uzun Kol Vual Gömlek E002206,Avva,gayet şık ve kaliteli,Pozitif
Güzel ürün,5,Erkek %100 Pamuk İndigo Düz Alttan Britli Yaka Regular Fit Uzun Kol Vual Gömlek E002206,Avva,güzel ürün,Pozitif
Ürünü abime aldım kumaşı dokusu güzel indirimi yakalayın ve kaçırmadan alın derim :),5,Erkek %100 Pamuk İndigo Düz Alttan Britli Yaka Regular Fit Uzun Kol Vual Gömlek E002206,Avva,ürünü abime aldım kumaşı dokusu güzel indirimi yakalayın ve kaçırmadan alın derim,Pozitif
nişanlım aldım çok beğendi,5,Erkek %100 Pamuk İndigo Düz Alttan Britli Yaka Regular Fit Uzun Kol Vual Gömlek E002206,Avva,nişanlım aldım çok beğendi,Pozitif
nişanlıma aldım çok beğendi,4,Erkek %100 Pamuk İndigo Düz Alttan Britli Yaka Regular Fit Uzun Kol Vual Gömlek E002206,Avva,nişanlıma aldım çok beğendi,Pozitif
çok şık ve kaliteli bir gömlek. Kesinlikle şiddetle tavsiyemdir. 194 boy 92 kiloya xl aldık,5,Erkek %100 Pamuk İndigo Düz Alttan Britli Yaka Regular Fit Uzun Kol Vual Gömlek E002206,Avva,çok şık ve kaliteli bir gömlek kesinlikle şiddetle tavsiyemdir boy kiloya xl aldık,Pozitif
"hediye aldım, güzel ürün",4,Erkek %100 Pamuk İndigo Düz Alttan Britli Yaka Regular Fit Uzun Kol Vual Gömlek E002206,Avva,hediye aldım güzel ürün,Pozitif
Ürün yazlık güzel .,5,Erkek %100 Pamuk İndigo Düz Alttan Britli Yaka Regular Fit Uzun Kol Vual Gömlek E002206,Avva,ürün yazlık güzel,Pozitif
Babacığıma babalar günü hediyesi aldım kumaşın kalitesi çok güzel mevsimlik bi gömlek ❤️‍🔥,5,Erkek %100 Pamuk İndigo Düz Alttan Britli Yaka Regular Fit Uzun Kol Vual Gömlek E002206,Avva,babacığıma babalar günü hediyesi aldım kumaşın kalitesi çok güzel mevsimlik bi gömlek,Pozitif
abime aldım çok beğendi,4,Erkek %100 Pamuk İndigo Düz Alttan Britli Yaka Regular Fit Uzun Kol Vual Gömlek E002206,Avva,abime aldım çok beğendi,Pozitif
Çok başarılı,5,Erkek %100 Pamuk İndigo Düz Alttan Britli Yaka Regular Fit Uzun Kol Vual Gömlek E002206,Avva,çok başarılı,Pozitif
👏👏👋👋👋👋👋👋👋 teşekkür ederim,5,Erkek %100 Pamuk İndigo Düz Alttan Britli Yaka Regular Fit Uzun Kol Vual Gömlek E002206,Avva,teşekkür ederim,Pozitif
Kalitenin adresi..,5,Erkek %100 Pamuk İndigo Düz Alttan Britli Yaka Regular Fit Uzun Kol Vual Gömlek E002206,Avva,kalitenin adresi,Pozitif
Kalitesi duruşu çok güzel hayran kaldık,5,Erkek %100 Pamuk İndigo Düz Alttan Britli Yaka Regular Fit Uzun Kol Vual Gömlek E002206,Avva,kalitesi duruşu çok güzel hayran kaldık,Pozitif
güzel bir ürün tavsiye ederim,4,Erkek %100 Pamuk İndigo Düz Alttan Britli Yaka Regular Fit Uzun Kol Vual Gömlek E002206,Avva,güzel bir ürün tavsiye ederim,Pozitif
Gayet kaliteliydi teşekkürler,5,Erkek %100 Pamuk İndigo Düz Alttan Britli Yaka Regular Fit Uzun Kol Vual Gömlek E002206,Avva,gayet kaliteliydi teşekkürler,Pozitif
guzel bir ürün,4,Erkek %100 Pamuk İndigo Düz Alttan Britli Yaka Regular Fit Uzun Kol Vual Gömlek E002206,Avva,guzel bir ürün,Pozitif
cok güzel avva kalitesi süphe duymadan alabilirsiniz,5,Erkek %100 Pamuk İndigo Düz Alttan Britli Yaka Regular Fit Uzun Kol Vual Gömlek E002206,Avva,cok güzel avva kalitesi süphe duymadan alabilirsiniz,Pozitif
teşekkürler güzel ve kaliteli bir ürün,5,Erkek %100 Pamuk İndigo Düz Alttan Britli Yaka Regular Fit Uzun Kol Vual Gömlek E002206,Avva,teşekkürler güzel ve kaliteli bir ürün,Pozitif
mükemmel geldi,5,Erkek %100 Pamuk İndigo Düz Alttan Britli Yaka Regular Fit Uzun Kol Vual Gömlek E002206,Avva,mükemmel geldi,Pozitif
Gayet güze,5,Erkek %100 Pamuk İndigo Düz Alttan Britli Yaka Regular Fit Uzun Kol Vual Gömlek E002206,Avva,gayet güze,Pozitif
çok beğendim.,5,Erkek %100 Pamuk İndigo Düz Alttan Britli Yaka Regular Fit Uzun Kol Vual Gömlek E002206,Avva,çok beğendim,Pozitif
gayet güzel düşünmeden alabilirsiniz,5,Erkek %100 Pamuk İndigo Düz Alttan Britli Yaka Regular Fit Uzun Kol Vual Gömlek E002206,Avva,gayet güzel düşünmeden alabilirsiniz,Pozitif
güzel başarılı,5,Erkek %100 Pamuk İndigo Düz Alttan Britli Yaka Regular Fit Uzun Kol Vual Gömlek E002206,Avva,güzel başarılı,Pozitif
Ürün kaliteli pamuk terletmez. beğendim,5,Erkek %100 Pamuk İndigo Düz Alttan Britli Yaka Regular Fit Uzun Kol Vual Gömlek E002206,Avva,ürün kaliteli pamuk terletmez beğendim,Pozitif
Damat bohçası İçin aldık beğendik,5,Erkek %100 Pamuk İndigo Düz Alttan Britli Yaka Regular Fit Uzun Kol Vual Gömlek E002206,Avva,damat bohçası için aldık beğendik,Pozitif
biraz dekoltesi var ama yine de sevdim,5,Kadın Uzun Kollu Volan Gömlek 0YAK66118IW,Koton,biraz dekoltesi var ama yine de sevdim,Pozitif
Dekoltesi çok derin o sebeple iade,2,Kadın Uzun Kollu Volan Gömlek 0YAK66118IW,Koton,dekoltesi çok derin o sebeple iade,Negatif
Kumaş olarak çok güzel beden olarak normalde L giyiyorum ancak 1beden büyük alamam gerekir boydanda biraz uzun,5,Slim Fit Kısa Kol Pamuk Keten Erkek Gömlek DR220063-700,Tudors,kumaş olarak çok güzel beden olarak normalde l giyiyorum ancak beden büyük alamam gerekir boydanda biraz uzun,Pozitif
Birçok rengini aldım çok kaliteli. Tam bedeninizi alabilirsiniz,5,Regular Fit Bisiklet Yaka Basic Kısa Kollu Pamuklu Penye Tişört M7666AZ21SP,Defacto,birçok rengini aldım çok kaliteli tam bedeninizi alabilirsiniz,Pozitif
tam bedeninizi alın beğendim çok güzel,5,Regular Fit Bisiklet Yaka Basic Kısa Kollu Pamuklu Penye Tişört M7666AZ21SP,Defacto,tam bedeninizi alın beğendim çok güzel,Pozitif
fiyatına göre güzel ürün... kendi bedeniniz küçük olabilir bir beden büyük almanızı tavsiye ederim,4,Regular Fit Bisiklet Yaka Basic Kısa Kollu Pamuklu Penye Tişört M7666AZ21SP,Defacto,fiyatına göre güzel ürün kendi bedeniniz küçük olabilir bir beden büyük almanızı tavsiye ederim,Pozitif
Ürün çok güzel tam beden alınabilir,5,Regular Fit Bisiklet Yaka Basic Kısa Kollu Pamuklu Penye Tişört M7666AZ21SP,Defacto,ürün çok güzel tam beden alınabilir,Pozitif
"güzel ,tam bedeni alınabilir",5,Regular Fit Bisiklet Yaka Basic Kısa Kollu Pamuklu Penye Tişört M7666AZ21SP,Defacto,güzel tam bedeni alınabilir,Pozitif
Çok iyi bi ürün sevgilime aldım çok beğendi,5,Regular Fit Bisiklet Yaka Basic Kısa Kollu Pamuklu Penye Tişört M7666AZ21SP,Defacto,çok iyi bi ürün sevgilime aldım çok beğendi,Pozitif
GÜZEL ÜRÜN...,5,Regular Fit Bisiklet Yaka Basic Kısa Kollu Pamuklu Penye Tişört M7666AZ21SP,Defacto,güzel ürün,Pozitif
çok iyi ürün,5,Regular Fit Bisiklet Yaka Basic Kısa Kollu Pamuklu Penye Tişört M7666AZ21SP,Defacto,çok iyi ürün,Pozitif
"güzel, eşime aldım severek kullanıyor",5,Regular Fit Bisiklet Yaka Basic Kısa Kollu Pamuklu Penye Tişört M7666AZ21SP,Defacto,güzel eşime aldım severek kullanıyor,Pozitif
güzel bir t-shirt,5,Regular Fit Bisiklet Yaka Basic Kısa Kollu Pamuklu Penye Tişört M7666AZ21SP,Defacto,güzel bir tshirt,Pozitif
gayet iyi geldi,5,Regular Fit Bisiklet Yaka Basic Kısa Kollu Pamuklu Penye Tişört M7666AZ21SP,Defacto,gayet iyi geldi,Pozitif
Beğendim 👍,5,Regular Fit Bisiklet Yaka Basic Kısa Kollu Pamuklu Penye Tişört M7666AZ21SP,Defacto,beğendim,Pozitif
Aşırı güzel kaliteli babam çok beğendi hiç çıkarmıyor,5,Regular Fit Bisiklet Yaka Basic Kısa Kollu Pamuklu Penye Tişört M7666AZ21SP,Defacto,aşırı güzel kaliteli babam çok beğendi hiç çıkarmıyor,Pozitif
çok kaliteli bir ürün,5,Regular Fit Bisiklet Yaka Basic Kısa Kollu Pamuklu Penye Tişört M7666AZ21SP,Defacto,çok kaliteli bir ürün,Pozitif
Yumuşacık çok güzel,5,Regular Fit Bisiklet Yaka Basic Kısa Kollu Pamuklu Penye Tişört M7666AZ21SP,Defacto,yumuşacık çok güzel,Pozitif
T shirtlerin renkleri göründügü gibi,5,Regular Fit Bisiklet Yaka Basic Kısa Kollu Pamuklu Penye Tişört M7666AZ21SP,Defacto,t shirtlerin renkleri göründügü gibi,Pozitif
Ürünü çok beğendik. Kargo sağlam ve hızlıydı,5,Regular Fit Bisiklet Yaka Basic Kısa Kollu Pamuklu Penye Tişört M7666AZ21SP,Defacto,ürünü çok beğendik kargo sağlam ve hızlıydı,Pozitif
Çok şık kaliteli,5,Regular Fit Bisiklet Yaka Basic Kısa Kollu Pamuklu Penye Tişört M7666AZ21SP,Defacto,çok şık kaliteli,Pozitif
Çok güzel,5,Regular Fit Bisiklet Yaka Basic Kısa Kollu Pamuklu Penye Tişört M7666AZ21SP,Defacto,çok güzel,Pozitif
"on numara beş yıldız, daha ne olsun",5,Regular Fit Bisiklet Yaka Basic Kısa Kollu Pamuklu Penye Tişört M7666AZ21SP,Defacto,on numara beş yıldız daha ne olsun,Pozitif
20₺ ken aldım dizde indirimden kaçırmayın &amp;lt;3,5,Regular Fit Bisiklet Yaka Basic Kısa Kollu Pamuklu Penye Tişört M7666AZ21SP,Defacto,ken aldım dizde indirimden kaçırmayın amplt,Pozitif
klasik basic,5,Regular Fit Bisiklet Yaka Basic Kısa Kollu Pamuklu Penye Tişört M7666AZ21SP,Defacto,klasik basic,Pozitif
1 beden küçük alınabilir kaliteli,5,Regular Fit Bisiklet Yaka Basic Kısa Kollu Pamuklu Penye Tişört M7666AZ21SP,Defacto,beden küçük alınabilir kaliteli,Pozitif
çok rahat regular kalıp bedeninizden 2 beden büyük alırsanız oversize durabilr renk seçenekleri çok iyi 6-7 ay oldu alalı hala sapa sağlam,5,Regular Fit Bisiklet Yaka Basic Kısa Kollu Pamuklu Penye Tişört M7666AZ21SP,Defacto,çok rahat regular kalıp bedeninizden beden büyük alırsanız oversize durabilr renk seçenekleri çok iyi ay oldu alalı hala sapa sağlam,Pozitif
"Babama aldım. 1.74 boy, 90 kilo. XL tam oldu",5,Regular Fit Bisiklet Yaka Basic Kısa Kollu Pamuklu Penye Tişört M7666AZ21SP,Defacto,babama aldım boy kilo xl tam oldu,Pozitif
Cok begendim kendime aldım salaş durdu,5,Regular Fit Bisiklet Yaka Basic Kısa Kollu Pamuklu Penye Tişört M7666AZ21SP,Defacto,cok begendim kendime aldım salaş durdu,Pozitif
Bu fiyata süper ürün,5,Regular Fit Bisiklet Yaka Basic Kısa Kollu Pamuklu Penye Tişört M7666AZ21SP,Defacto,bu fiyata süper ürün,Pozitif
Süper Renk mık,5,Regular Fit Bisiklet Yaka Basic Kısa Kollu Pamuklu Penye Tişört M7666AZ21SP,Defacto,süper renk mık,Pozitif
kardeşim için aldım çok güzel bir ürün kargo çok hızlı,5,Regular Fit Bisiklet Yaka Basic Kısa Kollu Pamuklu Penye Tişört M7666AZ21SP,Defacto,kardeşim için aldım çok güzel bir ürün kargo çok hızlı,Pozitif
Beğenerek kullanıyorum.,5,Regular Fit Bisiklet Yaka Basic Kısa Kollu Pamuklu Penye Tişört M7666AZ21SP,Defacto,beğenerek kullanıyorum,Pozitif
Bayıldımmm kumaşı harika yumuşacık ve çok rahat rengi görseldeki gibi ❤️,5,Loose Fit Gömlek Yaka Pamuklu Uzun Kollu Gömlek X9151AZ22SM,Defacto,bayıldımmm kumaşı harika yumuşacık ve çok rahat rengi görseldeki gibi,Pozitif
ay cok guzel gömlek tam kendi bedeninizu alin hafif bol oluyor kumasida keten gibi ama degil guzel bi kumasi var terletmez Bayildimmmmmm,5,Loose Fit Gömlek Yaka Pamuklu Uzun Kollu Gömlek X9151AZ22SM,Defacto,ay cok guzel gömlek tam kendi bedeninizu alin hafif bol oluyor kumasida keten gibi ama degil guzel bi kumasi var terletmez bayildimmmmmm,Pozitif
Küçük bir siyah leke vardı. Bu yüzden iade ettim. Birde kumaşı güzel değil bu paraya kesinlikle haketmiyor,2,Loose Fit Gömlek Yaka Pamuklu Uzun Kollu Gömlek X9151AZ22SM,Defacto,küçük bir siyah leke vardı bu yüzden iade ettim birde kumaşı güzel değil bu paraya kesinlikle haketmiyor,Negatif
Harikaydı pamuk gibi kumaşı efsane,5,Beyaz Basic Tişört Oversize / Geniş Kesim 1610317-70057,Mavi,harikaydı pamuk gibi kumaşı efsane,Pozitif
Kumaşı güzel terletmeyecek yapıda ama zamanla sünme yapacak penye gibide degil 170 boy 70 kiloya efil efil olsun diye large aldım. Bağlamalı ip askılar sayesinde dekolteyi istediğiniz gibi ayarlıyorsunuz. Renkleri çok canlı insallah yıkadıkçada canlı kalmaya devam eder.,5,Lola Plaj Elbisesi SBA22330,Suwen,kumaşı güzel terletmeyecek yapıda ama zamanla sünme yapacak penye gibide degil boy kiloya efil efil olsun diye large aldım bağlamalı ip askılar sayesinde dekolteyi istediğiniz gibi ayarlıyorsunuz renkleri çok canlı insallah yıkadıkçada canlı kalmaya devam eder,Pozitif
normalde s giyiyorum hatta bazen m bile ama bu ürünü xs aldım özellikle mavi yi bildiğim için.guzel ürün kesinlikle tamamen pamuk. kemerle baya havalı durabilir,5,Bree Lacivert Denim Elbise 130420-24353,Mavi,normalde s giyiyorum hatta bazen m bile ama bu ürünü xs aldım özellikle mavi yi bildiğim içinguzel ürün kesinlikle tamamen pamuk kemerle baya havalı durabilir,Pozitif
normalde s giyiyorum hatta bazen m bile ama bu ürünü xs aldım özellikle mavi yi bildiğim için.guzel ürün kesinlikle tamamen pamuk. kemerle baya havalı durabilir,5,Bree Lacivert Denim Elbise 130420-24353,Mavi,normalde s giyiyorum hatta bazen m bile ama bu ürünü xs aldım özellikle mavi yi bildiğim içinguzel ürün kesinlikle tamamen pamuk kemerle baya havalı durabilir,Pozitif
Çok beğendim çok güzel bir ürün iyiki almışım çok hoşş bayıldım içi pamuklu ☺️💗,5,Kadın Siyah Pantolon 0YAL48095IW,Koton,çok beğendim çok güzel bir ürün iyiki almışım çok hoşş bayıldım içi pamuklu,Pozitif
"ürün %100 pamuk yumuşak ve esnek . 173 boy 64 kg L beden aldim güzel oldu , baharlık güzel bir pijama takımı",5,Ruby Maskulen Pijama Takımı SH22545660B,Suwen,ürün pamuk yumuşak ve esnek boy kg l beden aldim güzel oldu baharlık güzel bir pijama takımı,Pozitif
gerçekten cok güzel indirimdeyken almiwdim cok güzel,5,Desenli Tisört Pamuklu 1YAL18217IK,Koton,gerçekten cok güzel indirimdeyken almiwdim cok güzel,Pozitif
indirime girince almıştım çok tatlı bir ürün,5,Desenli Tisört Pamuklu 1YAL18217IK,Koton,indirime girince almıştım çok tatlı bir ürün,Pozitif
Kumaşı kaliteli ve çok şirin duruyor.,5,Desenli Tisört Pamuklu 1YAL18217IK,Koton,kumaşı kaliteli ve çok şirin duruyor,Pozitif
cok sevdim urun harika tesekkur ederim,5,Desenli Tisört Pamuklu 1YAL18217IK,Koton,cok sevdim urun harika tesekkur ederim,Pozitif
Ben beğendim tam kalıp,5,Desenli Tisört Pamuklu 1YAL18217IK,Koton,ben beğendim tam kalıp,Pozitif
cok guzeldi sevdim,5,Desenli Tisört Pamuklu 1YAL18217IK,Koton,cok guzeldi sevdim,Pozitif
çoook tatlis🐼bence bi beden büyük alin daha rahat hareket edersiniz.,5,Desenli Tisört Pamuklu 1YAL18217IK,Koton,çoook tatlisbence bi beden büyük alin daha rahat hareket edersiniz,Pozitif
çok güzel kızım üstünden çıkarmıyor,5,Desenli Tisört Pamuklu 1YAL18217IK,Koton,çok güzel kızım üstünden çıkarmıyor,Pozitif
Oversize bir ürün olduğu için bir beden küçük almak tercih edilebilir.,5,Desenli Tisört Pamuklu 1YAL18217IK,Koton,oversize bir ürün olduğu için bir beden küçük almak tercih edilebilir,Pozitif
harika.tam beden alabilirsiniz.,4,Desenli Tisört Pamuklu 1YAL18217IK,Koton,harikatam beden alabilirsiniz,Pozitif
Siyah istedim beyaz rengini göndermişler.,2,Desenli Tisört Pamuklu 1YAL18217IK,Koton,siyah istedim beyaz rengini göndermişler,Negatif
çok güzel ama çok kısa beli iade ettim ben ama kumaşı deseni çok güzel,4,Desenli Tisört Pamuklu 1YAL18217IK,Koton,çok güzel ama çok kısa beli iade ettim ben ama kumaşı deseni çok güzel,Pozitif
tatlı bir tişört biraz çocuksu,4,Desenli Tisört Pamuklu 1YAL18217IK,Koton,tatlı bir tişört biraz çocuksu,Pozitif
Kalitesi çok güzel fiyatına göre harika indirimden aldim bayıldım babama hediye cok begendi 👍,5,Erkek %100 Pamuk Vizon Düz Alttan Britli Yaka Regular Fit Kısa Kol Vual Gömlek E002210,Avva,kalitesi çok güzel fiyatına göre harika indirimden aldim bayıldım babama hediye cok begendi,Pozitif
güzel yazlık,5,Erkek %100 Pamuk Vizon Düz Alttan Britli Yaka Regular Fit Kısa Kol Vual Gömlek E002210,Avva,güzel yazlık,Pozitif
Babama aldım. Cok yakıştı kurban olduğuma,5,Erkek %100 Pamuk Vizon Düz Alttan Britli Yaka Regular Fit Kısa Kol Vual Gömlek E002210,Avva,babama aldım cok yakıştı kurban olduğuma,Pozitif
Guzeldi babama aldim cok begendi,5,Erkek %100 Pamuk Vizon Düz Alttan Britli Yaka Regular Fit Kısa Kol Vual Gömlek E002210,Avva,guzeldi babama aldim cok begendi,Pozitif
90 tlye almistim avva markasi olarak gayet iyi bi fiyati keske hediye paketi de yapsalar,5,Erkek %100 Pamuk Vizon Düz Alttan Britli Yaka Regular Fit Kısa Kol Vual Gömlek E002210,Avva,tlye almistim avva markasi olarak gayet iyi bi fiyati keske hediye paketi de yapsalar,Pozitif
Babam icin almistim S beden tam oldu güzel ürün 100 tl iken indirimden kaptim🧡,5,Erkek %100 Pamuk Vizon Düz Alttan Britli Yaka Regular Fit Kısa Kol Vual Gömlek E002210,Avva,babam icin almistim s beden tam oldu güzel ürün tl iken indirimden kaptim,Pozitif
Babalar günü hediyesi olarak aldım babama çok beğendi güzel bir gömlek,5,Erkek %100 Pamuk Vizon Düz Alttan Britli Yaka Regular Fit Kısa Kol Vual Gömlek E002210,Avva,babalar günü hediyesi olarak aldım babama çok beğendi güzel bir gömlek,Pozitif
babalar gunu hediyesi olarak almistim cok uygun fiyatliydi kalitelii,5,Erkek %100 Pamuk Vizon Düz Alttan Britli Yaka Regular Fit Kısa Kol Vual Gömlek E002210,Avva,babalar gunu hediyesi olarak almistim cok uygun fiyatliydi kalitelii,Pozitif
Ürün çok güzel babama hediye ettim çok beğendi rengi de dokusu da çok güzel tam yazlık,5,Erkek %100 Pamuk Vizon Düz Alttan Britli Yaka Regular Fit Kısa Kol Vual Gömlek E002210,Avva,ürün çok güzel babama hediye ettim çok beğendi rengi de dokusu da çok güzel tam yazlık,Pozitif
gorseldekinden bir tık koyu ama yazlık güzel bı gomlek,4,Erkek %100 Pamuk Vizon Düz Alttan Britli Yaka Regular Fit Kısa Kol Vual Gömlek E002210,Avva,gorseldekinden bir tık koyu ama yazlık güzel bı gomlek,Pozitif
cok güzel guzel kargolanmisti,5,Erkek %100 Pamuk Vizon Düz Alttan Britli Yaka Regular Fit Kısa Kol Vual Gömlek E002210,Avva,cok güzel guzel kargolanmisti,Pozitif
Kumaşı kalitesi harika tam yazılık,5,Erkek %100 Pamuk Vizon Düz Alttan Britli Yaka Regular Fit Kısa Kol Vual Gömlek E002210,Avva,kumaşı kalitesi harika tam yazılık,Pozitif
kumaşı çok güzel,5,Erkek %100 Pamuk Vizon Düz Alttan Britli Yaka Regular Fit Kısa Kol Vual Gömlek E002210,Avva,kumaşı çok güzel,Pozitif
Harika babalar günü için aldım babam çok sevdii,5,Erkek %100 Pamuk Vizon Düz Alttan Britli Yaka Regular Fit Kısa Kol Vual Gömlek E002210,Avva,harika babalar günü için aldım babam çok sevdii,Pozitif
"gayet güzel, hediyeydi beğenildi.",5,Erkek %100 Pamuk Vizon Düz Alttan Britli Yaka Regular Fit Kısa Kol Vual Gömlek E002210,Avva,gayet güzel hediyeydi beğenildi,Pozitif
"Ürün güzel yazlık fotoda oldugu gibi fakat ütü tutmuyor, hemen kırısıyor. Cok dikkat eden varsa düsünebilir",4,Erkek %100 Pamuk Vizon Düz Alttan Britli Yaka Regular Fit Kısa Kol Vual Gömlek E002210,Avva,ürün güzel yazlık fotoda oldugu gibi fakat ütü tutmuyor hemen kırısıyor cok dikkat eden varsa düsünebilir,Pozitif
Çok iyi tam yazlık indirimdeyken aldım,5,Erkek %100 Pamuk Vizon Düz Alttan Britli Yaka Regular Fit Kısa Kol Vual Gömlek E002210,Avva,çok iyi tam yazlık indirimdeyken aldım,Pozitif
Babama aldık çok güzel çok beğendi,5,Erkek %100 Pamuk Vizon Düz Alttan Britli Yaka Regular Fit Kısa Kol Vual Gömlek E002210,Avva,babama aldık çok güzel çok beğendi,Pozitif
yumuşacık kumaş,5,Erkek %100 Pamuk Vizon Düz Alttan Britli Yaka Regular Fit Kısa Kol Vual Gömlek E002210,Avva,yumuşacık kumaş,Pozitif
Ürün çok çok güzel,5,Erkek %100 Pamuk Vizon Düz Alttan Britli Yaka Regular Fit Kısa Kol Vual Gömlek E002210,Avva,ürün çok çok güzel,Pozitif
Kaliteli ürün çok teşekkür ederim,5,Erkek %100 Pamuk Vizon Düz Alttan Britli Yaka Regular Fit Kısa Kol Vual Gömlek E002210,Avva,kaliteli ürün çok teşekkür ederim,Pozitif
güzel ürün çok beğendim tavsiye olunur,5,Erkek %100 Pamuk Vizon Düz Alttan Britli Yaka Regular Fit Kısa Kol Vual Gömlek E002210,Avva,güzel ürün çok beğendim tavsiye olunur,Pozitif
Ben beyendim teşekkür ederim güzel,5,Erkek %100 Pamuk Vizon Düz Alttan Britli Yaka Regular Fit Kısa Kol Vual Gömlek E002210,Avva,ben beyendim teşekkür ederim güzel,Pozitif
harika mikemmel,5,Erkek %100 Pamuk Vizon Düz Alttan Britli Yaka Regular Fit Kısa Kol Vual Gömlek E002210,Avva,harika mikemmel,Pozitif
güzel bir gömlek,4,Erkek %100 Pamuk Vizon Düz Alttan Britli Yaka Regular Fit Kısa Kol Vual Gömlek E002210,Avva,güzel bir gömlek,Pozitif
eşime hediye olarak Aldim çok begendi,5,Erkek %100 Pamuk Vizon Düz Alttan Britli Yaka Regular Fit Kısa Kol Vual Gömlek E002210,Avva,eşime hediye olarak aldim çok begendi,Pozitif
"Babalar Günü hediyesi olarak aldık, çok memnun kaldık. Babam çok sevdi, beğenerek giyiyor. Herkese bir Avva! :)",5,Erkek %100 Pamuk Vizon Düz Alttan Britli Yaka Regular Fit Kısa Kol Vual Gömlek E002210,Avva,babalar günü hediyesi olarak aldık çok memnun kaldık babam çok sevdi beğenerek giyiyor herkese bir avva,Pozitif
Ürün harika özellikle rengi harika tam yaz rengi,5,Erkek %100 Pamuk Vizon Düz Alttan Britli Yaka Regular Fit Kısa Kol Vual Gömlek E002210,Avva,ürün harika özellikle rengi harika tam yaz rengi,Pozitif
ürün güzel geldi beğendik ama kargo çok geç geldi yıldızları ondan kırdım,4,Erkek %100 Pamuk Vizon Düz Alttan Britli Yaka Regular Fit Kısa Kol Vual Gömlek E002210,Avva,ürün güzel geldi beğendik ama kargo çok geç geldi yıldızları ondan kırdım,Pozitif
harika bi gömlek yaz aylarına iyi gidio,5,Erkek %100 Pamuk Vizon Düz Alttan Britli Yaka Regular Fit Kısa Kol Vual Gömlek E002210,Avva,harika bi gömlek yaz aylarına iyi gidio,Pozitif
Aşık oldum gömleğe xs 108 tl ye aldım harika %100 pamuk yumuşacık kumaşı🌸,5,Oversize Fit Gömlek Yaka Uzun Kollu Poplin Uzun Kollu Tunik T5494AZ22SP,Defacto,aşık oldum gömleğe xs tl ye aldım harika pamuk yumuşacık kumaşı,Pozitif
Bayıldımmm kumaşı harika yumuşacık ve çok rahat rengi görseldeki gibi ❤️,5,Loose Fit Gömlek Yaka Pamuklu Uzun Kollu Gömlek X9151AZ22SM,Defacto,bayıldımmm kumaşı harika yumuşacık ve çok rahat rengi görseldeki gibi,Pozitif
ay cok guzel gömlek tam kendi bedeninizu alin hafif bol oluyor kumasida keten gibi ama degil guzel bi kumasi var terletmez Bayildimmmmmm,5,Loose Fit Gömlek Yaka Pamuklu Uzun Kollu Gömlek X9151AZ22SM,Defacto,ay cok guzel gömlek tam kendi bedeninizu alin hafif bol oluyor kumasida keten gibi ama degil guzel bi kumasi var terletmez bayildimmmmmm,Pozitif
Küçük bir siyah leke vardı. Bu yüzden iade ettim. Birde kumaşı güzel değil bu paraya kesinlikle haketmiyor,2,Loose Fit Gömlek Yaka Pamuklu Uzun Kollu Gömlek X9151AZ22SM,Defacto,küçük bir siyah leke vardı bu yüzden iade ettim birde kumaşı güzel değil bu paraya kesinlikle haketmiyor,Negatif
urun pamuk degil @100 cotton mavi ve lacirvert renkler digerlerine gore biraz kucuk,2,Kırmızı Erkek T-Shirt G081SZ011.000.1372776,US Polo Assn,urun pamuk degil cotton mavi ve lacirvert renkler digerlerine gore biraz kucuk,Negatif
harika bi tişört kumaşı zaten organik pamuk yumuşacık tereddüt etmeden alinn,5,Lovers Baskılı Yeşil Tişört Oversize / Geniş Kesim 1610104-71792,Mavi,harika bi tişört kumaşı zaten organik pamuk yumuşacık tereddüt etmeden alinn,Pozitif
Kaliteli tüm ürünleri,5,Coool Rick And Morty Lisanslı Oversize Fit Bisiklet Yaka Baskılı Pamuklu Penye Tişört X2120AZ22SM,Defacto,kaliteli tüm ürünleri,Pozitif
Duruşu çok güzel.,5,Regular Fit Bisiklet Yaka Kısa Kollu Pamuklu Tişört X1537AZ22SP,Defacto,duruşu çok güzel,Pozitif
Çok kırışıyor ama günlük kullanım için,3,Regular Fit Bisiklet Yaka Kısa Kollu Pamuklu Tişört X1537AZ22SP,Defacto,çok kırışıyor ama günlük kullanım için,Nötr
biraz büyük geldi kalıbı geniş gibi 2 yıldızı da pamuklu yazıyor bana pamukluymuş gibi gelmedi oradan kırdım,3,Regular Fit Bisiklet Yaka Kısa Kollu Pamuklu Tişört X1537AZ22SP,Defacto,biraz büyük geldi kalıbı geniş gibi yıldızı da pamuklu yazıyor bana pamukluymuş gibi gelmedi oradan kırdım,Nötr
Ürünün kumaşı iyi fiyat performans bence (:,5,Regular Fit Bisiklet Yaka Kısa Kollu Pamuklu Tişört X1537AZ22SP,Defacto,ürünün kumaşı iyi fiyat performans bence,Pozitif
Kumasi kesimi cok güzel rahatlikla alinabilir,5,Regular Fit Bisiklet Yaka Kısa Kollu Pamuklu Tişört X1537AZ22SP,Defacto,kumasi kesimi cok güzel rahatlikla alinabilir,Pozitif
çok güzel beğendim,5,Regular Fit Bisiklet Yaka Kısa Kollu Pamuklu Tişört X1537AZ22SP,Defacto,çok güzel beğendim,Pozitif
pamuklu bir kumaş rengi de güzel,5,Regular Fit Varak Baskılı Kısa Kollu Tişört X3597AZ22SM,Defacto,pamuklu bir kumaş rengi de güzel,Pozitif
biraz dekoltesi var ama yine de sevdim,5,Kadın Uzun Kollu Volan Gömlek 0YAK66118IW,Koton,biraz dekoltesi var ama yine de sevdim,Pozitif
Dekoltesi çok derin o sebeple iade,2,Kadın Uzun Kollu Volan Gömlek 0YAK66118IW,Koton,dekoltesi çok derin o sebeple iade,Negatif
Cok rahat kumaş güzel,5,%100 Pamuk Kapri Takım ECI16S7SP43,US Polo Assn,cok rahat kumaş güzel,Pozitif
Güzel bir ürün pamuklu beğendim,5,Lacivert Kadın Gömlek G082GL004.000.1458906,US Polo Assn,güzel bir ürün pamuklu beğendim,Pozitif
Nefes ürünlerine bayılıyordum..defacto ile işbirliği harika olmuş.bikini takımı ile beraber aldım plajda kaç kişi sordu bilmiyorum..bence harikalar bu fiyata 👌🏻,5,Nefes Istanbul X Regular Fit Baskılı Pamuklu Kimono X6381AZ22HS,Defacto,nefes ürünlerine bayılıyordumdefacto ile işbirliği harika olmuşbikini takımı ile beraber aldım plajda kaç kişi sordu bilmiyorumbence harikalar bu fiyata,Pozitif
Çok şık ve rahat. Renkler de harika.,4,Nefes Istanbul X Regular Fit Baskılı Pamuklu Kimono X6381AZ22HS,Defacto,çok şık ve rahat renkler de harika,Pozitif
Nefes İstanbul’un ürünlerine göre çok ucuz bir ürün bayıldım,4,Nefes Istanbul X Regular Fit Baskılı Pamuklu Kimono X6381AZ22HS,Defacto,nefes istanbulun ürünlerine göre çok ucuz bir ürün bayıldım,Pozitif
Kalıbı biraz bol ama şık,5,Nefes Istanbul X Regular Fit Baskılı Pamuklu Kimono X6381AZ22HS,Defacto,kalıbı biraz bol ama şık,Pozitif
S/m aldım aşırı büyük. Kolları cok uzun. Neden bu kadar özensiz kalıplar yapılıyor?,1,Nefes Istanbul X Regular Fit Baskılı Pamuklu Kimono X6381AZ22HS,Defacto,sm aldım aşırı büyük kolları cok uzun neden bu kadar özensiz kalıplar yapılıyor,Negatif
cok begendım,5,Nefes Istanbul X Regular Fit Baskılı Pamuklu Kimono X6381AZ22HS,Defacto,cok begendım,Pozitif
Tam beden alabilirsiniz güzel bir ürün,4,Basic Slim Fit V Yaka Pamuklu Penye Tişört M7668AZ21SP,Defacto,tam beden alabilirsiniz güzel bir ürün,Pozitif
iyi tam oldu,4,Basic Slim Fit V Yaka Pamuklu Penye Tişört M7668AZ21SP,Defacto,iyi tam oldu,Pozitif
Çok rahat güzel ürün,5,Basic Slim Fit V Yaka Pamuklu Penye Tişört M7668AZ21SP,Defacto,çok rahat güzel ürün,Pozitif
İyi geldi kalıbı büyük ama bi beden küçük alın,4,Basic Slim Fit V Yaka Pamuklu Penye Tişört M7668AZ21SP,Defacto,iyi geldi kalıbı büyük ama bi beden küçük alın,Pozitif
kalite renk güzel 108 kilo eşim xxl aldk,5,Basic Slim Fit V Yaka Pamuklu Penye Tişört M7668AZ21SP,Defacto,kalite renk güzel kilo eşim xxl aldk,Pozitif
eşim severek giyiyo begendik saolun,4,Basic Slim Fit V Yaka Pamuklu Penye Tişört M7668AZ21SP,Defacto,eşim severek giyiyo begendik saolun,Pozitif
tavsiye ediyorum çok guzel,5,Basic Slim Fit V Yaka Pamuklu Penye Tişört M7668AZ21SP,Defacto,tavsiye ediyorum çok guzel,Pozitif
Tam bedeninizi alın çok güzel,5,Basic Slim Fit V Yaka Pamuklu Penye Tişört M7668AZ21SP,Defacto,tam bedeninizi alın çok güzel,Pozitif
Sade güzel,5,Basic Slim Fit V Yaka Pamuklu Penye Tişört M7668AZ21SP,Defacto,sade güzel,Pozitif
güzel ürün,4,Basic Slim Fit V Yaka Pamuklu Penye Tişört M7668AZ21SP,Defacto,güzel ürün,Pozitif
ürün göründüğü gibi geldi fiyatı çok iyi rengine bayıldım eşime aldım çok beğendi,5,Basic Slim Fit V Yaka Pamuklu Penye Tişört M7668AZ21SP,Defacto,ürün göründüğü gibi geldi fiyatı çok iyi rengine bayıldım eşime aldım çok beğendi,Pozitif
Yumuşacık ve çok kaliteli ürün ayrıca hızlı kargo,5,Basic Slim Fit V Yaka Pamuklu Penye Tişört M7668AZ21SP,Defacto,yumuşacık ve çok kaliteli ürün ayrıca hızlı kargo,Pozitif
4 xxl gönderilmiş ben s sipariş vermiştim 😡niye dikkat edilmiyor anlayamıyorum 🤷‍♀️,1,Basic Slim Fit V Yaka Pamuklu Penye Tişört M7668AZ21SP,Defacto,xxl gönderilmiş ben s sipariş vermiştim niye dikkat edilmiyor anlayamıyorum,Negatif
ürünüm çom güzel geldi,5,Basic Slim Fit V Yaka Pamuklu Penye Tişört M7668AZ21SP,Defacto,ürünüm çom güzel geldi,Pozitif
cox beyendik. oz olchnuz neyse onu alin,5,Basic Slim Fit V Yaka Pamuklu Penye Tişört M7668AZ21SP,Defacto,cox beyendik oz olchnuz neyse onu alin,Pozitif
Ürün çok güzel babama aldım çok beğendi,5,Basic Slim Fit V Yaka Pamuklu Penye Tişört M7668AZ21SP,Defacto,ürün çok güzel babama aldım çok beğendi,Pozitif
güzel kumaşı da iyi,4,Basic Slim Fit V Yaka Pamuklu Penye Tişört M7668AZ21SP,Defacto,güzel kumaşı da iyi,Pozitif
eşime aldim çok memnunuz teşekkürler trendyol yine alicaz tam bedeninizi alin tavsiye ediyorum fiyatida uygun,5,Basic Slim Fit V Yaka Pamuklu Penye Tişört M7668AZ21SP,Defacto,eşime aldim çok memnunuz teşekkürler trendyol yine alicaz tam bedeninizi alin tavsiye ediyorum fiyatida uygun,Pozitif
Kardeşim severek kullanıyor,4,Basic Slim Fit V Yaka Pamuklu Penye Tişört M7668AZ21SP,Defacto,kardeşim severek kullanıyor,Pozitif
"kumaşı ,rengi herşey gayet iyi öneririm",5,Basic Slim Fit V Yaka Pamuklu Penye Tişört M7668AZ21SP,Defacto,kumaşı rengi herşey gayet iyi öneririm,Pozitif
"Babam için rengarenk aldık, çok sevdi, kalıpları güzel 👍🏻",5,Basic Slim Fit V Yaka Pamuklu Penye Tişört M7668AZ21SP,Defacto,babam için rengarenk aldık çok sevdi kalıpları güzel,Pozitif
Kumasi guzel bedeni tam beden,5,Basic Slim Fit V Yaka Pamuklu Penye Tişört M7668AZ21SP,Defacto,kumasi guzel bedeni tam beden,Pozitif
mükemmmellllll,5,Basic Slim Fit V Yaka Pamuklu Penye Tişört M7668AZ21SP,Defacto,mükemmmellllll,Pozitif
Ürün güzel bi numara küçük alın hızlı geldi kumaşıda iyi,5,Basic Slim Fit V Yaka Pamuklu Penye Tişört M7668AZ21SP,Defacto,ürün güzel bi numara küçük alın hızlı geldi kumaşıda iyi,Pozitif
hiç güzel değil kolları kasma yapıyor rahatsız edici,1,Basic Slim Fit V Yaka Pamuklu Penye Tişört M7668AZ21SP,Defacto,hiç güzel değil kolları kasma yapıyor rahatsız edici,Negatif
Ürün güzel,5,Basic Slim Fit V Yaka Pamuklu Penye Tişört M7668AZ21SP,Defacto,ürün güzel,Pozitif
Yumuşacık dokusu var tavsiye ederım,5,Basic Slim Fit V Yaka Pamuklu Penye Tişört M7668AZ21SP,Defacto,yumuşacık dokusu var tavsiye ederım,Pozitif
Rengi fotoğrafın aynısı. Kalıbı çok iyi. Kumaşı da gayet güzel.,5,Basic Slim Fit V Yaka Pamuklu Penye Tişört M7668AZ21SP,Defacto,rengi fotoğrafın aynısı kalıbı çok iyi kumaşı da gayet güzel,Pozitif
bedeni ideal sorunsuz?u,3,Basic Slim Fit V Yaka Pamuklu Penye Tişört M7668AZ21SP,Defacto,bedeni ideal sorunsuzu,Nötr
Güzel bir ürün,5,Basic Slim Fit V Yaka Pamuklu Penye Tişört M7668AZ21SP,Defacto,güzel bir ürün,Pozitif
Güzel rahat,5,Kadın Beyaz Pamuklu Şort 1YAK01104NK,Koton,güzel rahat,Pozitif
Son lx şortu ben aldım iyiki almışım bütün yaz giyerim,5,Kadın Beyaz Pamuklu Şort 1YAK01104NK,Koton,son lx şortu ben aldım iyiki almışım bütün yaz giyerim,Pozitif
"Çok şık bir şort, boyum 167 kilom 50 xs aldım ve boyu tam diz hizamda oldu. Hafif iç gösteriyor fakat doğru çamaşırla halloluyor",5,Kadın Beyaz Pamuklu Şort 1YAK01104NK,Koton,çok şık bir şort boyum kilom xs aldım ve boyu tam diz hizamda oldu hafif iç gösteriyor fakat doğru çamaşırla halloluyor,Pozitif
"Beğendim, severek giyiyorum",4,Kadın Beyaz Pamuklu Şort 1YAK01104NK,Koton,beğendim severek giyiyorum,Pozitif
efsane alin aldirin turunden )) tam yazlik kumas cok rahat ben rahat olsun diye m aldim . kucuk almayin sakin,5,Kadın Beyaz Pamuklu Şort 1YAK01104NK,Koton,efsane alin aldirin turunden tam yazlik kumas cok rahat ben rahat olsun diye m aldim kucuk almayin sakin,Pozitif
hizli teslimat malı güzel,5,Kadın Beyaz Pamuklu Şort 1YAK01104NK,Koton,hizli teslimat malı güzel,Pozitif
O kadar iç gösteriyor ki hevesle almıştım kursağımda kaldı,2,Kadın Beyaz Pamuklu Şort 1YAK01104NK,Koton,o kadar iç gösteriyor ki hevesle almıştım kursağımda kaldı,Negatif
harika bir ürün,5,Kadın Beyaz Pamuklu Şort 1YAK01104NK,Koton,harika bir ürün,Pozitif
İç gösteriyo biraz,3,Kadın Beyaz Pamuklu Şort 1YAK01104NK,Koton,iç gösteriyo biraz,Nötr
Bayıldımmm,5,Kadın Beyaz Pamuklu Şort 1YAK01104NK,Koton,bayıldımmm,Pozitif
"Xs-s arası giyorum, xs- daha iyi ola bilirmiş, S boldu durdu fazlasıyla. İç gösteriyor , kumaşı fazla ince, fotoğrafda tok durduğuna aldanmayın",3,Kadın Beyaz Pamuklu Şort 1YAK01104NK,Koton,xss arası giyorum xs daha iyi ola bilirmiş s boldu durdu fazlasıyla iç gösteriyor kumaşı fazla ince fotoğrafda tok durduğuna aldanmayın,Nötr
"5 yıldız veriyorum çünkü ürün kaliteli. iç gösteriyor yorumlarını okuduğumda tedirgin olmuştum ama yeri ince değil, normal. Bir beden küçük aldım, tam oldu",5,Kadın Beyaz Pamuklu Şort 1YAK01104NK,Koton,yıldız veriyorum çünkü ürün kaliteli iç gösteriyor yorumlarını okuduğumda tedirgin olmuştum ama yeri ince değil normal bir beden küçük aldım tam oldu,Pozitif
Kumaşı güzel çok ince değil ama beli çok uzun alırken dikkat etmemişim kestirmek zorunda kaldım,3,Kadın Beyaz Pamuklu Şort 1YAK01104NK,Koton,kumaşı güzel çok ince değil ama beli çok uzun alırken dikkat etmemişim kestirmek zorunda kaldım,Nötr
kalitesi çok kötü çok çok ince hiç fotoğraftaki gibi değil evde giyicem,3,Kadın Beyaz Pamuklu Şort 1YAK01104NK,Koton,kalitesi çok kötü çok çok ince hiç fotoğraftaki gibi değil evde giyicem,Nötr
bayıldım mutlaka aliniz takım yaptım başka bir ürün ile gayet şık oldu,5,Kadın Beyaz Pamuklu Şort 1YAK01104NK,Koton,bayıldım mutlaka aliniz takım yaptım başka bir ürün ile gayet şık oldu,Pozitif
Ürün kalın penye fakat iç gösteriyor bu yüzden takım yaptım paça kısmı dikişsiz.,4,Kadın Beyaz Pamuklu Şort 1YAK01104NK,Koton,ürün kalın penye fakat iç gösteriyor bu yüzden takım yaptım paça kısmı dikişsiz,Pozitif
Harika duruyo yaaaa ben takım yaptım,5,Kadın Beyaz Pamuklu Şort 1YAK01104NK,Koton,harika duruyo yaaaa ben takım yaptım,Pozitif
Bayıldım kızıma aldım 12 yaş s beden muhteşem oldu baya baya iyi duruyor.Cool 👌 bu stüyle alın muhakkak,5,Kadın Beyaz Pamuklu Şort 1YAK01104NK,Koton,bayıldım kızıma aldım yaş s beden muhteşem oldu baya baya iyi duruyorcool bu stüyle alın muhakkak,Pozitif
çok ince aşırı iç gösteriyo,1,Kadın Beyaz Pamuklu Şort 1YAK01104NK,Koton,çok ince aşırı iç gösteriyo,Negatif
"tam beden.modeli çok güzel.iç gösteriyor ama uzun tşörtle giyerim,sorun değil.",5,Kadın Beyaz Pamuklu Şort 1YAK01104NK,Koton,tam bedenmodeli çok güzeliç gösteriyor ama uzun tşörtle giyerimsorun değil,Pozitif
Cok ince kumaş içi belli ediyor,2,Kadın Beyaz Pamuklu Şort 1YAK01104NK,Koton,cok ince kumaş içi belli ediyor,Negatif
ürün güzel ama iç gösteriyor,4,Kadın Beyaz Pamuklu Şort 1YAK01104NK,Koton,ürün güzel ama iç gösteriyor,Pozitif
"Biraz iç gösteriyor, ama sorun değıl, çok rahat!",5,Kadın Beyaz Pamuklu Şort 1YAK01104NK,Koton,biraz iç gösteriyor ama sorun değıl çok rahat,Pozitif
"Kaliteli ve tarz. Bol dursun diye large aldım. Boyum 178, kilom 58. Altı dikişsiz ama ben terzide yaptırdım, daha güzel oldu",5,Kadın Beyaz Pamuklu Şort 1YAK01104NK,Koton,kaliteli ve tarz bol dursun diye large aldım boyum kilom altı dikişsiz ama ben terzide yaptırdım daha güzel oldu,Pozitif
çok güzel ama ağ kismi o kadar uzun ki şalvar gibi,3,Kadın Beyaz Pamuklu Şort 1YAK01104NK,Koton,çok güzel ama ağ kismi o kadar uzun ki şalvar gibi,Nötr
Bunu çok sevdim. herkese tavsiye ederim.,5,Kadın Beyaz Pamuklu Şort 1YAK01104NK,Koton,bunu çok sevdim herkese tavsiye ederim,Pozitif
Okadar geniş bir göğüs dekoltesi varki anlatamam,1,Kadın Ekru Elbise 1YAK82170UW,Koton,okadar geniş bir göğüs dekoltesi varki anlatamam,Negatif
Dekoltesi çok yoksa çok güzel bi elbise,5,Kadın Ekru Elbise 1YAK82170UW,Koton,dekoltesi çok yoksa çok güzel bi elbise,Pozitif
Güzel rengi,5,Erkek %100 Pamuk Mint Yeşil Bisiklet Yaka Düz T-Shirt E001000,Avva,güzel rengi,Pozitif
"Kendi bedenim olmasına rağmen bir tık büyük geldi ama sorun değil iade etmedim çok şık duruyor gömlek içinde, ama yatarken giyemezsiniz siyahı pamuklandı 😔",5,Fall In Love Dantelli Pedli Triangle Bralet R6569AZ21SP,Defacto,kendi bedenim olmasına rağmen bir tık büyük geldi ama sorun değil iade etmedim çok şık duruyor gömlek içinde ama yatarken giyemezsiniz siyahı pamuklandı,Pozitif
Çok güzel bir ürün. Kaliteli ve şık,5,Erkek %100 Pamuk Siyah Bisiklet Yaka Baskılı T-shirt A21Y1107,Avva,çok güzel bir ürün kaliteli ve şık,Pozitif
gayet yine kaliteli ve güzel tskler,5,Erkek %100 Pamuk Siyah Bisiklet Yaka Baskılı T-shirt A21Y1107,Avva,gayet yine kaliteli ve güzel tskler,Pozitif
kalitesine güvendiğim ve sürekli aldığım bir ürün teşekkürler,5,Erkek %100 Pamuk Siyah Bisiklet Yaka Baskılı T-shirt A21Y1107,Avva,kalitesine güvendiğim ve sürekli aldığım bir ürün teşekkürler,Pozitif
Çok iyi çok beğendik,5,Erkek %100 Pamuk Siyah Bisiklet Yaka Baskılı T-shirt A21Y1107,Avva,çok iyi çok beğendik,Pozitif
Cok begendim tavsiye ediyorum👍👍👍👍👍,5,Erkek %100 Pamuk Siyah Bisiklet Yaka Baskılı T-shirt A21Y1107,Avva,cok begendim tavsiye ediyorum,Pozitif
"tam beden 176 boy, 90 kq L beden uygun oldu guzel",5,Erkek %100 Pamuk Siyah Bisiklet Yaka Baskılı T-shirt A21Y1107,Avva,tam beden boy kq l beden uygun oldu guzel,Pozitif
esim cok begendi avvadan surekli alisveris yapiyorum tavsiye ederim,5,Erkek %100 Pamuk Siyah Bisiklet Yaka Baskılı T-shirt A21Y1107,Avva,esim cok begendi avvadan surekli alisveris yapiyorum tavsiye ederim,Pozitif
Burdan bu kadar para verdim df mağazasında 70₺ydi üşenmeyin gidin mağazadan alın devir ekonomi devri,1,Coool Loose Fit Bisiklet Yaka Kısa Kollu Tişört X2381AZ22SM,Defacto,burdan bu kadar para verdim df mağazasında ydi üşenmeyin gidin mağazadan alın devir ekonomi devri,Negatif
Bir kere giymede ağ kısmı pamuklandı.,3,Düz Renk Şort 1YAM41781LK,Koton,bir kere giymede ağ kısmı pamuklandı,Nötr
fazla salaş dekoltesi var,5,Kadın Bluz 0yal68076ıw402 0YAL68076IW,Koton,fazla salaş dekoltesi var,Pozitif
"mercan rengi, içine askılı giymek gerekir, dekoltesi derin.",4,Kadın Bluz 0yal68076ıw402 0YAL68076IW,Koton,mercan rengi içine askılı giymek gerekir dekoltesi derin,Pozitif
her dolapta mutlaka olması gerekir bayildim,5,Slim Fit Elastik Ip Askılı Pamuklu Atlet U7832AZ22SM,Defacto,her dolapta mutlaka olması gerekir bayildim,Pozitif
bir beden büyük alınabilir,5,Slim Fit Elastik Ip Askılı Pamuklu Atlet U7832AZ22SM,Defacto,bir beden büyük alınabilir,Pozitif
54 kiloyum L aldım güzel,5,Slim Fit Elastik Ip Askılı Pamuklu Atlet U7832AZ22SM,Defacto,kiloyum l aldım güzel,Pozitif
"Harika tam yazlık, kaliteli ürün",5,Slim Fit Elastik Ip Askılı Pamuklu Atlet U7832AZ22SM,Defacto,harika tam yazlık kaliteli ürün,Pozitif
Crobunda crobu. Rahat giyemeyecegimi düşünerek iade ettim.,2,Slim Fit Elastik Ip Askılı Pamuklu Atlet U7832AZ22SM,Defacto,crobunda crobu rahat giyemeyecegimi düşünerek iade ettim,Negatif
çok güzel ve şık bir parça,5,Slim Fit Elastik Ip Askılı Pamuklu Atlet U7832AZ22SM,Defacto,çok güzel ve şık bir parça,Pozitif
Ürün görseldeki gibi elinize alınca kısaymış gibi geliyor ama giyince görseldeki gibi oluyor güzel de bir atlet fiyatını da 70 TL yapmazsınıızzzz,5,Slim Fit Elastik Ip Askılı Pamuklu Atlet U7832AZ22SM,Defacto,ürün görseldeki gibi elinize alınca kısaymış gibi geliyor ama giyince görseldeki gibi oluyor güzel de bir atlet fiyatını da tl yapmazsınıızzzz,Pozitif
3 rengini aldım memnunum,3,Slim Fit Elastik Ip Askılı Pamuklu Atlet U7832AZ22SM,Defacto,rengini aldım memnunum,Nötr
bir karış çok dar iade,1,Slim Fit Elastik Ip Askılı Pamuklu Atlet U7832AZ22SM,Defacto,bir karış çok dar iade,Negatif
Biraz uzun crop değil,5,Slim Fit Elastik Ip Askılı Pamuklu Atlet U7832AZ22SM,Defacto,biraz uzun crop değil,Pozitif
Kumaşı çok güzel. XL aldım. 87 kiloyum. Güzel oldu. Tabi biraz kısa ama rahatsız etmedi.,5,Slim Fit Elastik Ip Askılı Pamuklu Atlet U7832AZ22SM,Defacto,kumaşı çok güzel xl aldım kiloyum güzel oldu tabi biraz kısa ama rahatsız etmedi,Pozitif
Diğer croplara göre daha kaliteli kumaşı,5,Slim Fit Elastik Ip Askılı Pamuklu Atlet U7832AZ22SM,Defacto,diğer croplara göre daha kaliteli kumaşı,Pozitif
M beden tam kalıp 58 kg için,5,Slim Fit Elastik Ip Askılı Pamuklu Atlet U7832AZ22SM,Defacto,m beden tam kalıp kg için,Pozitif
alırken bu kadar güzel olacağını tahmin etmemiştim.tam bir kombin tamamlayıcı parça çok estetik ve kaliteli duruyor omuzları ve göğüs bölgesini çok Cool gösteriyor,5,Slim Fit Elastik Ip Askılı Pamuklu Atlet U7832AZ22SM,Defacto,alırken bu kadar güzel olacağını tahmin etmemiştimtam bir kombin tamamlayıcı parça çok estetik ve kaliteli duruyor omuzları ve göğüs bölgesini çok cool gösteriyor,Pozitif
bpyu göründüğünden kısa,2,Slim Fit Elastik Ip Askılı Pamuklu Atlet U7832AZ22SM,Defacto,bpyu göründüğünden kısa,Negatif
Ürün kaliteli güzel ama çok crop be fotoğrafta o kadar durmuyo ama kısa baya boyu,4,Slim Fit Elastik Ip Askılı Pamuklu Atlet U7832AZ22SM,Defacto,ürün kaliteli güzel ama çok crop be fotoğrafta o kadar durmuyo ama kısa baya boyu,Pozitif
"Ürün güzel ancak biraz kısa, göz önünde bulundurarak sipariş vern",5,Slim Fit Elastik Ip Askılı Pamuklu Atlet U7832AZ22SM,Defacto,ürün güzel ancak biraz kısa göz önünde bulundurarak sipariş vern,Pozitif
L beden gogus altinda kaliyo. Pantolon ustune gore kisa,2,Slim Fit Elastik Ip Askılı Pamuklu Atlet U7832AZ22SM,Defacto,l beden gogus altinda kaliyo pantolon ustune gore kisa,Negatif
Bir beden büyük alın lastiği kopmuş geldi ondan dolayı iade ama kesinlikle her dolapta olmalı.beyazı da aldım,4,Slim Fit Elastik Ip Askılı Pamuklu Atlet U7832AZ22SM,Defacto,bir beden büyük alın lastiği kopmuş geldi ondan dolayı iade ama kesinlikle her dolapta olmalıbeyazı da aldım,Pozitif
ürün gerçekten çok güzel,5,Oversize Fit Bisiklet Yaka Baskılı Pamuklu Penye Tişört X8652AZ22HS,Defacto,ürün gerçekten çok güzel,Pozitif
mükemmel kaliteli,5,Oversize Fit Bisiklet Yaka Baskılı Pamuklu Penye Tişört X8652AZ22HS,Defacto,mükemmel kaliteli,Pozitif
Cok begendik 🥰,5,Oversize Fit Bisiklet Yaka Baskılı Pamuklu Penye Tişört X8652AZ22HS,Defacto,cok begendik,Pozitif
boy1.74 kilom:60 xs aldım ve tam oldu. ürün kalitesi güzel kumaş çok kalın değil çok incede değir orta kalite diyelim buna.kalın kumaş kaliteli durur diye düşünüyorum fakat sert olur. ürün yumuşacık ve rahat başarılı buldum.umarım terçihinizde yardımcı olur.,5,Oversize Fit Bisiklet Yaka Baskılı Pamuklu Penye Tişört X8652AZ22HS,Defacto,boy kilom xs aldım ve tam oldu ürün kalitesi güzel kumaş çok kalın değil çok incede değir orta kalite diyelim bunakalın kumaş kaliteli durur diye düşünüyorum fakat sert olur ürün yumuşacık ve rahat başarılı buldumumarım terçihinizde yardımcı olur,Pozitif
güzel ama büyük küçük alin,5,Oversize Fit Bisiklet Yaka Baskılı Pamuklu Penye Tişört X8652AZ22HS,Defacto,güzel ama büyük küçük alin,Pozitif
Resimde göründüğü gibi geldi deseni kumaş yapısı çok güzel ben hediye almıştım aldığım arkadaşım da çok beğendi,5,Oversize Fit Bisiklet Yaka Baskılı Pamuklu Penye Tişört X8652AZ22HS,Defacto,resimde göründüğü gibi geldi deseni kumaş yapısı çok güzel ben hediye almıştım aldığım arkadaşım da çok beğendi,Pozitif
"Resimde göründüğü gibi geldi, kalitesi ve deseni gayet güzeldi, kargo sorunsuz ulaştı, sadece yıkayınca biraz çekmiş sanırım",5,Oversize Fit Bisiklet Yaka Baskılı Pamuklu Penye Tişört X8652AZ22HS,Defacto,resimde göründüğü gibi geldi kalitesi ve deseni gayet güzeldi kargo sorunsuz ulaştı sadece yıkayınca biraz çekmiş sanırım,Pozitif
ürün çok güzel bedeninize göre sipariş verin tam oluyo,5,Oversize Fit Bisiklet Yaka Baskılı Pamuklu Penye Tişört X8652AZ22HS,Defacto,ürün çok güzel bedeninize göre sipariş verin tam oluyo,Pozitif
"Cok kaliteli, pamuklu, agir duruyor ve bedeninizi secmenizi oneririm. Bir beden küçük alın çok geniş",5,Omzu Açık Işlemeli Bluz 1YAK62988UW,Koton,cok kaliteli pamuklu agir duruyor ve bedeninizi secmenizi oneririm bir beden küçük alın çok geniş,Pozitif
Erken teslimat ve kaliteli orijinal ürün çok teşekkür ederim 🧿👏👏,5,%100 Pamuklu Baskılı Atlet Ve Şort Takım Pudra U16S6SP92,US Polo Assn,erken teslimat ve kaliteli orijinal ürün çok teşekkür ederim,Pozitif
Süper kaliteli pamuklu mevsimlik bi ürün sadece fazla bol.ben yorumlara bakarak aldım normalde L veya M giyiyorum üst bedende ama S aldım o bile salaş oldu.kalçayı kapatıyor ama tam altında kalıyor yani çok da uzun değil.,5,Stay Wild Baskılı Beyaz Sweatshirt 1610123-80194,Mavi,süper kaliteli pamuklu mevsimlik bi ürün sadece fazla bolben yorumlara bakarak aldım normalde l veya m giyiyorum üst bedende ama s aldım o bile salaş oldukalçayı kapatıyor ama tam altında kalıyor yani çok da uzun değil,Pozitif
Pamuk değil polyester ama çok güzel duruyor üste..,5,Kadın Siyah İspanyol Paça Dokuma Eşofman Altı S6641AZ20AU,Defacto,pamuk değil polyester ama çok güzel duruyor üste,Pozitif
Çok kaliteli tam beden alabilirsiniz kumaşı harika AVVA Kalitesi,5,Erkek %100 Pamuk Siyah Bisiklet Yaka Baskılı T-shirt A21Y1150,Avva,çok kaliteli tam beden alabilirsiniz kumaşı harika avva kalitesi,Pozitif
"yumuşacık bir takım, ara bedenseniz küçük olani tercih edin",5,Daisy Duck Lisanslı Pamuklu Pijama Takımı 2KLK79284MK,Koton,yumuşacık bir takım ara bedenseniz küçük olani tercih edin,Pozitif
Bu seriye bayıldım. Tam beden seçimi yapmalısınız 😍,5,Daisy Duck Lisanslı Pamuklu Pijama Takımı 2KLK79284MK,Koton,bu seriye bayıldım tam beden seçimi yapmalısınız,Pozitif
çok beğendim teşekkürler koton teşekkürler Trendyol,5,Daisy Duck Lisanslı Pamuklu Pijama Takımı 2KLK79284MK,Koton,çok beğendim teşekkürler koton teşekkürler trendyol,Pozitif
Çok güzel ve rahat bir pijama takimi..En sevdiğim oldu diyebilirim teşekkürler trendyol.,5,Daisy Duck Lisanslı Pamuklu Pijama Takımı 2KLK79284MK,Koton,çok güzel ve rahat bir pijama takimien sevdiğim oldu diyebilirim teşekkürler trendyol,Pozitif
"Ürün büyük geldi ,m bedenini sipariş ettim",5,Daisy Duck Lisanslı Pamuklu Pijama Takımı 2KLK79284MK,Koton,ürün büyük geldi m bedenini sipariş ettim,Pozitif
Kendime aldım üstünün kumaşını çok beğenmedim altı daha yumuşak ve kaliteli geldi,4,Daisy Duck Lisanslı Pamuklu Pijama Takımı 2KLK79284MK,Koton,kendime aldım üstünün kumaşını çok beğenmedim altı daha yumuşak ve kaliteli geldi,Pozitif
Güzel pijama,5,Daisy Duck Lisanslı Pamuklu Pijama Takımı 2KLK79284MK,Koton,güzel pijama,Pozitif
"harika, yumusacik",5,Daisy Duck Lisanslı Pamuklu Pijama Takımı 2KLK79284MK,Koton,harika yumusacik,Pozitif
Güzel güzel,5,Daisy Duck Lisanslı Pamuklu Pijama Takımı 2KLK79284MK,Koton,güzel güzel,Pozitif
çok guzel ve rahat kumasida çok guzel,5,Daisy Duck Lisanslı Pamuklu Pijama Takımı 2KLK79284MK,Koton,çok guzel ve rahat kumasida çok guzel,Pozitif
"kaliteli, guzel sadece çok büyük beden kendi bedeninizden bir beden küçük alın",5,Daisy Duck Lisanslı Pamuklu Pijama Takımı 2KLK79284MK,Koton,kaliteli guzel sadece çok büyük beden kendi bedeninizden bir beden küçük alın,Pozitif
İndirimden aldım kumaşı çok kaliteli beğendim sadece beden biraz büyük,5,Daisy Duck Lisanslı Pamuklu Pijama Takımı 2KLK79284MK,Koton,indirimden aldım kumaşı çok kaliteli beğendim sadece beden biraz büyük,Pozitif
ürün kumaşı herşeyi çok güzel ben beğendim indirimdeyken aldım (97) bu fiyata gayet güzel bir pijama takimi,5,Daisy Duck Lisanslı Pamuklu Pijama Takımı 2KLK79284MK,Koton,ürün kumaşı herşeyi çok güzel ben beğendim indirimdeyken aldım bu fiyata gayet güzel bir pijama takimi,Pozitif
Çok güzel bir ürün ve şık kumaşı çok kaliteli,5,Daisy Duck Lisanslı Pamuklu Pijama Takımı 2KLK79284MK,Koton,çok güzel bir ürün ve şık kumaşı çok kaliteli,Pozitif
çokkk kullanışlı,5,Daisy Duck Lisanslı Pamuklu Pijama Takımı 2KLK79284MK,Koton,çokkk kullanışlı,Pozitif
s aldım normalde her giydigim s bedendir bu takım çok büyük kesimi xl gibi saçma sapan,1,Daisy Duck Lisanslı Pamuklu Pijama Takımı 2KLK79284MK,Koton,s aldım normalde her giydigim s bedendir bu takım çok büyük kesimi xl gibi saçma sapan,Negatif
Tam fotograftaki gibi geldi,5,Daisy Duck Lisanslı Pamuklu Pijama Takımı 2KLK79284MK,Koton,tam fotograftaki gibi geldi,Pozitif
Beklediğim gibi,3,Daisy Duck Lisanslı Pamuklu Pijama Takımı 2KLK79284MK,Koton,beklediğim gibi,Nötr
Çok beğendim kumaşı yumuşacık kalıbı uygun,5,Daisy Duck Lisanslı Pamuklu Pijama Takımı 2KLK79284MK,Koton,çok beğendim kumaşı yumuşacık kalıbı uygun,Pozitif
kumaşı çok güzel yumuşacık bedeninizin bir büyüğünü almanızı öneririm,5,Daisy Duck Lisanslı Pamuklu Pijama Takımı 2KLK79284MK,Koton,kumaşı çok güzel yumuşacık bedeninizin bir büyüğünü almanızı öneririm,Pozitif
"büyük oldu bir az, amma güzel",4,Daisy Duck Lisanslı Pamuklu Pijama Takımı 2KLK79284MK,Koton,büyük oldu bir az amma güzel,Pozitif
Ürün güzel. Bir beden küçük alınabilir. Özellikle altı çok bol,4,Daisy Duck Lisanslı Pamuklu Pijama Takımı 2KLK79284MK,Koton,ürün güzel bir beden küçük alınabilir özellikle altı çok bol,Pozitif
güzel ürün,5,Daisy Duck Lisanslı Pamuklu Pijama Takımı 2KLK79284MK,Koton,güzel ürün,Pozitif
Çok kaliteli ve renkleri harika,5,Daisy Duck Lisanslı Pamuklu Pijama Takımı 2KLK79284MK,Koton,çok kaliteli ve renkleri harika,Pozitif
Materialı yaxşıdı.Amma 1bədən kiçik almaq lazımdı.,2,Daisy Duck Lisanslı Pamuklu Pijama Takımı 2KLK79284MK,Koton,materialı yaxşıdıamma bdn kiçik almaq lazımdı,Negatif
Kaliteli ve rahat bir pijama takımı tek sorunu belinin bol gelmesi (m beden aldım ve ustu tam oldu),5,Daisy Duck Lisanslı Pamuklu Pijama Takımı 2KLK79284MK,Koton,kaliteli ve rahat bir pijama takımı tek sorunu belinin bol gelmesi m beden aldım ve ustu tam oldu,Pozitif
büyük görünüyor ama giyince güzel oldu pijamayı geniş seviyorum zaten rahat memnun kaldım,4,Daisy Duck Lisanslı Pamuklu Pijama Takımı 2KLK79284MK,Koton,büyük görünüyor ama giyince güzel oldu pijamayı geniş seviyorum zaten rahat memnun kaldım,Pozitif
bayıldım harika,5,Daisy Duck Lisanslı Pamuklu Pijama Takımı 2KLK79284MK,Koton,bayıldım harika,Pozitif
Kumaşı yumuşacık yalnız bedenleri büyük bir beden küçük alabilirsiniz,5,Daisy Duck Lisanslı Pamuklu Pijama Takımı 2KLK79284MK,Koton,kumaşı yumuşacık yalnız bedenleri büyük bir beden küçük alabilirsiniz,Pozitif
"dokusu güzel yumuşak, baskısı kötü kalitesiz, ara mevsimde giyilir yazlık ya da kışlık değil",4,Daisy Duck Lisanslı Pamuklu Pijama Takımı 2KLK79284MK,Koton,dokusu güzel yumuşak baskısı kötü kalitesiz ara mevsimde giyilir yazlık ya da kışlık değil,Pozitif
kızıma aldım çok beğendik pamuklu renkleri guzel,5,Coool Oversize Fit Mistik Baskılı Kısa Kollu Tişört X0966AZ22SM,Defacto,kızıma aldım çok beğendik pamuklu renkleri guzel,Pozitif
kaliteli indirimde aldım tavsiye ederim,5,Erkek %100 Pamuk Aqua Polo Yaka Düz T-shirt E001004,Avva,kaliteli indirimde aldım tavsiye ederim,Pozitif
👍 güzel ürün AVVA kalitesi,5,Erkek %100 Pamuk Aqua Polo Yaka Düz T-shirt E001004,Avva,güzel ürün avva kalitesi,Pozitif
güzel di beğendim,4,Erkek %100 Pamuk Aqua Polo Yaka Düz T-shirt E001004,Avva,güzel di beğendim,Pozitif
çok kalıteli tesekkur ederim,5,Erkek %100 Pamuk Aqua Polo Yaka Düz T-shirt E001004,Avva,çok kalıteli tesekkur ederim,Pozitif
Teşekürler,5,Erkek %100 Pamuk Aqua Polo Yaka Düz T-shirt E001004,Avva,teşekürler,Pozitif
Gerçekten çok güzel,5,Erkek %100 Pamuk Aqua Polo Yaka Düz T-shirt E001004,Avva,gerçekten çok güzel,Pozitif
babam için almıştık çok hoşuna gitti severek giyiyor,5,Erkek %100 Pamuk Aqua Polo Yaka Düz T-shirt E001004,Avva,babam için almıştık çok hoşuna gitti severek giyiyor,Pozitif
Çok kaliteli ve güzel.Begendik,5,Erkek %100 Pamuk Aqua Polo Yaka Düz T-shirt E001004,Avva,çok kaliteli ve güzelbegendik,Pozitif
Çok iyimiş,5,Erkek %100 Pamuk Aqua Polo Yaka Düz T-shirt E001004,Avva,çok iyimiş,Pozitif
çok yumuşak çok güzel,5,Erkek %100 Pamuk Aqua Polo Yaka Düz T-shirt E001004,Avva,çok yumuşak çok güzel,Pozitif
👍mükemmel,5,Erkek %100 Pamuk Aqua Polo Yaka Düz T-shirt E001004,Avva,mükemmel,Pozitif
Aşırı derece de kaliteli,5,Erkek %100 Pamuk Aqua Polo Yaka Düz T-shirt E001004,Avva,aşırı derece de kaliteli,Pozitif
Tavsiye ederim,5,Erkek %100 Pamuk Aqua Polo Yaka Düz T-shirt E001004,Avva,tavsiye ederim,Pozitif
eşime aldım çok beğendi,5,Erkek %100 Pamuk Aqua Polo Yaka Düz T-shirt E001004,Avva,eşime aldım çok beğendi,Pozitif
Kalitesi düşük bir ürün,3,Erkek %100 Pamuk Aqua Polo Yaka Düz T-shirt E001004,Avva,kalitesi düşük bir ürün,Nötr
"çok güzel beğendim , erkek arkadaşımda beğendi",5,Erkek %100 Pamuk Aqua Polo Yaka Düz T-shirt E001004,Avva,çok güzel beğendim erkek arkadaşımda beğendi,Pozitif
Çok beğendim,5,Erkek %100 Pamuk Aqua Polo Yaka Düz T-shirt E001004,Avva,çok beğendim,Pozitif
Avva çok kaliteli ve güzel,5,Erkek %100 Pamuk Aqua Polo Yaka Düz T-shirt E001004,Avva,avva çok kaliteli ve güzel,Pozitif
Avva ürünlerini beğeniyorum çok güzel,5,Erkek %100 Pamuk Aqua Polo Yaka Düz T-shirt E001004,Avva,avva ürünlerini beğeniyorum çok güzel,Pozitif
güzel ve kaliteli urun,5,Erkek %100 Pamuk Aqua Polo Yaka Düz T-shirt E001004,Avva,güzel ve kaliteli urun,Pozitif
Teşekkürler,5,Erkek %100 Pamuk Aqua Polo Yaka Düz T-shirt E001004,Avva,teşekkürler,Pozitif
Kaliteli. Teşekkürler,5,Erkek %100 Pamuk Aqua Polo Yaka Düz T-shirt E001004,Avva,kaliteli teşekkürler,Pozitif
çok güzel bir ürün tavsiye ediyorum,5,Erkek %100 Pamuk Aqua Polo Yaka Düz T-shirt E001004,Avva,çok güzel bir ürün tavsiye ediyorum,Pozitif
"Çok beğendim , çok teşekkürler.",5,Erkek %100 Pamuk Aqua Polo Yaka Düz T-shirt E001004,Avva,çok beğendim çok teşekkürler,Pozitif
Avva kalitesi herzamanki gibi,5,Erkek %100 Pamuk Aqua Polo Yaka Düz T-shirt E001004,Avva,avva kalitesi herzamanki gibi,Pozitif
fena sayılmaz.,4,Erkek %100 Pamuk Aqua Polo Yaka Düz T-shirt E001004,Avva,fena sayılmaz,Pozitif
çok beğendik çok kaliteli bir ürün,5,Erkek %100 Pamuk Aqua Polo Yaka Düz T-shirt E001004,Avva,çok beğendik çok kaliteli bir ürün,Pozitif
Ürün çok güzel,5,Erkek %100 Pamuk Aqua Polo Yaka Düz T-shirt E001004,Avva,ürün çok güzel,Pozitif
Kaliteli bir ürün,5,Erkek %100 Pamuk Aqua Polo Yaka Düz T-shirt E001004,Avva,kaliteli bir ürün,Pozitif
Rengi çok tatlı. Penyesi yumuşak ve güzel. Kalıpları biraz bol sanırım. 83 kg için L beden aldım. Gayet iyi oldu,4,Erkek %100 Pamuk Aqua Polo Yaka Düz T-shirt E001004,Avva,rengi çok tatlı penyesi yumuşak ve güzel kalıpları biraz bol sanırım kg için l beden aldım gayet iyi oldu,Pozitif
2 yıldir almak istiyordum gelince hemen kaptım 😍 normalde 38/m beden giyiyorum ama xs aldım ve istedigim gibi oldu. hafif oversize ve boyu dizimin altinda ben tesettürlüyüm benim icin gayet iyi oldu. bu arada boyum 160. kuması mevsimlik yazın giyilmez bi tık kalın. bi de kırışan bir kumasa sahip ama sorun etmiyorum cunku pamuklu kumaslar kırısmaya musaittir. kırışmasın isteseydim polyester alırdim 🤪 neyse müq 👌🏻 bir trenç,5,Bej Trençkot Boyfriend 110703-70202,Mavi,yıldir almak istiyordum gelince hemen kaptım normalde m beden giyiyorum ama xs aldım ve istedigim gibi oldu hafif oversize ve boyu dizimin altinda ben tesettürlüyüm benim icin gayet iyi oldu bu arada boyum kuması mevsimlik yazın giyilmez bi tık kalın bi de kırışan bir kumasa sahip ama sorun etmiyorum cunku pamuklu kumaslar kırısmaya musaittir kırışmasın isteseydim polyester alırdim neyse müq bir trenç,Pozitif
1.87 boy 80 kilo L aldım güzel durdu. Kaliteli ürün.,5,Oversize Fit Bisiklet Yaka Pamuklu Penye Tişört V5913AZ22SM,Defacto,boy kilo l aldım güzel durdu kaliteli ürün,Pozitif
Çok güzel çok hoşumuza gitti,4,Oversize Fit Bisiklet Yaka Pamuklu Penye Tişört V5913AZ22SM,Defacto,çok güzel çok hoşumuza gitti,Pozitif
hizli geldi bi beden buyuk alirsaniz biraz buyuk olabilir,5,Oversize Fit Bisiklet Yaka Pamuklu Penye Tişört V5913AZ22SM,Defacto,hizli geldi bi beden buyuk alirsaniz biraz buyuk olabilir,Pozitif
Baskı çok kaliteli değil bi beden büyk alın kalıp küçük,3,Oversize Fit Bisiklet Yaka Pamuklu Penye Tişört V5913AZ22SM,Defacto,baskı çok kaliteli değil bi beden büyk alın kalıp küçük,Nötr
Baya güzel oversive,5,Oversize Fit Bisiklet Yaka Pamuklu Penye Tişört V5913AZ22SM,Defacto,baya güzel oversive,Pozitif
Fiyat performans,5,Oversize Fit Bisiklet Yaka Pamuklu Penye Tişört V5913AZ22SM,Defacto,fiyat performans,Pozitif
Kaliteli baskısı çok güzel tavsiye ederim,5,Oversize Fit Bisiklet Yaka Pamuklu Penye Tişört V5913AZ22SM,Defacto,kaliteli baskısı çok güzel tavsiye ederim,Pozitif
Baskısı hiç hoş durmuyo baskıya göre fiyatı pahalı,1,Oversize Fit Bisiklet Yaka Pamuklu Penye Tişört V5913AZ22SM,Defacto,baskısı hiç hoş durmuyo baskıya göre fiyatı pahalı,Negatif
baskısı çok kaliteli değil hafif soluk gibi duruyor yeri hafif plastik kumaş karışımı bişey oversize beden bi beden küçük alsanız iyi olur,2,Oversize Fit Bisiklet Yaka Pamuklu Penye Tişört V5913AZ22SM,Defacto,baskısı çok kaliteli değil hafif soluk gibi duruyor yeri hafif plastik kumaş karışımı bişey oversize beden bi beden küçük alsanız iyi olur,Negatif
İyi ama bir az ince,4,Oversize Fit Bisiklet Yaka Pamuklu Penye Tişört V5913AZ22SM,Defacto,iyi ama bir az ince,Pozitif
çok rahat güzel,5,Şerit Detaylı Şort Pamuklu 1YAL28503IK,Koton,çok rahat güzel,Pozitif
2 rengini de aldım kaliteli begendim,5,Şerit Detaylı Şort Pamuklu 1YAL28503IK,Koton,rengini de aldım kaliteli begendim,Pozitif
Ben indirimdeyken yakaladim göründügünden daha kaliteli💜,5,Şerit Detaylı Şort Pamuklu 1YAL28503IK,Koton,ben indirimdeyken yakaladim göründügünden daha kaliteli,Pozitif
Benim bedenim xs normalde 48 kiloyum S beden sipariş verdim. Biraz büyük geldi belli de oluyor ama yine de göndermedim çok tatlı bir rengi var,4,Şerit Detaylı Şort Pamuklu 1YAL28503IK,Koton,benim bedenim xs normalde kiloyum s beden sipariş verdim biraz büyük geldi belli de oluyor ama yine de göndermedim çok tatlı bir rengi var,Pozitif
Hediye olarak almıştım. Ürünün içi pamuklu dışı yumuşak ve göründüğü gibi fosforlu renkte geliyor tavsiye ederim.,4,Dry Academy 18 Dril Ls Top Midlayer 893624-361 Eşofman Üst,Nike,hediye olarak almıştım ürünün içi pamuklu dışı yumuşak ve göründüğü gibi fosforlu renkte geliyor tavsiye ederim,Pozitif
Hizli kargo tesekkurler,5,Nefes Istanbul X Regular Fit Desenli Organik Pamuklu Kimono X9170AZ22HS,Defacto,hizli kargo tesekkurler,Pozitif
"Ürün güzel ancak fiyatı uygun değil, ürüne göre fazla pahalı",4,Nefes Istanbul X Regular Fit Desenli Organik Pamuklu Kimono X9170AZ22HS,Defacto,ürün güzel ancak fiyatı uygun değil ürüne göre fazla pahalı,Pozitif
Güzel beğendim,5,Nefes Istanbul X Regular Fit Desenli Organik Pamuklu Kimono X9170AZ22HS,Defacto,güzel beğendim,Pozitif
Yumuşacık çok rahat brazilian olmasına rağmen sizi rahat etmiyor pamuklu olmasından kaynaklanıyor olabilir,5,3p Basic Koton Brazilian String ST0040602,Suwen,yumuşacık çok rahat brazilian olmasına rağmen sizi rahat etmiyor pamuklu olmasından kaynaklanıyor olabilir,Pozitif
Kullanışlı ve rahat bir pantolon tavsiye ederim.,5,Erkek %100 Pamuk Haki Yandan Cepli Beli Lastikli Kordonlu Relaxed Fit Pantolon E003052,Avva,kullanışlı ve rahat bir pantolon tavsiye ederim,Pozitif
Ürünler çok kaliteli ve çok uygun fiyatı. Kumaşları yumuşak görüntüleri çok güzel.,5,3 Lü Pamuklu Hipster Külot ST0045603863,Suwen,ürünler çok kaliteli ve çok uygun fiyatı kumaşları yumuşak görüntüleri çok güzel,Pozitif
Kalitesi iyi fakat küçük geldi,4,3 Lü Pamuklu Hipster Külot ST0045603863,Suwen,kalitesi iyi fakat küçük geldi,Pozitif
"Kaliteli , yumuşacık ve rahat 👍",5,3 Lü Pamuklu Hipster Külot ST0045603863,Suwen,kaliteli yumuşacık ve rahat,Pozitif
Harika yumuşak bir dokusu var bir beden büyük alın,5,3 Lü Pamuklu Hipster Külot ST0045603863,Suwen,harika yumuşak bir dokusu var bir beden büyük alın,Pozitif
Çok kaliteli yumuşak dokulu,5,3 Lü Pamuklu Hipster Külot ST0045603863,Suwen,çok kaliteli yumuşak dokulu,Pozitif
Kaliteli yumuşacık dokusu var özenle paketlenmişti,5,3 Lü Pamuklu Hipster Külot ST0045603863,Suwen,kaliteli yumuşacık dokusu var özenle paketlenmişti,Pozitif
Kesinlikle mükemmel L bedenim ve L aldım dokusu çok yumuşak,5,3 Lü Pamuklu Hipster Külot ST0045603863,Suwen,kesinlikle mükemmel l bedenim ve l aldım dokusu çok yumuşak,Pozitif
kumaşını ve kalıbını çok beğendim tavsiye ederim yumuşacık,5,3 Lü Pamuklu Hipster Külot ST0045603863,Suwen,kumaşını ve kalıbını çok beğendim tavsiye ederim yumuşacık,Pozitif
Kumaşı yumuşacık ve çok kaliteli,5,3 Lü Pamuklu Hipster Külot ST0045603863,Suwen,kumaşı yumuşacık ve çok kaliteli,Pozitif
"Tam bedeninizi alın, çok rahat ve yumuşacık, bedeni kalmamış, geldiği zaman bir paket daha alacağım",5,3 Lü Pamuklu Hipster Külot ST0045603863,Suwen,tam bedeninizi alın çok rahat ve yumuşacık bedeni kalmamış geldiği zaman bir paket daha alacağım,Pozitif
Çok rahat yumuşacık,5,3 Lü Pamuklu Hipster Külot ST0045603863,Suwen,çok rahat yumuşacık,Pozitif
çok güzel geldi yumuşacık kalite ortada,5,3 Lü Pamuklu Hipster Külot ST0045603863,Suwen,çok güzel geldi yumuşacık kalite ortada,Pozitif
ürünün kumaş kalitesi oldukça iyi,5,3 Lü Pamuklu Hipster Külot ST0045603863,Suwen,ürünün kumaş kalitesi oldukça iyi,Pozitif
"Ürün tam beden, kumaş kalitesi çok iyi.",4,3 Lü Pamuklu Hipster Külot ST0045603863,Suwen,ürün tam beden kumaş kalitesi çok iyi,Pozitif
Muhtesem kumasi dokusu cok kaliteli,5,3 Lü Pamuklu Hipster Külot ST0045603863,Suwen,muhtesem kumasi dokusu cok kaliteli,Pozitif
İndirimdeyken alma fırsatım oldu modeli çok güzel dokusu yumuşacık kaliteli. Yüksek bel olmuyor arada kalıyor.,5,3 Lü Pamuklu Hipster Külot ST0045603863,Suwen,indirimdeyken alma fırsatım oldu modeli çok güzel dokusu yumuşacık kaliteli yüksek bel olmuyor arada kalıyor,Pozitif
Belinde lastik var 1 beden büyük almama rağmen çok sıktı hiç beğenmedim duruşu da kötü 160 boy 58 kilo L beden,2,3 Lü Pamuklu Hipster Külot ST0045603863,Suwen,belinde lastik var beden büyük almama rağmen çok sıktı hiç beğenmedim duruşu da kötü boy kilo l beden,Negatif
Yumuşacık çok kaliteli,5,3 Lü Pamuklu Hipster Külot ST0045603863,Suwen,yumuşacık çok kaliteli,Pozitif
tam bedenizi alın rahat ve yumasak kalıbı var,5,3 Lü Pamuklu Hipster Külot ST0045603863,Suwen,tam bedenizi alın rahat ve yumasak kalıbı var,Pozitif
"İndirim döneminde oldukça uygun fiyata almıştım. kumaşı çok güzel, kaliteli ve rahat. Almayı düşünenler tam bedenlerini alabilirler.",5,3 Lü Pamuklu Hipster Külot ST0045603863,Suwen,indirim döneminde oldukça uygun fiyata almıştım kumaşı çok güzel kaliteli ve rahat almayı düşünenler tam bedenlerini alabilirler,Pozitif
kumaşı güzel,3,3 Lü Pamuklu Hipster Külot ST0045603863,Suwen,kumaşı güzel,Nötr
Çok rahat ve kaliteli.,5,3 Lü Pamuklu Hipster Külot ST0045603863,Suwen,çok rahat ve kaliteli,Pozitif
Kaliteli kumaş,5,3 Lü Pamuklu Hipster Külot ST0045603863,Suwen,kaliteli kumaş,Pozitif
Ben bir beden büyük aldım ve çok memnun kaldım. Çok rahatlar. Lastikleri bir tık sıkı ama öyle aşırı derecede etleri pörtletmiyor diğerleri gibi. Keşke kampanyadayken daha çok alsaydım çok çok beğendim.,4,3 Lü Pamuklu Hipster Külot ST0045603863,Suwen,ben bir beden büyük aldım ve çok memnun kaldım çok rahatlar lastikleri bir tık sıkı ama öyle aşırı derecede etleri pörtletmiyor diğerleri gibi keşke kampanyadayken daha çok alsaydım çok çok beğendim,Pozitif
Çok güzel yumuşacık,4,3 Lü Pamuklu Hipster Külot ST0045603863,Suwen,çok güzel yumuşacık,Pozitif
Ürüm yumuşak ve güzel 168cm boya 57 kiloyum s/m aldım,5,3 Lü Pamuklu Hipster Külot ST0045603863,Suwen,ürüm yumuşak ve güzel cm boya kiloyum sm aldım,Pozitif
yumuşacık çok kaliteli beğendim,5,3 Lü Pamuklu Hipster Külot ST0045603863,Suwen,yumuşacık çok kaliteli beğendim,Pozitif
yumuşacık çok rahat ve kullanışlı,5,3 Lü Pamuklu Hipster Külot ST0045603863,Suwen,yumuşacık çok rahat ve kullanışlı,Pozitif
Çok rahat kumaşı olan çok güzel çamaşırlar. 1.76 boy 61 kiloya L beden aldım yorumlara bakarak harika oldu.,5,3 Lü Pamuklu Hipster Külot ST0045603863,Suwen,çok rahat kumaşı olan çok güzel çamaşırlar boy kiloya l beden aldım yorumlara bakarak harika oldu,Pozitif
ürün bir beden büyük alınmalı onun dışında gayet güzel,4,3 Lü Pamuklu Hipster Külot ST0045603863,Suwen,ürün bir beden büyük alınmalı onun dışında gayet güzel,Pozitif
gayet güzel bir ürün rahat kesim,5,Coool Marvel Lisanslı Boxy Fit Bisiklet Yaka Baskılı Pamuklu Penye Tişört X2143AZ22SM,Defacto,gayet güzel bir ürün rahat kesim,Pozitif
Cok begendim. Resimdekinin aynisi,5,Coool Marvel Lisanslı Boxy Fit Bisiklet Yaka Baskılı Pamuklu Penye Tişört X2143AZ22SM,Defacto,cok begendim resimdekinin aynisi,Pozitif
Harika. Kaliba yalniz bir az bol,5,Coool Marvel Lisanslı Boxy Fit Bisiklet Yaka Baskılı Pamuklu Penye Tişört X2143AZ22SM,Defacto,harika kaliba yalniz bir az bol,Pozitif
Baskısı çok kalıteli kendi bedenime göre biraz bol,5,Coool Marvel Lisanslı Boxy Fit Bisiklet Yaka Baskılı Pamuklu Penye Tişört X2143AZ22SM,Defacto,baskısı çok kalıteli kendi bedenime göre biraz bol,Pozitif
Açıkcası ben beğendim malı güzel baskısı kaliteli fakat alacak olanlar için uyarı olsun diye yorum yapma gereği duydum bedeni bol kalıp 1.77 70kgyim M beden olur diye düşünmüştüm ama aşırı bol olduğu için kardeşime verdim kendime XS sipariş verdim XS in eni 52 boyu 72miş kendi t shirtlerinizi ölçerek sipariş verebilirsiniz. Bol seviyorsanız orası ayrı,5,Coool Marvel Lisanslı Boxy Fit Bisiklet Yaka Baskılı Pamuklu Penye Tişört X2143AZ22SM,Defacto,açıkcası ben beğendim malı güzel baskısı kaliteli fakat alacak olanlar için uyarı olsun diye yorum yapma gereği duydum bedeni bol kalıp kgyim m beden olur diye düşünmüştüm ama aşırı bol olduğu için kardeşime verdim kendime xs sipariş verdim xs in eni boyu miş kendi t shirtlerinizi ölçerek sipariş verebilirsiniz bol seviyorsanız orası ayrı,Pozitif
Tek kelimeyle harika bir thshirt. Kalitesi cok iyi,5,Coool Marvel Lisanslı Boxy Fit Bisiklet Yaka Baskılı Pamuklu Penye Tişört X2143AZ22SM,Defacto,tek kelimeyle harika bir thshirt kalitesi cok iyi,Pozitif
oğluma tatlis tatlis oldu penye kalitesi guzel,5,Coool Marvel Lisanslı Boxy Fit Bisiklet Yaka Baskılı Pamuklu Penye Tişört X2143AZ22SM,Defacto,oğluma tatlis tatlis oldu penye kalitesi guzel,Pozitif
indirimdryken almistim kaliteli ürün almak tereddutte klmsn,5,Erkek %100 Pamuk Siyah Polo Yaka Düz T-Shirt E001027,Avva,indirimdryken almistim kaliteli ürün almak tereddutte klmsn,Pozitif
"Eşime indirimde almıstım , severek kullanıyor",5,Erkek %100 Pamuk Siyah Polo Yaka Düz T-Shirt E001027,Avva,eşime indirimde almıstım severek kullanıyor,Pozitif
Gayet güzel kaliteli ürün.,5,Erkek %100 Pamuk Siyah Polo Yaka Düz T-Shirt E001027,Avva,gayet güzel kaliteli ürün,Pozitif
Beğendik çok güzel,5,Erkek %100 Pamuk Siyah Polo Yaka Düz T-Shirt E001027,Avva,beğendik çok güzel,Pozitif
Gayet kaliteli ve hoş,5,Erkek %100 Pamuk Siyah Polo Yaka Düz T-Shirt E001027,Avva,gayet kaliteli ve hoş,Pozitif
Tam oldu beğendik,5,Erkek %100 Pamuk Siyah Polo Yaka Düz T-Shirt E001027,Avva,tam oldu beğendik,Pozitif
Kocasına aldı beğendi,4,Erkek %100 Pamuk Siyah Polo Yaka Düz T-Shirt E001027,Avva,kocasına aldı beğendi,Pozitif
cok memnun kaldim alisverise devam ediyorum hala esime burdan aliyorum herseyi,5,Erkek %100 Pamuk Siyah Polo Yaka Düz T-Shirt E001027,Avva,cok memnun kaldim alisverise devam ediyorum hala esime burdan aliyorum herseyi,Pozitif
Güzel duruyor beğendim,5,Erkek %100 Pamuk Siyah Polo Yaka Düz T-Shirt E001027,Avva,güzel duruyor beğendim,Pozitif
kalitesi çok iyi.cok begendim,5,Erkek %100 Pamuk Siyah Polo Yaka Düz T-Shirt E001027,Avva,kalitesi çok iyicok begendim,Pozitif
cok güzel bir ürün tavsiye ederim,5,Erkek %100 Pamuk Siyah Polo Yaka Düz T-Shirt E001027,Avva,cok güzel bir ürün tavsiye ederim,Pozitif
cooooook iyii,5,Erkek %100 Pamuk Siyah Polo Yaka Düz T-Shirt E001027,Avva,cooooook iyii,Pozitif
Güzel kaliteli beğendim👍👍,5,Erkek %100 Pamuk Siyah Polo Yaka Düz T-Shirt E001027,Avva,güzel kaliteli beğendim,Pozitif
Çok kaliteli,5,Erkek %100 Pamuk Siyah Polo Yaka Düz T-Shirt E001027,Avva,çok kaliteli,Pozitif
gayet güzel,5,Erkek %100 Pamuk Siyah Polo Yaka Düz T-Shirt E001027,Avva,gayet güzel,Pozitif
Bayıldıkkkkkk kalite muhteşem,5,Erkek %100 Pamuk Siyah Polo Yaka Düz T-Shirt E001027,Avva,bayıldıkkkkkk kalite muhteşem,Pozitif
mükemmel bişey dokusu duruşu çok güzel 188 boy 88 kiloyum xl aldim salaş oldu L bedeni de yapışıyor ona göre seçiminizi yaparsınız .,5,Erkek %100 Pamuk Siyah Polo Yaka Düz T-Shirt E001027,Avva,mükemmel bişey dokusu duruşu çok güzel boy kiloyum xl aldim salaş oldu l bedeni de yapışıyor ona göre seçiminizi yaparsınız,Pozitif
ürün gerçekten güzel ve kaliteli,5,Erkek %100 Pamuk Siyah Polo Yaka Düz T-Shirt E001027,Avva,ürün gerçekten güzel ve kaliteli,Pozitif
Ürün çok kaliteli,5,Erkek %100 Pamuk Siyah Polo Yaka Düz T-Shirt E001027,Avva,ürün çok kaliteli,Pozitif
çok kaliteli,5,Erkek %100 Pamuk Siyah Polo Yaka Düz T-Shirt E001027,Avva,çok kaliteli,Pozitif
Eşime aldım muhteşem,5,Erkek %100 Pamuk Siyah Polo Yaka Düz T-Shirt E001027,Avva,eşime aldım muhteşem,Pozitif
Eşime aldım beğenerek giyiyor.,5,Erkek %100 Pamuk Siyah Polo Yaka Düz T-Shirt E001027,Avva,eşime aldım beğenerek giyiyor,Pozitif
"tam benden,kaliteli beğendim",5,Erkek %100 Pamuk Siyah Polo Yaka Düz T-Shirt E001027,Avva,tam bendenkaliteli beğendim,Pozitif
Nişan bohçası icin aldım güzel yorumlara dayanarak:),5,Erkek %100 Pamuk Siyah Polo Yaka Düz T-Shirt E001027,Avva,nişan bohçası icin aldım güzel yorumlara dayanarak,Pozitif
Kaliteli bir tişört rahatça alabilirsiniz Hediye aldım çok beğendiler,5,Erkek %100 Pamuk Siyah Polo Yaka Düz T-Shirt E001027,Avva,kaliteli bir tişört rahatça alabilirsiniz hediye aldım çok beğendiler,Pozitif
sorunsuz geldı,5,Erkek %100 Pamuk Siyah Polo Yaka Düz T-Shirt E001027,Avva,sorunsuz geldı,Pozitif
esime aldim tam oldu,5,Erkek %100 Pamuk Siyah Polo Yaka Düz T-Shirt E001027,Avva,esime aldim tam oldu,Pozitif
Gayet güzel kaliteli,5,Erkek %100 Pamuk Siyah Polo Yaka Düz T-Shirt E001027,Avva,gayet güzel kaliteli,Pozitif
çok güzel beğendim,5,Erkek %100 Pamuk Siyah Polo Yaka Düz T-Shirt E001027,Avva,çok güzel beğendim,Pozitif
Süper kaliteli,5,Erkek %100 Pamuk Siyah Polo Yaka Düz T-Shirt E001027,Avva,süper kaliteli,Pozitif
erkek reyononda kendime aldım harika kaliteside çok iyi dekolte sevmeyenler için ideal,5,V Yaka Siyah Basic Tişört Fitted / Vücuda Oturan Kesim 065586-900,Mavi,erkek reyononda kendime aldım harika kaliteside çok iyi dekolte sevmeyenler için ideal,Pozitif
"Çok kötü görsel ile alakası yok. Bol desen değil, dekolte desen hiç değil. Bence ürün hatalı üretim. İade ediyorum.",1,Kadın Yeşil Renkli Çiçek Desenli V Yaka Bluz 9YAK62091UW,Koton,çok kötü görsel ile alakası yok bol desen değil dekolte desen hiç değil bence ürün hatalı üretim iade ediyorum,Negatif
Esim severek kullaniyor kampanyadan almistik,5,Erkek %100 Pamuk Siyah V Yaka Düz T-Shirt E001001,Avva,esim severek kullaniyor kampanyadan almistik,Pozitif
Kampanyadan aldık kaliteli ürün.,5,Erkek %100 Pamuk Siyah V Yaka Düz T-Shirt E001001,Avva,kampanyadan aldık kaliteli ürün,Pozitif
5 al 4 öde kampanyası aldım kullandığım avva kalitesi bulamadım iade etmek için kargo ya bile gitmek istemedim para boşa gitti,1,Erkek %100 Pamuk Siyah V Yaka Düz T-Shirt E001001,Avva,al öde kampanyası aldım kullandığım avva kalitesi bulamadım iade etmek için kargo ya bile gitmek istemedim para boşa gitti,Negatif
Kampanyadayken aldım uygun ve güzel,5,Erkek %100 Pamuk Siyah V Yaka Düz T-Shirt E001001,Avva,kampanyadayken aldım uygun ve güzel,Pozitif
süper indirimde aldim,5,Erkek %100 Pamuk Siyah V Yaka Düz T-Shirt E001001,Avva,süper indirimde aldim,Pozitif
Güzel bi t-shirt,5,Erkek %100 Pamuk Siyah V Yaka Düz T-Shirt E001001,Avva,güzel bi tshirt,Pozitif
"Oğluma aldım gayet rahat, hızlı teslimat teşekkürler",5,Erkek %100 Pamuk Siyah V Yaka Düz T-Shirt E001001,Avva,oğluma aldım gayet rahat hızlı teslimat teşekkürler,Pozitif
Kaliteli ürün,5,Erkek %100 Pamuk Siyah V Yaka Düz T-Shirt E001001,Avva,kaliteli ürün,Pozitif
kaliteli urun,5,Erkek %100 Pamuk Siyah V Yaka Düz T-Shirt E001001,Avva,kaliteli urun,Pozitif
çok kalitesiz ürün,5,Erkek %100 Pamuk Siyah V Yaka Düz T-Shirt E001001,Avva,çok kalitesiz ürün,Pozitif
rahat bi urun.,5,Erkek %100 Pamuk Siyah V Yaka Düz T-Shirt E001001,Avva,rahat bi urun,Pozitif
çok guzel urun,5,Erkek %100 Pamuk Siyah V Yaka Düz T-Shirt E001001,Avva,çok guzel urun,Pozitif
Kaliteli ürün,5,Erkek %100 Pamuk Siyah V Yaka Düz T-Shirt E001001,Avva,kaliteli ürün,Pozitif
Yumuşak kaliteli bir ürün tavsiye ederim.,5,Erkek %100 Pamuk Siyah V Yaka Düz T-Shirt E001001,Avva,yumuşak kaliteli bir ürün tavsiye ederim,Pozitif
güzel rahat ve kaliteli duruyor,5,Erkek %100 Pamuk Siyah V Yaka Düz T-Shirt E001001,Avva,güzel rahat ve kaliteli duruyor,Pozitif
Yumuşak ürün,5,Erkek %100 Pamuk Siyah V Yaka Düz T-Shirt E001001,Avva,yumuşak ürün,Pozitif
her zaman giyinecek bı marka,5,Erkek %100 Pamuk Siyah V Yaka Düz T-Shirt E001001,Avva,her zaman giyinecek bı marka,Pozitif
Güzel alınabilir.,5,Erkek %100 Pamuk Siyah V Yaka Düz T-Shirt E001001,Avva,güzel alınabilir,Pozitif
Hiç beğenmedim. Tavsiye etmiyorum,1,Erkek %100 Pamuk Siyah V Yaka Düz T-Shirt E001001,Avva,hiç beğenmedim tavsiye etmiyorum,Negatif
çok başarılı,5,Erkek %100 Pamuk Siyah V Yaka Düz T-Shirt E001001,Avva,çok başarılı,Pozitif
mükemmel 👍,5,Erkek %100 Pamuk Siyah V Yaka Düz T-Shirt E001001,Avva,mükemmel,Pozitif
güzel bir ürün babam seviyor,5,Erkek %100 Pamuk Siyah V Yaka Düz T-Shirt E001001,Avva,güzel bir ürün babam seviyor,Pozitif
Ürün kalitesi çok zayıf,1,Erkek %100 Pamuk Siyah V Yaka Düz T-Shirt E001001,Avva,ürün kalitesi çok zayıf,Negatif
Eşime aldım çok güzel,5,Erkek %100 Pamuk Siyah V Yaka Düz T-Shirt E001001,Avva,eşime aldım çok güzel,Pozitif
Yumuşak doku ve rahatlık..,5,Erkek %100 Pamuk Siyah V Yaka Düz T-Shirt E001001,Avva,yumuşak doku ve rahatlık,Pozitif
👏👏👏AVVA 👏👏👏,5,Erkek %100 Pamuk Siyah V Yaka Düz T-Shirt E001001,Avva,avva,Pozitif
👍 güzel zamnında geldi ürün de iyi,5,Erkek %100 Pamuk Siyah V Yaka Düz T-Shirt E001001,Avva,güzel zamnında geldi ürün de iyi,Pozitif
esime aldim begendi tskler,5,Erkek %100 Pamuk Siyah V Yaka Düz T-Shirt E001001,Avva,esime aldim begendi tskler,Pozitif
Hoş fena değil,3,Erkek %100 Pamuk Siyah V Yaka Düz T-Shirt E001001,Avva,hoş fena değil,Nötr
Kaliteli ürün,5,Erkek %100 Pamuk Siyah V Yaka Düz T-Shirt E001001,Avva,kaliteli ürün,Pozitif
"tam bir vampir gömleği, pamuklu ve çok güzel.",5,Kadın Volan Detayli Poplin Bluz 0YAK68729PW,Koton,tam bir vampir gömleği pamuklu ve çok güzel,Pozitif
ürün çok güzel ama kumaşı pamuklu değil viskon gibi,5,Kadın Ekru Çizgi Detaylı Kazak 9KAK13185EK,Koton,ürün çok güzel ama kumaşı pamuklu değil viskon gibi,Pozitif
"genis kesim, pamuk rahat bir tisort. 72 kiloyim L beden aldim.",5,Cepli Yeşil Basic Tişört Loose Fit / Bol Rahat Kesim 165846-30735,Mavi,genis kesim pamuk rahat bir tisort kiloyim l beden aldim,Pozitif
Kaliteli bir tişört,5,Erkek %100 Pamuk Lacivert Polo Yaka Düz T-shirt A21Y1142,Avva,kaliteli bir tişört,Pozitif
süper tavsiye ediyorum,5,Erkek %100 Pamuk Lacivert Polo Yaka Düz T-shirt A21Y1142,Avva,süper tavsiye ediyorum,Pozitif
Eşim çok severek giyiyor. Avva kalitesi,5,Erkek %100 Pamuk Lacivert Polo Yaka Düz T-shirt A21Y1142,Avva,eşim çok severek giyiyor avva kalitesi,Pozitif
Avva tartışılmaz,5,Erkek %100 Pamuk Lacivert Polo Yaka Düz T-shirt A21Y1142,Avva,avva tartışılmaz,Pozitif
"eşime aldım, eşim çok beğendi.zaten hep avvadan alışveriş yapıyoruz, bu kez de gayet iyi geldi.",5,Erkek %100 Pamuk Lacivert Polo Yaka Düz T-shirt A21Y1142,Avva,eşime aldım eşim çok beğendizaten hep avvadan alışveriş yapıyoruz bu kez de gayet iyi geldi,Pozitif
Gayet şık bir ürün yaz akşamları giy çık,5,Erkek %100 Pamuk Lacivert Polo Yaka Düz T-shirt A21Y1142,Avva,gayet şık bir ürün yaz akşamları giy çık,Pozitif
nişanlıma aldım çok beğendi.,5,Erkek %100 Pamuk Lacivert Polo Yaka Düz T-shirt A21Y1142,Avva,nişanlıma aldım çok beğendi,Pozitif
eşime aldım çok beğendi. severek giyiyor,5,Erkek %100 Pamuk Lacivert Polo Yaka Düz T-shirt A21Y1142,Avva,eşime aldım çok beğendi severek giyiyor,Pozitif
tam eynime oldu İyi Tisort,5,Erkek %100 Pamuk Lacivert Polo Yaka Düz T-shirt A21Y1142,Avva,tam eynime oldu iyi tisort,Pozitif
bayıldım abime aldım çok beğendi,4,Erkek %100 Pamuk Lacivert Polo Yaka Düz T-shirt A21Y1142,Avva,bayıldım abime aldım çok beğendi,Pozitif
avva kalitesi,4,Erkek %100 Pamuk Lacivert Polo Yaka Düz T-shirt A21Y1142,Avva,avva kalitesi,Pozitif
beyendimmmmm,5,Erkek %100 Pamuk Lacivert Polo Yaka Düz T-shirt A21Y1142,Avva,beyendimmmmm,Pozitif
oldukca shik guzel,5,Erkek %100 Pamuk Lacivert Polo Yaka Düz T-shirt A21Y1142,Avva,oldukca shik guzel,Pozitif
Kaçırmayın derim.,5,Erkek %100 Pamuk Lacivert Polo Yaka Düz T-shirt A21Y1142,Avva,kaçırmayın derim,Pozitif
avva indiriminden aldım çok güzel rengi,5,Erkek %100 Pamuk Lacivert Polo Yaka Düz T-shirt A21Y1142,Avva,avva indiriminden aldım çok güzel rengi,Pozitif
Hediye olarak aldım. Gayet güzel.,4,Erkek %100 Pamuk Lacivert Polo Yaka Düz T-shirt A21Y1142,Avva,hediye olarak aldım gayet güzel,Pozitif
Çok güzel.Kendi bedeninizi alın,5,Erkek %100 Pamuk Lacivert Polo Yaka Düz T-shirt A21Y1142,Avva,çok güzelkendi bedeninizi alın,Pozitif
Çox keyfiyyətlidir,5,Erkek %100 Pamuk Lacivert Polo Yaka Düz T-shirt A21Y1142,Avva,çox keyfiyytlidir,Pozitif
Babam icin aldim cok guzeller cokda beyendi tam oldu ustune👍🏼👍🏼👍🏼👍🏼,5,Erkek %100 Pamuk Lacivert Polo Yaka Düz T-shirt A21Y1142,Avva,babam icin aldim cok guzeller cokda beyendi tam oldu ustune,Pozitif
Babama aldım çok beğendi tavsiye ederim kumaşı çok iyi,5,Erkek %100 Pamuk Lacivert Polo Yaka Düz T-shirt A21Y1142,Avva,babama aldım çok beğendi tavsiye ederim kumaşı çok iyi,Pozitif
DOKUSU DA DURUŞUDA ÇOK GÜZE LEŞİME ALDIM,5,Erkek %100 Pamuk Lacivert Polo Yaka Düz T-shirt A21Y1142,Avva,dokusu da duruşuda çok güze leşime aldim,Pozitif
"Babama almıştım,çok güzel durdu🤩",5,Erkek %100 Pamuk Lacivert Polo Yaka Düz T-shirt A21Y1142,Avva,babama almıştımçok güzel durdu,Pozitif
marka ve duruşundan dolayı beklentimi çok yükselttim ancak hüsrana uğradım. biçimsiz ve normal bedene göre çok salaş bir duruşu var. beğenmedim.,2,Erkek %100 Pamuk Lacivert Polo Yaka Düz T-shirt A21Y1142,Avva,marka ve duruşundan dolayı beklentimi çok yükselttim ancak hüsrana uğradım biçimsiz ve normal bedene göre çok salaş bir duruşu var beğenmedim,Negatif
Kumaşı güzel,5,Erkek %100 Pamuk Lacivert Polo Yaka Düz T-shirt A21Y1142,Avva,kumaşı güzel,Pozitif
şahane tek kelimeyle👌alın aldırın derim.,5,Erkek %100 Pamuk Lacivert Polo Yaka Düz T-shirt A21Y1142,Avva,şahane tek kelimeylealın aldırın derim,Pozitif
Tam da beklediğimiz gibi geldi babama hediye aldım çok begendi,5,Erkek %100 Pamuk Lacivert Polo Yaka Düz T-shirt A21Y1142,Avva,tam da beklediğimiz gibi geldi babama hediye aldım çok begendi,Pozitif
Eh fiyat performans açısından iyi,4,Erkek %100 Pamuk Lacivert Polo Yaka Düz T-shirt A21Y1142,Avva,eh fiyat performans açısından iyi,Pozitif
Babam için aldım cok şık gerçekten,4,Erkek %100 Pamuk Lacivert Polo Yaka Düz T-shirt A21Y1142,Avva,babam için aldım cok şık gerçekten,Pozitif
"Kumaş güzel, kesim güzel. Çok beğendim",5,Erkek %100 Pamuk Lacivert Polo Yaka Düz T-shirt A21Y1142,Avva,kumaş güzel kesim güzel çok beğendim,Pozitif
Eşime aldım o kadar güzel duruyor ki herkese tavsiye ediyoruz,5,Erkek %100 Pamuk Lacivert Polo Yaka Düz T-shirt A21Y1142,Avva,eşime aldım o kadar güzel duruyor ki herkese tavsiye ediyoruz,Pozitif
Kalitesi duruşu harika,5,Erkek %100 Pamuk Beyaz Bisiklet Yaka Baskılı T-shirt A21Y1108,Avva,kalitesi duruşu harika,Pozitif
"Kumaş Kalitesi güzel. Ortalama bir tshort, ama ilk. Kullanımdan sonra önündeki baskı attı. Ve kesinlikle yıkanmadı. İade talebi oluştırdum",5,Erkek %100 Pamuk Beyaz Bisiklet Yaka Baskılı T-shirt A21Y1108,Avva,kumaş kalitesi güzel ortalama bir tshort ama ilk kullanımdan sonra önündeki baskı attı ve kesinlikle yıkanmadı iade talebi oluştırdum,Pozitif
Çok rahat bir şort tek sıkıntısı pamuklanıyor onun dışında güzel...,5,Beli Bağcıklı Relax Fit Bermuda Şort U4570AZ21HS,Defacto,çok rahat bir şort tek sıkıntısı pamuklanıyor onun dışında güzel,Pozitif
Güzell ben beğendim,5,Kadın PEMBE ÇİZGİLİ Baskili Tisört Çizgili Pamuklu 1YAL18065OK,Koton,güzell ben beğendim,Pozitif
Çok beğendim bazen M bazen L kalıp hoşuma gider. Bunu M aldım oldu ama L alsam daha hoş olurdu dedim kendime. Gayet güzel alınır.,5,Kadın PEMBE ÇİZGİLİ Baskili Tisört Çizgili Pamuklu 1YAL18065OK,Koton,çok beğendim bazen m bazen l kalıp hoşuma gider bunu m aldım oldu ama l alsam daha hoş olurdu dedim kendime gayet güzel alınır,Pozitif
Yumuşacık ve kot üstü aşırı tatlı durdu,5,Kadın PEMBE ÇİZGİLİ Baskili Tisört Çizgili Pamuklu 1YAL18065OK,Koton,yumuşacık ve kot üstü aşırı tatlı durdu,Pozitif
Cook tatlı ve rahat bir tişört bayıldım. S giyiyorum normalde bol dursun diye M aldım ama S de bol dururmuş.,5,Kadın PEMBE ÇİZGİLİ Baskili Tisört Çizgili Pamuklu 1YAL18065OK,Koton,cook tatlı ve rahat bir tişört bayıldım s giyiyorum normalde bol dursun diye m aldım ama s de bol dururmuş,Pozitif
Çok beğendim güzel paketlenmişti ve ürün mükemmel ✨,5,Kadın PEMBE ÇİZGİLİ Baskili Tisört Çizgili Pamuklu 1YAL18065OK,Koton,çok beğendim güzel paketlenmişti ve ürün mükemmel,Pozitif
biraz ince ama baya güzel ben s aldım 58 kg 165 boy,5,Kadın PEMBE ÇİZGİLİ Baskili Tisört Çizgili Pamuklu 1YAL18065OK,Koton,biraz ince ama baya güzel ben s aldım kg boy,Pozitif
Fiyat performans açısından çok iyi. 40₺ ye tişört pek bulunmuyor . 1.72 boy 56 kiloya m beden aldım. Small da olurmus ama hafif salas durmasını istedim. Cok cici,5,Kadın PEMBE ÇİZGİLİ Baskili Tisört Çizgili Pamuklu 1YAL18065OK,Koton,fiyat performans açısından çok iyi ye tişört pek bulunmuyor boy kiloya m beden aldım small da olurmus ama hafif salas durmasını istedim cok cici,Pozitif
boyu bir tık kısa ama zaten crop olarak aldıgım icin cok begendim kuması harika yaz icin mükemmel bir ürün,5,Kadın PEMBE ÇİZGİLİ Baskili Tisört Çizgili Pamuklu 1YAL18065OK,Koton,boyu bir tık kısa ama zaten crop olarak aldıgım icin cok begendim kuması harika yaz icin mükemmel bir ürün,Pozitif
kendi bedeninizi alın ben beğendim güzel.,5,Kadın PEMBE ÇİZGİLİ Baskili Tisört Çizgili Pamuklu 1YAL18065OK,Koton,kendi bedeninizi alın ben beğendim güzel,Pozitif
çok beğendim,5,Baskılı Şort Pamuklu 1YAL28041IK,Koton,çok beğendim,Pozitif
bedeninizi alın cok rahat 1.60 boy 47 kg S beden tam oldu,5,Baskılı Şort Pamuklu 1YAL28041IK,Koton,bedeninizi alın cok rahat boy kg s beden tam oldu,Pozitif
ürünü denedim gayet güzeldi. fakat ben 52tlye aldım indirimli bile değildi bir günde iki katına çıkmış. 102tlye d-e-ğ-m-e-z,3,Baskılı Şort Pamuklu 1YAL28041IK,Koton,ürünü denedim gayet güzeldi fakat ben tlye aldım indirimli bile değildi bir günde iki katına çıkmış tlye değmez,Nötr
Tril tril incecik bir kumaş pamuklu değil ama. Duruşu güzel tam bedeninizi almanızı tavsiye ederim,4,Kadın Siyah Puantiye Desenli Uzun Kollu Gömlek 0YAK66446IW,Koton,tril tril incecik bir kumaş pamuklu değil ama duruşu güzel tam bedeninizi almanızı tavsiye ederim,Pozitif
"hızlı kargolandı, ve güzelce çift kutuya konmuştu. mağazada olmayan bi indirim burada vardı. sütyenin dokusu güzel ve giyince doğal bir görünüm veriyor.",5,Linda Desteksiz Sütyen SW5320,Suwen,hızlı kargolandı ve güzelce çift kutuya konmuştu mağazada olmayan bi indirim burada vardı sütyenin dokusu güzel ve giyince doğal bir görünüm veriyor,Pozitif
Çok şık yazlık,5,Erkek %100 Pamuk Vizon Yandan Cepli Beli Lastikli Kordonlu Relaxed Fit Pantolon E003052,Avva,çok şık yazlık,Pozitif
Kullanışlı ve rahat bir pantolon tavsiye ederim.,5,Erkek %100 Pamuk Vizon Yandan Cepli Beli Lastikli Kordonlu Relaxed Fit Pantolon E003052,Avva,kullanışlı ve rahat bir pantolon tavsiye ederim,Pozitif
cok kaliteli bir urun yazlik kullanim da cok rahat butun renklerinden aldim. beden olarak jean lerde 32 beden giyiyorum Bu urunde L beden aldim tam geldi,5,Erkek %100 Pamuk Vizon Yandan Cepli Beli Lastikli Kordonlu Relaxed Fit Pantolon E003052,Avva,cok kaliteli bir urun yazlik kullanim da cok rahat butun renklerinden aldim beden olarak jean lerde beden giyiyorum bu urunde l beden aldim tam geldi,Pozitif
Daha önce L beden aldım çok beğendim sonra bütün renklerini aldım ilk gelen L beden küçük geldi🤔,3,Erkek %100 Pamuk Vizon Yandan Cepli Beli Lastikli Kordonlu Relaxed Fit Pantolon E003052,Avva,daha önce l beden aldım çok beğendim sonra bütün renklerini aldım ilk gelen l beden küçük geldi,Nötr
cok guzel ama bedeni olmadigi icin iade 🥲,5,Erkek %100 Pamuk Vizon Yandan Cepli Beli Lastikli Kordonlu Relaxed Fit Pantolon E003052,Avva,cok guzel ama bedeni olmadigi icin iade,Pozitif
Çok kaliteli ve rahat,5,Erkek %100 Pamuk Vizon Yandan Cepli Beli Lastikli Kordonlu Relaxed Fit Pantolon E003052,Avva,çok kaliteli ve rahat,Pozitif
"Yumuşacık çok güzeller, pamuklu mis gibi.",5,Kadın Siyah Beyaz Ten 3 Lü Paket Yüksek Bel Slip Külot ST0040601A,Suwen,yumuşacık çok güzeller pamuklu mis gibi,Pozitif
bayildimmmmmm,5,Çiçekli Şort Pamuklu 1YAK01080PW,Koton,bayildimmmmmm,Pozitif
Cok guzelll indirimden aldim,5,Çiçekli Şort Pamuklu 1YAK01080PW,Koton,cok guzelll indirimden aldim,Pozitif
çok şık:)),5,Çiçekli Şort Pamuklu 1YAK01080PW,Koton,çok şık,Pozitif
"tam bedeninizi alın, çok güzel tavsiye ederim",5,Çiçekli Şort Pamuklu 1YAK01080PW,Koton,tam bedeninizi alın çok güzel tavsiye ederim,Pozitif
💝💖💖💖💖💖,5,Çiçekli Şort Pamuklu 1YAK01080PW,Koton,,Pozitif
çok beğendim 1.70 78 kiloyum XL aldım gayet güzel oldu,5,Çiçekli Şort Pamuklu 1YAK01080PW,Koton,çok beğendim kiloyum xl aldım gayet güzel oldu,Pozitif
rengi harika gercekten. cok canli. kardesime dogum gunu hediyesi aldim. cok begendi,5,Çiçekli Şort Pamuklu 1YAK01080PW,Koton,rengi harika gercekten cok canli kardesime dogum gunu hediyesi aldim cok begendi,Pozitif
çok güzel tam bedenim oldu . ☺️,5,Çiçekli Şort Pamuklu 1YAK01080PW,Koton,çok güzel tam bedenim oldu,Pozitif
ben takim olarak aldim harika cok kaliteli renkleri zaten cok guzel 38 beden aldim,5,Çiçekli Şort Pamuklu 1YAK01080PW,Koton,ben takim olarak aldim harika cok kaliteli renkleri zaten cok guzel beden aldim,Pozitif
50 tl ye aldim çok güzel tam yazlık rahat basenliyim 36 beden giyiyorum 36 aldim rahat oldu dar olmadı,5,Çiçekli Şort Pamuklu 1YAK01080PW,Koton,tl ye aldim çok güzel tam yazlık rahat basenliyim beden giyiyorum aldim rahat oldu dar olmadı,Pozitif
Aldıktan sonra indirime girdi😔ama gerçekten kaliteli bi ürün bir beden küçük alın derim,4,Çiçekli Şort Pamuklu 1YAK01080PW,Koton,aldıktan sonra indirime girdiama gerçekten kaliteli bi ürün bir beden küçük alın derim,Pozitif
Renkler çok canlı ve güzel.Beğendim,5,Çiçekli Şort Pamuklu 1YAK01080PW,Koton,renkler çok canlı ve güzelbeğendim,Pozitif
Kalıp acayip geniş bir veya iki beden küçük almanızı tavsiye ederim,3,Çiçekli Şort Pamuklu 1YAK01080PW,Koton,kalıp acayip geniş bir veya iki beden küçük almanızı tavsiye ederim,Nötr
Çok güzel çöl uyguna aldım daha da güzel oldu ☺️ 170 boy 53 kilo 36 beden 🌸,5,Çiçekli Şort Pamuklu 1YAK01080PW,Koton,çok güzel çöl uyguna aldım daha da güzel oldu boy kilo beden,Pozitif
deniz şortu gibi hemen iade,1,Çiçekli Şort Pamuklu 1YAK01080PW,Koton,deniz şortu gibi hemen iade,Negatif
rengi resimlerden daha koyu bi yesil.İade.,2,Çiçekli Şort Pamuklu 1YAK01080PW,Koton,rengi resimlerden daha koyu bi yesiliade,Negatif
"50 kiloya 34 beden aldım tam oldu. Mağazada beğenmiştim, buradan daha uyguna aldım. Kumaşı kaliteli bence.",5,Çiçekli Şort Pamuklu 1YAK01080PW,Koton,kiloya beden aldım tam oldu mağazada beğenmiştim buradan daha uyguna aldım kumaşı kaliteli bence,Pozitif
40 beden ve üzeri iseniz bedeni olduğundan geniş gösteriyor. 34/36 iseniz çok yakışacaktır.,3,Çiçekli Şort Pamuklu 1YAK01080PW,Koton,beden ve üzeri iseniz bedeni olduğundan geniş gösteriyor iseniz çok yakışacaktır,Nötr
cok şık ve guzel urun bedeninizi alabilirsiniz yüksek bel,5,Çiçekli Şort Pamuklu 1YAK01080PW,Koton,cok şık ve guzel urun bedeninizi alabilirsiniz yüksek bel,Pozitif
Begendım 56 kıloyum 36 tam oldu tok bir kumaşı var,5,Çiçekli Şort Pamuklu 1YAK01080PW,Koton,begendım kıloyum tam oldu tok bir kumaşı var,Pozitif
Ürün çok güzel fakat kalıbı çok dar,5,Çiçekli Şort Pamuklu 1YAK01080PW,Koton,ürün çok güzel fakat kalıbı çok dar,Pozitif
dar kalıp,4,Çiçekli Şort Pamuklu 1YAK01080PW,Koton,dar kalıp,Pozitif
"Güzel çok beğendim kilo 59 , beden 38 rahat oldu mor aşkı sorgulanmaz💜💜💜",5,Çiçekli Şort Pamuklu 1YAK01080PW,Koton,güzel çok beğendim kilo beden rahat oldu mor aşkı sorgulanmaz,Pozitif
ürün çok güzel ama dar olduğu için iade ettim likralı bir kumaş değil esneme yapmıyor bir beden büyük alınması gerek,5,Çiçekli Şort Pamuklu 1YAK01080PW,Koton,ürün çok güzel ama dar olduğu için iade ettim likralı bir kumaş değil esneme yapmıyor bir beden büyük alınması gerek,Pozitif
Kumaşı duruşu çok beğendim,5,Çiçekli Şort Pamuklu 1YAK01080PW,Koton,kumaşı duruşu çok beğendim,Pozitif
Renkleri canlı ve güzel. Rahat bir şort. Tam bedeni alın,5,Çiçekli Şort Pamuklu 1YAK01080PW,Koton,renkleri canlı ve güzel rahat bir şort tam bedeni alın,Pozitif
"Fiyat/Performans şortu, rengi çok tatli hem siyahla hem lilayla super kombinler yapılıyor. Ben 38-40 karisik giyiyorum 38 beden super oldu.",5,Çiçekli Şort Pamuklu 1YAK01080PW,Koton,fiyatperformans şortu rengi çok tatli hem siyahla hem lilayla super kombinler yapılıyor ben karisik giyiyorum beden super oldu,Pozitif
"Harika ötesi bi şort, çok şık, kumaşı da kaliteli. Tam beden.",5,Çiçekli Şort Pamuklu 1YAK01080PW,Koton,harika ötesi bi şort çok şık kumaşı da kaliteli tam beden,Pozitif
5 yıldız sana az diyorum,5,Çiçekli Şort Pamuklu 1YAK01080PW,Koton,yıldız sana az diyorum,Pozitif
Ben çok beğendim. kumaşı yumuşak degil.daha tok ve güzel bir duruşu var. bedeni de tam renk de fotodakinin aynısı,5,Çiçekli Şort Pamuklu 1YAK01080PW,Koton,ben çok beğendim kumaşı yumuşak degildaha tok ve güzel bir duruşu var bedeni de tam renk de fotodakinin aynısı,Pozitif
Çok güzel,5,Pamuk Yuvarlak Yaka Kısa Kol Yazlık Kadın Pijama Takım U16S7SP05,US Polo Assn,çok güzel,Pozitif
"çok güzel ve sorunsuz,ihtiyacı olan tereddüt etmeden alabilir,hızlı kargo için de teşekkürler.",5,Pamuk Yuvarlak Yaka Kısa Kol Yazlık Kadın Pijama Takım U16S7SP05,US Polo Assn,çok güzel ve sorunsuzihtiyacı olan tereddüt etmeden alabilirhızlı kargo için de teşekkürler,Pozitif
kalıbına küçük diyenlere aldanmayın ben aldandım m aldım pişman oldum.kendi bedenimi alsam tam olacakmış.bir de yan kısımlarında dikiş yok dekolte vermişler bilginize,5,Norah Plaj Şortu SBA22390,Suwen,kalıbına küçük diyenlere aldanmayın ben aldandım m aldım pişman oldumkendi bedenimi alsam tam olacakmışbir de yan kısımlarında dikiş yok dekolte vermişler bilginize,Pozitif
"harike ,kendi bedenize alin",5,Erkek %100 Pamuk Lacivert Polo Yaka Baskılı T-shirt A21Y1097,Avva,harike kendi bedenize alin,Pozitif
kumaşı kaliteli tavsiye ediyorum,5,Erkek %100 Pamuk Lacivert Polo Yaka Baskılı T-shirt A21Y1097,Avva,kumaşı kaliteli tavsiye ediyorum,Pozitif
Kumaşı çok güzel babalar günü için babama almıştık rengi dokusu güzel geldi 200 TL iken aldık indirim denk getirip alınabilir,5,Erkek %100 Pamuk Lacivert Polo Yaka Baskılı T-shirt A21Y1097,Avva,kumaşı çok güzel babalar günü için babama almıştık rengi dokusu güzel geldi tl iken aldık indirim denk getirip alınabilir,Pozitif
"Çok beğendim yumuşacık kumaşı, pamuklu",5,Regular Fit Bisiklet Yaka Kısa Kollu Tişört W9584AZ22SM,Defacto,çok beğendim yumuşacık kumaşı pamuklu,Pozitif
Güzel pamuklu yazlık bir tişört ama Kargo geç geldi tam beden,5,Regular Fit Bisiklet Yaka Kısa Kollu Tişört W9584AZ22SM,Defacto,güzel pamuklu yazlık bir tişört ama kargo geç geldi tam beden,Pozitif
"Çok beğendim yumuşacık kumaşı, pamuklu",5,Regular Fit Bisiklet Yaka Kısa Kollu Tişört W9584AZ22SM,Defacto,çok beğendim yumuşacık kumaşı pamuklu,Pozitif
Güzel pamuklu yazlık bir tişört ama Kargo geç geldi tam beden,5,Regular Fit Bisiklet Yaka Kısa Kollu Tişört W9584AZ22SM,Defacto,güzel pamuklu yazlık bir tişört ama kargo geç geldi tam beden,Pozitif
babama aldim çok gzuel,5,Regular Fit Bisiklet Yaka Basic Kısa Kollu Pamuklu Penye Tişört M7666AZ21SP,Defacto,babama aldim çok gzuel,Pozitif
Bedeni tam oldu rengi güzel 👍🏻,5,Regular Fit Bisiklet Yaka Basic Kısa Kollu Pamuklu Penye Tişört M7666AZ21SP,Defacto,bedeni tam oldu rengi güzel,Pozitif
Ürün çok güzel tam beden alınabilir,5,Regular Fit Bisiklet Yaka Basic Kısa Kollu Pamuklu Penye Tişört M7666AZ21SP,Defacto,ürün çok güzel tam beden alınabilir,Pozitif
Cok begendik cok rahat,4,Regular Fit Bisiklet Yaka Basic Kısa Kollu Pamuklu Penye Tişört M7666AZ21SP,Defacto,cok begendik cok rahat,Pozitif
kendi bedeninizi alin,5,Regular Fit Bisiklet Yaka Basic Kısa Kollu Pamuklu Penye Tişört M7666AZ21SP,Defacto,kendi bedeninizi alin,Pozitif
Rahat 🤎.,5,Regular Fit Bisiklet Yaka Basic Kısa Kollu Pamuklu Penye Tişört M7666AZ21SP,Defacto,rahat,Pozitif
Kaliteli ürün,5,Regular Fit Bisiklet Yaka Basic Kısa Kollu Pamuklu Penye Tişört M7666AZ21SP,Defacto,kaliteli ürün,Pozitif
çok güzel ve bir o kadar da rahat,5,Regular Fit Bisiklet Yaka Basic Kısa Kollu Pamuklu Penye Tişört M7666AZ21SP,Defacto,çok güzel ve bir o kadar da rahat,Pozitif
Bol giyinmeyi sevdiğim için xl sipariş ettim rengi duruşu çok iyi alınn,5,Regular Fit Bisiklet Yaka Basic Kısa Kollu Pamuklu Penye Tişört M7666AZ21SP,Defacto,bol giyinmeyi sevdiğim için xl sipariş ettim rengi duruşu çok iyi alınn,Pozitif
kullanışlı bedeninizi alın,5,Regular Fit Bisiklet Yaka Basic Kısa Kollu Pamuklu Penye Tişört M7666AZ21SP,Defacto,kullanışlı bedeninizi alın,Pozitif
💯💯💯💯💯💯💯💯💯,5,Regular Fit Bisiklet Yaka Basic Kısa Kollu Pamuklu Penye Tişört M7666AZ21SP,Defacto,,Pozitif
muazzam ürün kalitesi.,5,Regular Fit Bisiklet Yaka Basic Kısa Kollu Pamuklu Penye Tişört M7666AZ21SP,Defacto,muazzam ürün kalitesi,Pozitif
Eşime aldım salaş hoş duruyor,5,Regular Fit Bisiklet Yaka Basic Kısa Kollu Pamuklu Penye Tişört M7666AZ21SP,Defacto,eşime aldım salaş hoş duruyor,Pozitif
güzel ve şık bi ürün,4,Regular Fit Bisiklet Yaka Basic Kısa Kollu Pamuklu Penye Tişört M7666AZ21SP,Defacto,güzel ve şık bi ürün,Pozitif
rahat bir tisort abime aldim,4,Regular Fit Bisiklet Yaka Basic Kısa Kollu Pamuklu Penye Tişört M7666AZ21SP,Defacto,rahat bir tisort abime aldim,Pozitif
Burada hafif pastel turuncu gibi duruyor ancak bej renk. Açıklamada yazıyormuş ben dikkat etmemişim ama çok güzel bir tişört. Ona göre alın.,5,Regular Fit Bisiklet Yaka Basic Kısa Kollu Pamuklu Penye Tişört M7666AZ21SP,Defacto,burada hafif pastel turuncu gibi duruyor ancak bej renk açıklamada yazıyormuş ben dikkat etmemişim ama çok güzel bir tişört ona göre alın,Pozitif
çok güzel severek kullaniyorum,5,Regular Fit Bisiklet Yaka Basic Kısa Kollu Pamuklu Penye Tişört M7666AZ21SP,Defacto,çok güzel severek kullaniyorum,Pozitif
Ürün başarılı,5,Regular Fit Bisiklet Yaka Basic Kısa Kollu Pamuklu Penye Tişört M7666AZ21SP,Defacto,ürün başarılı,Pozitif
Çok rahat ve güzel bür ürün. Kalitede de.,5,Regular Fit Bisiklet Yaka Basic Kısa Kollu Pamuklu Penye Tişört M7666AZ21SP,Defacto,çok rahat ve güzel bür ürün kalitede de,Pozitif
kardeşime almıştım kumaşı dokusu çok iyi %100 pamuk kalıbı tam severek giyiyor,5,Regular Fit Bisiklet Yaka Basic Kısa Kollu Pamuklu Penye Tişört M7666AZ21SP,Defacto,kardeşime almıştım kumaşı dokusu çok iyi pamuk kalıbı tam severek giyiyor,Pozitif
Güzrl kullanışlı ürün,3,Regular Fit Bisiklet Yaka Basic Kısa Kollu Pamuklu Penye Tişört M7666AZ21SP,Defacto,güzrl kullanışlı ürün,Nötr
güzel kaliteli.,5,Regular Fit Bisiklet Yaka Basic Kısa Kollu Pamuklu Penye Tişört M7666AZ21SP,Defacto,güzel kaliteli,Pozitif
180/75 L aldım salaş sevenler için iyi,5,Regular Fit Bisiklet Yaka Basic Kısa Kollu Pamuklu Penye Tişört M7666AZ21SP,Defacto,l aldım salaş sevenler için iyi,Pozitif
Güzel ürün,5,Regular Fit Bisiklet Yaka Basic Kısa Kollu Pamuklu Penye Tişört M7666AZ21SP,Defacto,güzel ürün,Pozitif
Tam bedeninizi alabilirsiniz güzel ürün,5,Regular Fit Bisiklet Yaka Basic Kısa Kollu Pamuklu Penye Tişört M7666AZ21SP,Defacto,tam bedeninizi alabilirsiniz güzel ürün,Pozitif
kalıbı rahat baya iyi bir küçük beden alınabilir,5,Regular Fit Bisiklet Yaka Basic Kısa Kollu Pamuklu Penye Tişört M7666AZ21SP,Defacto,kalıbı rahat baya iyi bir küçük beden alınabilir,Pozitif
gayet güzel kuzenim severek giyiyor,5,Regular Fit Bisiklet Yaka Basic Kısa Kollu Pamuklu Penye Tişört M7666AZ21SP,Defacto,gayet güzel kuzenim severek giyiyor,Pozitif
Güzel... beğendik...,5,Regular Fit Bisiklet Yaka Basic Kısa Kollu Pamuklu Penye Tişört M7666AZ21SP,Defacto,güzel beğendik,Pozitif
Ürün gayet güzel ve kaliteli,5,Regular Fit Bisiklet Yaka Basic Kısa Kollu Pamuklu Penye Tişört M7666AZ21SP,Defacto,ürün gayet güzel ve kaliteli,Pozitif
"183 boy, kilo 90 L tam oldu",5,Regular Fit Bisiklet Yaka Basic Kısa Kollu Pamuklu Penye Tişört M7666AZ21SP,Defacto,boy kilo l tam oldu,Pozitif
L beden sipariş vermiştim m de olurmuş. çok yumuşak ama rengi siyah değil sanki eskimiş pamuklanmis gibi. Yazık mağazada görüp almazdım kesinlikle,2,Siyah Basic Tişört Fitted / Vücuda Oturan Kesim 162767-900,Mavi,l beden sipariş vermiştim m de olurmuş çok yumuşak ama rengi siyah değil sanki eskimiş pamuklanmis gibi yazık mağazada görüp almazdım kesinlikle,Negatif
Tam yazlık Hem şık hem rahat,5,Erkek %100 Pamuk Beyaz Düz Alttan Britli Yaka Regular Fit Kısa Kol Vual Gömlek E002210,Avva,tam yazlık hem şık hem rahat,Pozitif
yazlık ve guzel urun,5,Erkek %100 Pamuk Beyaz Düz Alttan Britli Yaka Regular Fit Kısa Kol Vual Gömlek E002210,Avva,yazlık ve guzel urun,Pozitif
esime almistik. efil efil yazlik cok guzel bir ürün.,5,Erkek %100 Pamuk Beyaz Düz Alttan Britli Yaka Regular Fit Kısa Kol Vual Gömlek E002210,Avva,esime almistik efil efil yazlik cok guzel bir ürün,Pozitif
tam yazlık kesinlikle alınır 10/10,5,Erkek %100 Pamuk Beyaz Düz Alttan Britli Yaka Regular Fit Kısa Kol Vual Gömlek E002210,Avva,tam yazlık kesinlikle alınır,Pozitif
abonesi olduk mükemmel,5,Erkek %100 Pamuk Beyaz Düz Alttan Britli Yaka Regular Fit Kısa Kol Vual Gömlek E002210,Avva,abonesi olduk mükemmel,Pozitif
Güzel ürün,5,Erkek %100 Pamuk Beyaz Düz Alttan Britli Yaka Regular Fit Kısa Kol Vual Gömlek E002210,Avva,güzel ürün,Pozitif
ürün güzel ancak kargoya geç verildi,4,Erkek %100 Pamuk Beyaz Düz Alttan Britli Yaka Regular Fit Kısa Kol Vual Gömlek E002210,Avva,ürün güzel ancak kargoya geç verildi,Pozitif
çok hızlı geldi tamamen avva kalitesi efil efil tamamen yazlik,5,Erkek %100 Pamuk Beyaz Düz Alttan Britli Yaka Regular Fit Kısa Kol Vual Gömlek E002210,Avva,çok hızlı geldi tamamen avva kalitesi efil efil tamamen yazlik,Pozitif
Kumaşı güzel ve kaliteli.Biz beğendik tşk ederiz.,5,Erkek %100 Pamuk Beyaz Düz Alttan Britli Yaka Regular Fit Kısa Kol Vual Gömlek E002210,Avva,kumaşı güzel ve kalitelibiz beğendik tşk ederiz,Pozitif
yumuşak kumaş,5,Erkek %100 Pamuk Beyaz Düz Alttan Britli Yaka Regular Fit Kısa Kol Vual Gömlek E002210,Avva,yumuşak kumaş,Pozitif
çok beğendim harika,5,Erkek %100 Pamuk Beyaz Düz Alttan Britli Yaka Regular Fit Kısa Kol Vual Gömlek E002210,Avva,çok beğendim harika,Pozitif
çox gözəl beyendim,5,Erkek %100 Pamuk Beyaz Düz Alttan Britli Yaka Regular Fit Kısa Kol Vual Gömlek E002210,Avva,çox gözl beyendim,Pozitif
ürün harika çok beğendim tavsiye ederim.,5,Erkek %100 Pamuk Beyaz Düz Alttan Britli Yaka Regular Fit Kısa Kol Vual Gömlek E002210,Avva,ürün harika çok beğendim tavsiye ederim,Pozitif
mükemmel bir ürün,5,Erkek %100 Pamuk Beyaz Düz Alttan Britli Yaka Regular Fit Kısa Kol Vual Gömlek E002210,Avva,mükemmel bir ürün,Pozitif
Başarılı :))),5,Erkek %100 Pamuk Beyaz Düz Alttan Britli Yaka Regular Fit Kısa Kol Vual Gömlek E002210,Avva,başarılı,Pozitif
Ürünü çok beğendim mağaza çok teşekkür ediyorum,5,Erkek %100 Pamuk Beyaz Düz Alttan Britli Yaka Regular Fit Kısa Kol Vual Gömlek E002210,Avva,ürünü çok beğendim mağaza çok teşekkür ediyorum,Pozitif
Ben beyendim teşekkür ederim güzel,5,Erkek %100 Pamuk Beyaz Düz Alttan Britli Yaka Regular Fit Kısa Kol Vual Gömlek E002210,Avva,ben beyendim teşekkür ederim güzel,Pozitif
çok güzel,5,Erkek %100 Pamuk Beyaz Düz Alttan Britli Yaka Regular Fit Kısa Kol Vual Gömlek E002210,Avva,çok güzel,Pozitif
Tavsiye ederim,4,Erkek %100 Pamuk Beyaz Düz Alttan Britli Yaka Regular Fit Kısa Kol Vual Gömlek E002210,Avva,tavsiye ederim,Pozitif
ürün harika...tam yazlık ...kendi bedeninizi alın...çok beğendim...çok hızlı geldi siparişim,5,Erkek %100 Pamuk Beyaz Düz Alttan Britli Yaka Regular Fit Kısa Kol Vual Gömlek E002210,Avva,ürün harikatam yazlık kendi bedeninizi alınçok beğendimçok hızlı geldi siparişim,Pozitif
İyi ! Teşekkürler Avva :),5,Erkek %100 Pamuk Beyaz Düz Alttan Britli Yaka Regular Fit Kısa Kol Vual Gömlek E002210,Avva,iyi teşekkürler avva,Pozitif
gömleği biraz spor tarz gibi ama beğendim,5,Erkek %100 Pamuk Beyaz Düz Alttan Britli Yaka Regular Fit Kısa Kol Vual Gömlek E002210,Avva,gömleği biraz spor tarz gibi ama beğendim,Pozitif
Güzel ürün,4,Erkek %100 Pamuk Beyaz Düz Alttan Britli Yaka Regular Fit Kısa Kol Vual Gömlek E002210,Avva,güzel ürün,Pozitif
güzel ürün,5,Erkek %100 Pamuk Beyaz Düz Alttan Britli Yaka Regular Fit Kısa Kol Vual Gömlek E002210,Avva,güzel ürün,Pozitif
babam için aldık çok güzel,5,Erkek %100 Pamuk Beyaz Düz Alttan Britli Yaka Regular Fit Kısa Kol Vual Gömlek E002210,Avva,babam için aldık çok güzel,Pozitif
Ürün kullanışlı ve iyi duruyor,5,Erkek %100 Pamuk Beyaz Düz Alttan Britli Yaka Regular Fit Kısa Kol Vual Gömlek E002210,Avva,ürün kullanışlı ve iyi duruyor,Pozitif
Çok beğendik kesinlik fiyatına göre çok iyi bir ürün.,5,Erkek %100 Pamuk Beyaz Düz Alttan Britli Yaka Regular Fit Kısa Kol Vual Gömlek E002210,Avva,çok beğendik kesinlik fiyatına göre çok iyi bir ürün,Pozitif
Bu fiyata alınabilecek en iyi cool gömlek,5,Erkek %100 Pamuk Beyaz Düz Alttan Britli Yaka Regular Fit Kısa Kol Vual Gömlek E002210,Avva,bu fiyata alınabilecek en iyi cool gömlek,Pozitif
Güzel ve şık,5,Erkek %100 Pamuk Beyaz Düz Alttan Britli Yaka Regular Fit Kısa Kol Vual Gömlek E002210,Avva,güzel ve şık,Pozitif
Çok güzel bir gömlek sevgilime aldım oda çok beğendi,5,Erkek %100 Pamuk Beyaz Düz Alttan Britli Yaka Regular Fit Kısa Kol Vual Gömlek E002210,Avva,çok güzel bir gömlek sevgilime aldım oda çok beğendi,Pozitif
"yüzde yüz pamuk yazıyor ama teri emme konusunda tam pamuklu tişört gibi değil. onun dışında kalıbı dar, çok oturuyor.üstünüzde normal durmasini istiyorsanız bir büyüğünü almalısınız",3,Slim Fit Bisiklet Yaka Kısa Kollu Tişört K7064AZ21SP,Defacto,yüzde yüz pamuk yazıyor ama teri emme konusunda tam pamuklu tişört gibi değil onun dışında kalıbı dar çok oturuyorüstünüzde normal durmasini istiyorsanız bir büyüğünü almalısınız,Nötr
tam bir fiyat performans urunu cok begendim,5,Xsıde V Yaka Nakışlı Kolsuz Pamuklu Kadın Plaj Elbisesi S2EI04Z8,LC Waikiki,tam bir fiyat performans urunu cok begendim,Pozitif
Fena değil ama asla bu fiyat etmez beklediğimden de ince geldi. Milla da muadilleri çok daha uygun ve kaliteli.,4,Xsıde V Yaka Nakışlı Kolsuz Pamuklu Kadın Plaj Elbisesi S2EI04Z8,LC Waikiki,fena değil ama asla bu fiyat etmez beklediğimden de ince geldi milla da muadilleri çok daha uygun ve kaliteli,Pozitif
"Tam yazlık, çok rahat",4,Erkek %100 Pamuk Lacivert Hakim Yaka Düz T-Shirt E001030,Avva,tam yazlık çok rahat,Pozitif
çok şık ürün,5,Erkek %100 Pamuk Lacivert Hakim Yaka Düz T-Shirt E001030,Avva,çok şık ürün,Pozitif
güzel ürün,5,Erkek %100 Pamuk Lacivert Hakim Yaka Düz T-Shirt E001030,Avva,güzel ürün,Pozitif
"Babalar günü hediyesi olarak aldım, babam bayıldı, tam hafif göbekli babaların rahat edeceği bir t-shirt, özenli paketleme için teşekkürler👍",5,Erkek %100 Pamuk Lacivert Hakim Yaka Düz T-Shirt E001030,Avva,babalar günü hediyesi olarak aldım babam bayıldı tam hafif göbekli babaların rahat edeceği bir tshirt özenli paketleme için teşekkürler,Pozitif
ürünü aldıktan sonra fiyatının 70 TL civarı düşmesi durumu. ayıp diyorum sadece en azından indirimli fiyattan herkese satabilirsiniz.,1,Erkek %100 Pamuk Lacivert Hakim Yaka Düz T-Shirt E001030,Avva,ürünü aldıktan sonra fiyatının tl civarı düşmesi durumu ayıp diyorum sadece en azından indirimli fiyattan herkese satabilirsiniz,Negatif
Çok şık duruyor,5,Erkek %100 Pamuk Lacivert Hakim Yaka Düz T-Shirt E001030,Avva,çok şık duruyor,Pozitif
Çok şık duruyor,5,Erkek %100 Pamuk Lacivert Hakim Yaka Düz T-Shirt E001030,Avva,çok şık duruyor,Pozitif
Çok kaliteli bir ürün. Beylere hediye arayışında olanlar için çok güzel bir tercih,5,Erkek %100 Pamuk Lacivert Hakim Yaka Düz T-Shirt E001030,Avva,çok kaliteli bir ürün beylere hediye arayışında olanlar için çok güzel bir tercih,Pozitif
çok iyi,5,Erkek %100 Pamuk Lacivert Hakim Yaka Düz T-Shirt E001030,Avva,çok iyi,Pozitif
Beğendik guzel,5,Erkek %100 Pamuk Lacivert Hakim Yaka Düz T-Shirt E001030,Avva,beğendik guzel,Pozitif
güzel eşim beğendi,5,Erkek %100 Pamuk Lacivert Hakim Yaka Düz T-Shirt E001030,Avva,güzel eşim beğendi,Pozitif
çok güzel ve şık duruyor,5,Erkek %100 Pamuk Lacivert Hakim Yaka Düz T-Shirt E001030,Avva,çok güzel ve şık duruyor,Pozitif
Efsane ötesi.,5,Erkek %100 Pamuk Lacivert Hakim Yaka Düz T-Shirt E001030,Avva,efsane ötesi,Pozitif
şaahaaaneeee,5,Erkek %100 Pamuk Lacivert Hakim Yaka Düz T-Shirt E001030,Avva,şaahaaaneeee,Pozitif
ürün kaliteli ve çok güzel,5,Erkek %100 Pamuk Lacivert Hakim Yaka Düz T-Shirt E001030,Avva,ürün kaliteli ve çok güzel,Pozitif
Çok güzel beğendim,5,Erkek %100 Pamuk Lacivert Hakim Yaka Düz T-Shirt E001030,Avva,çok güzel beğendim,Pozitif
Ürünler çok güzel teşekkür ediyorum,5,Erkek %100 Pamuk Lacivert Hakim Yaka Düz T-Shirt E001030,Avva,ürünler çok güzel teşekkür ediyorum,Pozitif
kaliteli bir ürün,5,Erkek %100 Pamuk Lacivert Hakim Yaka Düz T-Shirt E001030,Avva,kaliteli bir ürün,Pozitif
eşim çok beğendi,5,Erkek %100 Pamuk Lacivert Hakim Yaka Düz T-Shirt E001030,Avva,eşim çok beğendi,Pozitif
harika ve ötesi❤,5,Erkek %100 Pamuk Lacivert Hakim Yaka Düz T-Shirt E001030,Avva,harika ve ötesi,Pozitif
ürünü beğendim. gayet güzel,5,Erkek %100 Pamuk Lacivert Hakim Yaka Düz T-Shirt E001030,Avva,ürünü beğendim gayet güzel,Pozitif
üründen memnun oldum,5,Erkek %100 Pamuk Lacivert Hakim Yaka Düz T-Shirt E001030,Avva,üründen memnun oldum,Pozitif
Çok kaliteli,5,Erkek %100 Pamuk Lacivert Hakim Yaka Düz T-Shirt E001030,Avva,çok kaliteli,Pozitif
Ürün çok güzel babama aldım çok beğendi,5,Erkek %100 Pamuk Lacivert Hakim Yaka Düz T-Shirt E001030,Avva,ürün çok güzel babama aldım çok beğendi,Pozitif
Harika çok güzel teşekkür ediyorum,5,Erkek %100 Pamuk Lacivert Hakim Yaka Düz T-Shirt E001030,Avva,harika çok güzel teşekkür ediyorum,Pozitif
Çok beğendik,5,Erkek %100 Pamuk Lacivert Hakim Yaka Düz T-Shirt E001030,Avva,çok beğendik,Pozitif
avva kalitesi,5,Erkek %100 Pamuk Lacivert Hakim Yaka Düz T-Shirt E001030,Avva,avva kalitesi,Pozitif
Harika avva kalitesi,5,Erkek %100 Pamuk Lacivert Hakim Yaka Düz T-Shirt E001030,Avva,harika avva kalitesi,Pozitif
Şahaneee ! Başka modellerini de alıcam. Tebrikler Avva,5,Erkek %100 Pamuk Lacivert Hakim Yaka Düz T-Shirt E001030,Avva,şahaneee başka modellerini de alıcam tebrikler avva,Pozitif
Eşime babalar günü hediyesi olarak aldım kalitesi çok güzel fiyat piyasaya göre uygun duruşu çok pahalı ve kaliteli,5,Erkek %100 Pamuk Lacivert Hakim Yaka Düz T-Shirt E001030,Avva,eşime babalar günü hediyesi olarak aldım kalitesi çok güzel fiyat piyasaya göre uygun duruşu çok pahalı ve kaliteli,Pozitif
"çok rahat, bedeninizi alabilirsiniz, gayet kaliteli",5,Pamuklu Çizgili Brief Külot 2KLK31533MK,Koton,çok rahat bedeninizi alabilirsiniz gayet kaliteli,Pozitif
rahat ve kullanışlı,4,Pamuklu Çizgili Brief Külot 2KLK31533MK,Koton,rahat ve kullanışlı,Pozitif
hızlı geldi ürünler gayet hoş,5,Pamuklu Çizgili Brief Külot 2KLK31533MK,Koton,hızlı geldi ürünler gayet hoş,Pozitif
Çok güzelllll,5,Pamuklu Çizgili Brief Külot 2KLK31533MK,Koton,çok güzelllll,Pozitif
Dokusu ve kalitesi gayet iyi,5,Pamuklu Çizgili Brief Külot 2KLK31533MK,Koton,dokusu ve kalitesi gayet iyi,Pozitif
Çok güzel çok tatlı alın giydim gerçekten çok rahat bir tane daha aldım en sevdiğin kilot olmaya aday,5,Pamuklu Çizgili Brief Külot 2KLK31533MK,Koton,çok güzel çok tatlı alın giydim gerçekten çok rahat bir tane daha aldım en sevdiğin kilot olmaya aday,Pozitif
50tane donunuz olsa içinden bunu bulup giyersiniz öyle güzel ve rahat,4,Pamuklu Çizgili Brief Külot 2KLK31533MK,Koton,tane donunuz olsa içinden bunu bulup giyersiniz öyle güzel ve rahat,Pozitif
"çok güzel ve rahat, beden biraz büyük ben bir beden küçük aldım. fakat sadece 30 derecede yıkanıyor lastiklerinden dolayı sanırım bunu dikkate alarak alın çünkü sonra yıpranır.",5,Pamuklu Çizgili Brief Külot 2KLK31533MK,Koton,çok güzel ve rahat beden biraz büyük ben bir beden küçük aldım fakat sadece derecede yıkanıyor lastiklerinden dolayı sanırım bunu dikkate alarak alın çünkü sonra yıpranır,Pozitif
"çok rahat bir ürün ve çok kaliteli kumaşı ve lastiği, tam beden alınmalı",5,Pamuklu Çizgili Brief Külot 2KLK31533MK,Koton,çok rahat bir ürün ve çok kaliteli kumaşı ve lastiği tam beden alınmalı,Pozitif
Kumaşı güzel 👍,5,Pamuklu Çizgili Brief Külot 2KLK31533MK,Koton,kumaşı güzel,Pozitif
kendi bedeninizi alın pamuklu orta kalınlıkta tam yazlık bir şort,5,Gri Örme Şort 066935-35010,Mavi,kendi bedeninizi alın pamuklu orta kalınlıkta tam yazlık bir şort,Pozitif
bu yazın en beğendiğim ürünüydü harika rahat ve şık sırt dekoltesi efsane:),5,Kurdeleli Elbise Ince Askılı Pamuklu 1YAK88151PW,Koton,bu yazın en beğendiğim ürünüydü harika rahat ve şık sırt dekoltesi efsane,Pozitif
aşık olduğum bir elbise,5,Kurdeleli Elbise Ince Askılı Pamuklu 1YAK88151PW,Koton,aşık olduğum bir elbise,Pozitif
Çok rahat bir elbise,5,Kurdeleli Elbise Ince Askılı Pamuklu 1YAK88151PW,Koton,çok rahat bir elbise,Pozitif
mukemmel resmen ustumde paralandi☺️,5,Kurdeleli Elbise Ince Askılı Pamuklu 1YAK88151PW,Koton,mukemmel resmen ustumde paralandi,Pozitif
Muhteşem elbise,5,Kurdeleli Elbise Ince Askılı Pamuklu 1YAK88151PW,Koton,muhteşem elbise,Pozitif
şahane bir elbise sahip olduğum için mutluyum,5,Kurdeleli Elbise Ince Askılı Pamuklu 1YAK88151PW,Koton,şahane bir elbise sahip olduğum için mutluyum,Pozitif
Tam yazlık bir elbise ayrıca sırt dekoltesi çok güzel duruyor,5,Kurdeleli Elbise Ince Askılı Pamuklu 1YAK88151PW,Koton,tam yazlık bir elbise ayrıca sırt dekoltesi çok güzel duruyor,Pozitif
Çok kaba duruyor,1,Kurdeleli Elbise Ince Askılı Pamuklu 1YAK88151PW,Koton,çok kaba duruyor,Negatif
Aşırı tatlı bir elbise tam kalıp,5,Kurdeleli Elbise Ince Askılı Pamuklu 1YAK88151PW,Koton,aşırı tatlı bir elbise tam kalıp,Pozitif
Çok güzel 1.70 96 boy en büyük beden oldu,5,Kurdeleli Elbise Ince Askılı Pamuklu 1YAK88151PW,Koton,çok güzel boy en büyük beden oldu,Pozitif
Afranur Saraçoğlu kolelsiyonuymus alırken bilmiyordum harika bir elbise beğendim fakat ilk giydiğimde askısı çok küçük bir zorlamaya hemen koptu oyuzden bir puanı dusuk veriyorum,4,Kurdeleli Elbise Ince Askılı Pamuklu 1YAK88151PW,Koton,afranur saraçoğlu kolelsiyonuymus alırken bilmiyordum harika bir elbise beğendim fakat ilk giydiğimde askısı çok küçük bir zorlamaya hemen koptu oyuzden bir puanı dusuk veriyorum,Pozitif
beğendim cokkk,4,Kurdeleli Elbise Ince Askılı Pamuklu 1YAK88151PW,Koton,beğendim cokkk,Pozitif
herseyguzel ✔️,5,Kurdeleli Elbise Ince Askılı Pamuklu 1YAK88151PW,Koton,herseyguzel,Pozitif
"cok tatlı rengi uçuk sarı,cok hos kumaşı,dokusu,cok begendim,gayet güzel ve saglam geldi tavsiye ediyorum alın",5,Kurdeleli Elbise Ince Askılı Pamuklu 1YAK88151PW,Koton,cok tatlı rengi uçuk sarıcok hos kumaşıdokusucok begendimgayet güzel ve saglam geldi tavsiye ediyorum alın,Pozitif
"Çok tatlı bir yaz elbisesi tam kalıp ve çok rahat. Askılarının uzun olması çok güzel, dekolte çok güzel bir yerde bitiyor bu sayede ve sırtıda çok hoş gözüküyor 😍 İndirimde kaçırılmaz ama indirimsiz fiyata değeceğini düşünmüyorum 🤷🏻‍♀️",5,Kurdeleli Elbise Ince Askılı Pamuklu 1YAK88151PW,Koton,çok tatlı bir yaz elbisesi tam kalıp ve çok rahat askılarının uzun olması çok güzel dekolte çok güzel bir yerde bitiyor bu sayede ve sırtıda çok hoş gözüküyor indirimde kaçırılmaz ama indirimsiz fiyata değeceğini düşünmüyorum,Pozitif
Geçen yıl beğenmiştim yazın giymek için gayet güzel rengi canlı ben büyük göğüslüyüm arkadan ayarlanıyor güzel durdu bende,5,Kurdeleli Elbise Ince Askılı Pamuklu 1YAK88151PW,Koton,geçen yıl beğenmiştim yazın giymek için gayet güzel rengi canlı ben büyük göğüslüyüm arkadan ayarlanıyor güzel durdu bende,Pozitif
Model ve kumaş çok hoş dalar bende güzel durmadı. Küçük göğüslülerde daha hoş duracaktır,4,Kurdeleli Elbise Ince Askılı Pamuklu 1YAK88151PW,Koton,model ve kumaş çok hoş dalar bende güzel durmadı küçük göğüslülerde daha hoş duracaktır,Pozitif
"Kumaşı harika, ymuuşacık! Sırt dekoltesi ise efsane 👍🏻",5,Kurdeleli Elbise Ince Askılı Pamuklu 1YAK88151PW,Koton,kumaşı harika ymuuşacık sırt dekoltesi ise efsane,Pozitif
Ürün çok orantısız,1,Kurdeleli Elbise Ince Askılı Pamuklu 1YAK88151PW,Koton,ürün çok orantısız,Negatif
çok ama çok hafif iç gösteriyor onun dışında mükemmelll rengi tammm yaz elbisesi . Ama bir beden küçük alınmalı 1.68 boy 62 kiloyum 36 beden tam oldu,5,Kurdeleli Elbise Ince Askılı Pamuklu 1YAK88151PW,Koton,çok ama çok hafif iç gösteriyor onun dışında mükemmelll rengi tammm yaz elbisesi ama bir beden küçük alınmalı boy kiloyum beden tam oldu,Pozitif
"Askılar fazla uzun, onun dışında güzel, görseldeki gibi.",4,Kurdeleli Elbise Ince Askılı Pamuklu 1YAK88151PW,Koton,askılar fazla uzun onun dışında güzel görseldeki gibi,Pozitif
Çok tatlı fakat kumaşı biraz kalın kalın dediğim azıcık kilolu gösteren cinsten. 165 boy 54 kilo göğüs ölçüm 75D m aldım small alsam da gayet güzel dururdu.,3,Kurdeleli Elbise Ince Askılı Pamuklu 1YAK88151PW,Koton,çok tatlı fakat kumaşı biraz kalın kalın dediğim azıcık kilolu gösteren cinsten boy kilo göğüs ölçüm d m aldım small alsam da gayet güzel dururdu,Nötr
Bayıldım. Beyaz rengini de sipariş edicem,5,Kurdeleli Elbise Ince Askılı Pamuklu 1YAK88151PW,Koton,bayıldım beyaz rengini de sipariş edicem,Pozitif
"elbisenin askıları biraz uzun geldi onun dışında çok tatlı bir elbise, belki bir beden küçük alınabilir",5,Kurdeleli Elbise Ince Askılı Pamuklu 1YAK88151PW,Koton,elbisenin askıları biraz uzun geldi onun dışında çok tatlı bir elbise belki bir beden küçük alınabilir,Pozitif
"Genellikle elbise alırken modelin giydiğim XL bedeline yakışıyor mu diye çok düşünüyorum, bu elbiseyi sipariş ederken tereddütlüydim, elbise çok güzel, aynı fotoğrafta olduğu gibi, kumaşı, rengi ama büyük beden için modeli uygun değil, iade etmeyeceğim çünkü elbiseyi çok beğendim, Teşekkürler! İyi Bayramlar!",5,Kurdeleli Elbise Ince Askılı Pamuklu 1YAK88151PW,Koton,genellikle elbise alırken modelin giydiğim xl bedeline yakışıyor mu diye çok düşünüyorum bu elbiseyi sipariş ederken tereddütlüydim elbise çok güzel aynı fotoğrafta olduğu gibi kumaşı rengi ama büyük beden için modeli uygun değil iade etmeyeceğim çünkü elbiseyi çok beğendim teşekkürler iyi bayramlar,Pozitif
Askısı biraz uzun geldi onun haricinde mükemmel elbiseee,5,Kurdeleli Elbise Ince Askılı Pamuklu 1YAK88151PW,Koton,askısı biraz uzun geldi onun haricinde mükemmel elbiseee,Pozitif
"Kumaşı bürümcüklü, kırışmaz, sırt açıklıgından tereddüt ederek aldım ama şehirde de rahatça giyerim, fiyonk tam sütyen kopçasına denk geliyor..hafif, yık gibi rahat",5,Kurdeleli Elbise Ince Askılı Pamuklu 1YAK88151PW,Koton,kumaşı bürümcüklü kırışmaz sırt açıklıgından tereddüt ederek aldım ama şehirde de rahatça giyerim fiyonk tam sütyen kopçasına denk geliyorhafif yık gibi rahat,Pozitif
"Elbisenin duruşuu rengi kumaşı mükemmel , iki eksi yanı benim için 34 beden olmama ragmen sırtının tam olarak oturmaması oraya tadilat yaptıracagım mecbur ikincisi de iplerinin elbiseye oranla ince olması buna ragmen begendigim için iade edemiyorumm💃🏻",5,Kurdeleli Elbise Ince Askılı Pamuklu 1YAK88151PW,Koton,elbisenin duruşuu rengi kumaşı mükemmel iki eksi yanı benim için beden olmama ragmen sırtının tam olarak oturmaması oraya tadilat yaptıracagım mecbur ikincisi de iplerinin elbiseye oranla ince olması buna ragmen begendigim için iade edemiyorumm,Pozitif
önü biraz açık dekolteli ve sırt dekoltesi biraz fazla ama.benxe.gayet güzel askıları biraz uzun geldi bana onun haricinde güzel bir parça,4,Kurdeleli Elbise Ince Askılı Pamuklu 1YAK88151PW,Koton,önü biraz açık dekolteli ve sırt dekoltesi biraz fazla amabenxegayet güzel askıları biraz uzun geldi bana onun haricinde güzel bir parça,Pozitif
Elbise güzel ama beli çok bol. Üstü tam geldi lakin bel kısmı olması gerekenden daha geniş,3,Kurdeleli Elbise Ince Askılı Pamuklu 1YAK88151PW,Koton,elbise güzel ama beli çok bol üstü tam geldi lakin bel kısmı olması gerekenden daha geniş,Nötr
renkler göründüğü gibi. kumaş dokusu çok güzel. pamuklu zaten tam mavi kalitesi 👍👏🤗,5,What If Baskılı Tişört Loose Fit / Bol Rahat Kesim 1610798-70903,Mavi,renkler göründüğü gibi kumaş dokusu çok güzel pamuklu zaten tam mavi kalitesi,Pozitif
"İncecik tiril tiril ve pamukkk gibi bir kumaşı var🤩 normalde xs giyiniyorum ama m beden aldım biraz bol dursun diye, iyi ki de öyle yapmışım, tam istediğim gibi oldu🥰 indirimden 87₺ ye aldım🤓",5,What If Baskılı Tişört Loose Fit / Bol Rahat Kesim 1610798-70903,Mavi,incecik tiril tiril ve pamukkk gibi bir kumaşı var normalde xs giyiniyorum ama m beden aldım biraz bol dursun diye iyi ki de öyle yapmışım tam istediğim gibi oldu indirimden ye aldım,Pozitif
güzel ürün tam yazlık çok rahat avva kalitesi hissediliyor,5,Erkek %100 Pamuk Sarı Düz Alttan Britli Yaka Regular Fit Uzun Kol Vual Gömlek E002206,Avva,güzel ürün tam yazlık çok rahat avva kalitesi hissediliyor,Pozitif
Kumaş kalitesi de duruşu da çok güzel. Eşimde çok beğendi. Paketlemeside iyiydi teşekkürler,5,Erkek %100 Pamuk Sarı Düz Alttan Britli Yaka Regular Fit Uzun Kol Vual Gömlek E002206,Avva,kumaş kalitesi de duruşu da çok güzel eşimde çok beğendi paketlemeside iyiydi teşekkürler,Pozitif
"Tam yazlık, çok beğendik.",5,Erkek %100 Pamuk Sarı Düz Alttan Britli Yaka Regular Fit Uzun Kol Vual Gömlek E002206,Avva,tam yazlık çok beğendik,Pozitif
Tam yazlık ürün,4,Erkek %100 Pamuk Sarı Düz Alttan Britli Yaka Regular Fit Uzun Kol Vual Gömlek E002206,Avva,tam yazlık ürün,Pozitif
Harika duruyor,5,Erkek %100 Pamuk Sarı Düz Alttan Britli Yaka Regular Fit Uzun Kol Vual Gömlek E002206,Avva,harika duruyor,Pozitif
Ürün çok şık ve kaliteli,5,Erkek %100 Pamuk Sarı Düz Alttan Britli Yaka Regular Fit Uzun Kol Vual Gömlek E002206,Avva,ürün çok şık ve kaliteli,Pozitif
Yazlik tiril tiril bir gömlek 🤩,5,Erkek %100 Pamuk Sarı Düz Alttan Britli Yaka Regular Fit Uzun Kol Vual Gömlek E002206,Avva,yazlik tiril tiril bir gömlek,Pozitif
Başarılı ürün,5,Erkek %100 Pamuk Sarı Düz Alttan Britli Yaka Regular Fit Uzun Kol Vual Gömlek E002206,Avva,başarılı ürün,Pozitif
eşime aldım çok beğendi,5,Erkek %100 Pamuk Sarı Düz Alttan Britli Yaka Regular Fit Uzun Kol Vual Gömlek E002206,Avva,eşime aldım çok beğendi,Pozitif
Cok rahat bir gomlek Yazin vazgecilmezi olabilir,5,Erkek %100 Pamuk Sarı Düz Alttan Britli Yaka Regular Fit Uzun Kol Vual Gömlek E002206,Avva,cok rahat bir gomlek yazin vazgecilmezi olabilir,Pozitif
Ürün geldi sadece bedeni kucuk geldıgı için degişime gönderdm tekrardn sıpers olusturdum cunku dokusu vs cok guzel,5,Erkek %100 Pamuk Sarı Düz Alttan Britli Yaka Regular Fit Uzun Kol Vual Gömlek E002206,Avva,ürün geldi sadece bedeni kucuk geldıgı için degişime gönderdm tekrardn sıpers olusturdum cunku dokusu vs cok guzel,Pozitif
Kumaşı çok iyi tam yazlık ürün,5,Erkek %100 Pamuk Sarı Düz Alttan Britli Yaka Regular Fit Uzun Kol Vual Gömlek E002206,Avva,kumaşı çok iyi tam yazlık ürün,Pozitif
Kaliteli kumaş,5,Erkek %100 Pamuk Sarı Düz Alttan Britli Yaka Regular Fit Uzun Kol Vual Gömlek E002206,Avva,kaliteli kumaş,Pozitif
10 numara yazlık çok beğendim,5,Erkek %100 Pamuk Sarı Düz Alttan Britli Yaka Regular Fit Uzun Kol Vual Gömlek E002206,Avva,numara yazlık çok beğendim,Pozitif
Eşime aldım çok güzell,5,Erkek %100 Pamuk Sarı Düz Alttan Britli Yaka Regular Fit Uzun Kol Vual Gömlek E002206,Avva,eşime aldım çok güzell,Pozitif
tam yazlık çok güzel,5,Erkek %100 Pamuk Sarı Düz Alttan Britli Yaka Regular Fit Uzun Kol Vual Gömlek E002206,Avva,tam yazlık çok güzel,Pozitif
Kumaşı çok güzel ve rahat,5,Erkek %100 Pamuk Sarı Düz Alttan Britli Yaka Regular Fit Uzun Kol Vual Gömlek E002206,Avva,kumaşı çok güzel ve rahat,Pozitif
Harika bir ürün ..tşk ederim Avva,5,Erkek %100 Pamuk Sarı Düz Alttan Britli Yaka Regular Fit Uzun Kol Vual Gömlek E002206,Avva,harika bir ürün tşk ederim avva,Pozitif
Mükemmel bir ürün,5,Erkek %100 Pamuk Sarı Düz Alttan Britli Yaka Regular Fit Uzun Kol Vual Gömlek E002206,Avva,mükemmel bir ürün,Pozitif
Çok çok güzel 👍,5,Erkek %100 Pamuk Sarı Düz Alttan Britli Yaka Regular Fit Uzun Kol Vual Gömlek E002206,Avva,çok çok güzel,Pozitif
gömlek güzel,5,Erkek %100 Pamuk Sarı Düz Alttan Britli Yaka Regular Fit Uzun Kol Vual Gömlek E002206,Avva,gömlek güzel,Pozitif
rengi ve kumaşı harika,5,Erkek %100 Pamuk Sarı Düz Alttan Britli Yaka Regular Fit Uzun Kol Vual Gömlek E002206,Avva,rengi ve kumaşı harika,Pozitif
ürün gerçekten çok şık ve kaliteli çok beğendik.,5,Erkek %100 Pamuk Sarı Düz Alttan Britli Yaka Regular Fit Uzun Kol Vual Gömlek E002206,Avva,ürün gerçekten çok şık ve kaliteli çok beğendik,Pozitif
Çok kaliteli çok güzel,5,Erkek %100 Pamuk Sarı Düz Alttan Britli Yaka Regular Fit Uzun Kol Vual Gömlek E002206,Avva,çok kaliteli çok güzel,Pozitif
Rengine bayıldık,4,Erkek %100 Pamuk Sarı Düz Alttan Britli Yaka Regular Fit Uzun Kol Vual Gömlek E002206,Avva,rengine bayıldık,Pozitif
Ütüsü çok zor,1,Erkek %100 Pamuk Sarı Düz Alttan Britli Yaka Regular Fit Uzun Kol Vual Gömlek E002206,Avva,ütüsü çok zor,Negatif
rengi beklediğim gibi gelmedi,5,Erkek %100 Pamuk Sarı Düz Alttan Britli Yaka Regular Fit Uzun Kol Vual Gömlek E002206,Avva,rengi beklediğim gibi gelmedi,Pozitif
Hızlı geldi teşekkür ederim,5,Erkek %100 Pamuk Sarı Düz Alttan Britli Yaka Regular Fit Uzun Kol Vual Gömlek E002206,Avva,hızlı geldi teşekkür ederim,Pozitif
Biraz da kolay ütülense tadından yenmez,5,Erkek %100 Pamuk Sarı Düz Alttan Britli Yaka Regular Fit Uzun Kol Vual Gömlek E002206,Avva,biraz da kolay ütülense tadından yenmez,Pozitif
esime aldim ba yil dik ❤️,5,Erkek %100 Pamuk Sarı Düz Alttan Britli Yaka Regular Fit Uzun Kol Vual Gömlek E002206,Avva,esime aldim ba yil dik,Pozitif
güzel ürün tam yazlık çok rahat avva kalitesi hissediliyor,5,Erkek %100 Pamuk Sarı Düz Alttan Britli Yaka Regular Fit Uzun Kol Vual Gömlek E002206,Avva,güzel ürün tam yazlık çok rahat avva kalitesi hissediliyor,Pozitif
Kumaş kalitesi de duruşu da çok güzel. Eşimde çok beğendi. Paketlemeside iyiydi teşekkürler,5,Erkek %100 Pamuk Sarı Düz Alttan Britli Yaka Regular Fit Uzun Kol Vual Gömlek E002206,Avva,kumaş kalitesi de duruşu da çok güzel eşimde çok beğendi paketlemeside iyiydi teşekkürler,Pozitif
"Tam yazlık, çok beğendik.",5,Erkek %100 Pamuk Sarı Düz Alttan Britli Yaka Regular Fit Uzun Kol Vual Gömlek E002206,Avva,tam yazlık çok beğendik,Pozitif
Tam yazlık ürün,4,Erkek %100 Pamuk Sarı Düz Alttan Britli Yaka Regular Fit Uzun Kol Vual Gömlek E002206,Avva,tam yazlık ürün,Pozitif
Harika duruyor,5,Erkek %100 Pamuk Sarı Düz Alttan Britli Yaka Regular Fit Uzun Kol Vual Gömlek E002206,Avva,harika duruyor,Pozitif
Ürün çok şık ve kaliteli,5,Erkek %100 Pamuk Sarı Düz Alttan Britli Yaka Regular Fit Uzun Kol Vual Gömlek E002206,Avva,ürün çok şık ve kaliteli,Pozitif
Yazlik tiril tiril bir gömlek 🤩,5,Erkek %100 Pamuk Sarı Düz Alttan Britli Yaka Regular Fit Uzun Kol Vual Gömlek E002206,Avva,yazlik tiril tiril bir gömlek,Pozitif
Başarılı ürün,5,Erkek %100 Pamuk Sarı Düz Alttan Britli Yaka Regular Fit Uzun Kol Vual Gömlek E002206,Avva,başarılı ürün,Pozitif
eşime aldım çok beğendi,5,Erkek %100 Pamuk Sarı Düz Alttan Britli Yaka Regular Fit Uzun Kol Vual Gömlek E002206,Avva,eşime aldım çok beğendi,Pozitif
Cok rahat bir gomlek Yazin vazgecilmezi olabilir,5,Erkek %100 Pamuk Sarı Düz Alttan Britli Yaka Regular Fit Uzun Kol Vual Gömlek E002206,Avva,cok rahat bir gomlek yazin vazgecilmezi olabilir,Pozitif
Ürün geldi sadece bedeni kucuk geldıgı için degişime gönderdm tekrardn sıpers olusturdum cunku dokusu vs cok guzel,5,Erkek %100 Pamuk Sarı Düz Alttan Britli Yaka Regular Fit Uzun Kol Vual Gömlek E002206,Avva,ürün geldi sadece bedeni kucuk geldıgı için degişime gönderdm tekrardn sıpers olusturdum cunku dokusu vs cok guzel,Pozitif
Kumaşı çok iyi tam yazlık ürün,5,Erkek %100 Pamuk Sarı Düz Alttan Britli Yaka Regular Fit Uzun Kol Vual Gömlek E002206,Avva,kumaşı çok iyi tam yazlık ürün,Pozitif
Kaliteli kumaş,5,Erkek %100 Pamuk Sarı Düz Alttan Britli Yaka Regular Fit Uzun Kol Vual Gömlek E002206,Avva,kaliteli kumaş,Pozitif
10 numara yazlık çok beğendim,5,Erkek %100 Pamuk Sarı Düz Alttan Britli Yaka Regular Fit Uzun Kol Vual Gömlek E002206,Avva,numara yazlık çok beğendim,Pozitif
Eşime aldım çok güzell,5,Erkek %100 Pamuk Sarı Düz Alttan Britli Yaka Regular Fit Uzun Kol Vual Gömlek E002206,Avva,eşime aldım çok güzell,Pozitif
tam yazlık çok güzel,5,Erkek %100 Pamuk Sarı Düz Alttan Britli Yaka Regular Fit Uzun Kol Vual Gömlek E002206,Avva,tam yazlık çok güzel,Pozitif
Kumaşı çok güzel ve rahat,5,Erkek %100 Pamuk Sarı Düz Alttan Britli Yaka Regular Fit Uzun Kol Vual Gömlek E002206,Avva,kumaşı çok güzel ve rahat,Pozitif
Harika bir ürün ..tşk ederim Avva,5,Erkek %100 Pamuk Sarı Düz Alttan Britli Yaka Regular Fit Uzun Kol Vual Gömlek E002206,Avva,harika bir ürün tşk ederim avva,Pozitif
Mükemmel bir ürün,5,Erkek %100 Pamuk Sarı Düz Alttan Britli Yaka Regular Fit Uzun Kol Vual Gömlek E002206,Avva,mükemmel bir ürün,Pozitif
Çok çok güzel 👍,5,Erkek %100 Pamuk Sarı Düz Alttan Britli Yaka Regular Fit Uzun Kol Vual Gömlek E002206,Avva,çok çok güzel,Pozitif
gömlek güzel,5,Erkek %100 Pamuk Sarı Düz Alttan Britli Yaka Regular Fit Uzun Kol Vual Gömlek E002206,Avva,gömlek güzel,Pozitif
rengi ve kumaşı harika,5,Erkek %100 Pamuk Sarı Düz Alttan Britli Yaka Regular Fit Uzun Kol Vual Gömlek E002206,Avva,rengi ve kumaşı harika,Pozitif
ürün gerçekten çok şık ve kaliteli çok beğendik.,5,Erkek %100 Pamuk Sarı Düz Alttan Britli Yaka Regular Fit Uzun Kol Vual Gömlek E002206,Avva,ürün gerçekten çok şık ve kaliteli çok beğendik,Pozitif
Çok kaliteli çok güzel,5,Erkek %100 Pamuk Sarı Düz Alttan Britli Yaka Regular Fit Uzun Kol Vual Gömlek E002206,Avva,çok kaliteli çok güzel,Pozitif
Rengine bayıldık,4,Erkek %100 Pamuk Sarı Düz Alttan Britli Yaka Regular Fit Uzun Kol Vual Gömlek E002206,Avva,rengine bayıldık,Pozitif
Ütüsü çok zor,1,Erkek %100 Pamuk Sarı Düz Alttan Britli Yaka Regular Fit Uzun Kol Vual Gömlek E002206,Avva,ütüsü çok zor,Negatif
rengi beklediğim gibi gelmedi,5,Erkek %100 Pamuk Sarı Düz Alttan Britli Yaka Regular Fit Uzun Kol Vual Gömlek E002206,Avva,rengi beklediğim gibi gelmedi,Pozitif
Hızlı geldi teşekkür ederim,5,Erkek %100 Pamuk Sarı Düz Alttan Britli Yaka Regular Fit Uzun Kol Vual Gömlek E002206,Avva,hızlı geldi teşekkür ederim,Pozitif
Biraz da kolay ütülense tadından yenmez,5,Erkek %100 Pamuk Sarı Düz Alttan Britli Yaka Regular Fit Uzun Kol Vual Gömlek E002206,Avva,biraz da kolay ütülense tadından yenmez,Pozitif
esime aldim ba yil dik ❤️,5,Erkek %100 Pamuk Sarı Düz Alttan Britli Yaka Regular Fit Uzun Kol Vual Gömlek E002206,Avva,esime aldim ba yil dik,Pozitif
Kumaşı pamuklandı pek sevmedim,3,V Yaka Bluz 122504-31413,Mavi,kumaşı pamuklandı pek sevmedim,Nötr
Kendi bedeninizden bir beden büyük alın,5,Slim Fit V Yaka Basic Haki Pamuklu Penye Tişört M7668AZ21SP,Defacto,kendi bedeninizden bir beden büyük alın,Pozitif
babama aldım güzel ürün,5,Slim Fit V Yaka Basic Haki Pamuklu Penye Tişört M7668AZ21SP,Defacto,babama aldım güzel ürün,Pozitif
çok güzel tam beden alın,5,Slim Fit V Yaka Basic Haki Pamuklu Penye Tişört M7668AZ21SP,Defacto,çok güzel tam beden alın,Pozitif
Tam bedeninizi alın,5,Slim Fit V Yaka Basic Haki Pamuklu Penye Tişört M7668AZ21SP,Defacto,tam bedeninizi alın,Pozitif
ürün güzel bedeninizi alın,5,Slim Fit V Yaka Basic Haki Pamuklu Penye Tişört M7668AZ21SP,Defacto,ürün güzel bedeninizi alın,Pozitif
Bir beden büyük almak lazım,4,Slim Fit V Yaka Basic Haki Pamuklu Penye Tişört M7668AZ21SP,Defacto,bir beden büyük almak lazım,Pozitif
Güzel ürün,5,Slim Fit V Yaka Basic Haki Pamuklu Penye Tişört M7668AZ21SP,Defacto,güzel ürün,Pozitif
ürün çok kaliteli ve hoş beden istediğim gibi oldu üzerime ...,5,Slim Fit V Yaka Basic Haki Pamuklu Penye Tişört M7668AZ21SP,Defacto,ürün çok kaliteli ve hoş beden istediğim gibi oldu üzerime,Pozitif
Eşim için aldım çok güzel beğendi tam bedeninizi alın,5,Slim Fit V Yaka Basic Haki Pamuklu Penye Tişört M7668AZ21SP,Defacto,eşim için aldım çok güzel beğendi tam bedeninizi alın,Pozitif
babama almıştım çok beğendi,5,Slim Fit V Yaka Basic Haki Pamuklu Penye Tişört M7668AZ21SP,Defacto,babama almıştım çok beğendi,Pozitif
guzl urun begebdim,5,Slim Fit V Yaka Basic Haki Pamuklu Penye Tişört M7668AZ21SP,Defacto,guzl urun begebdim,Pozitif
güzel üründü alınabilir.,5,Slim Fit V Yaka Basic Haki Pamuklu Penye Tişört M7668AZ21SP,Defacto,güzel üründü alınabilir,Pozitif
yumuşacık ve tam kalıp çok güzel,5,Slim Fit V Yaka Basic Haki Pamuklu Penye Tişört M7668AZ21SP,Defacto,yumuşacık ve tam kalıp çok güzel,Pozitif
Kaliteli güzel beğendim,5,Slim Fit V Yaka Basic Haki Pamuklu Penye Tişört M7668AZ21SP,Defacto,kaliteli güzel beğendim,Pozitif
Her rengini aldım güzel ürün,5,Slim Fit V Yaka Basic Haki Pamuklu Penye Tişört M7668AZ21SP,Defacto,her rengini aldım güzel ürün,Pozitif
Ürün çok güzel,5,Slim Fit V Yaka Basic Haki Pamuklu Penye Tişört M7668AZ21SP,Defacto,ürün çok güzel,Pozitif
Oğluma aldım. Çok güzel. Salaş sevenler bir beden büyük almalı.,4,Slim Fit V Yaka Basic Haki Pamuklu Penye Tişört M7668AZ21SP,Defacto,oğluma aldım çok güzel salaş sevenler bir beden büyük almalı,Pozitif
nişanlım için aldım ürün güzel geldi kargo mükemmel,5,Slim Fit V Yaka Basic Haki Pamuklu Penye Tişört M7668AZ21SP,Defacto,nişanlım için aldım ürün güzel geldi kargo mükemmel,Pozitif
Çok iyiydi,5,Slim Fit V Yaka Basic Haki Pamuklu Penye Tişört M7668AZ21SP,Defacto,çok iyiydi,Pozitif
Guzel begendım,5,Slim Fit V Yaka Basic Haki Pamuklu Penye Tişört M7668AZ21SP,Defacto,guzel begendım,Pozitif
"Əla, çox bəyəndim. 170boy 94 kiloya Xl tam oldu",5,Slim Fit V Yaka Basic Haki Pamuklu Penye Tişört M7668AZ21SP,Defacto,la çox byndim boy kiloya xl tam oldu,Pozitif
sade guzel bir tişört,4,Slim Fit V Yaka Basic Haki Pamuklu Penye Tişört M7668AZ21SP,Defacto,sade guzel bir tişört,Pozitif
180 boy 93 kg eşim xl aldım çok güzel oldu,5,Slim Fit V Yaka Basic Haki Pamuklu Penye Tişört M7668AZ21SP,Defacto,boy kg eşim xl aldım çok güzel oldu,Pozitif
guzel ya biz cok begendik,5,Slim Fit V Yaka Basic Haki Pamuklu Penye Tişört M7668AZ21SP,Defacto,guzel ya biz cok begendik,Pozitif
Çok keyfiyyətli bir məhsul idi,5,Slim Fit V Yaka Basic Haki Pamuklu Penye Tişört M7668AZ21SP,Defacto,çok keyfiyytli bir mhsul idi,Pozitif
Süper süper süper,5,Slim Fit V Yaka Basic Haki Pamuklu Penye Tişört M7668AZ21SP,Defacto,süper süper süper,Pozitif
Gayet güzel bir ürün oğlum için almıştım kızımda çok beğendiği için onada aldık,5,Slim Fit V Yaka Basic Haki Pamuklu Penye Tişört M7668AZ21SP,Defacto,gayet güzel bir ürün oğlum için almıştım kızımda çok beğendiği için onada aldık,Pozitif
kaliteli urun teşekkürler,5,Slim Fit V Yaka Basic Haki Pamuklu Penye Tişört M7668AZ21SP,Defacto,kaliteli urun teşekkürler,Pozitif
Gayet güzel kardeşim icin aldım,5,Slim Fit V Yaka Basic Haki Pamuklu Penye Tişört M7668AZ21SP,Defacto,gayet güzel kardeşim icin aldım,Pozitif
tam bedeninizi alabilirsiniz,5,Slim Fit V Yaka Basic Haki Pamuklu Penye Tişört M7668AZ21SP,Defacto,tam bedeninizi alabilirsiniz,Pozitif
Çok güzel gömleklerin içine giymek için hem siyahını hem bu rengini aldım pamuklu değil ama bilerek aldım zaten 👍,5,Halter Yaka Fitilli Tişört 2KAK33895EK,Koton,çok güzel gömleklerin içine giymek için hem siyahını hem bu rengini aldım pamuklu değil ama bilerek aldım zaten,Pozitif
Çok güzel gömleklerin içine giymek için hem siyahını hem bu rengini aldım pamuklu değil ama bilerek aldım zaten 👍,5,Halter Yaka Fitilli Tişört 2KAK33895EK,Koton,çok güzel gömleklerin içine giymek için hem siyahını hem bu rengini aldım pamuklu değil ama bilerek aldım zaten,Pozitif
Ürün çok güzel. Kumaşı yazlık ince. Kendi bedeninizi alın ben kilo verdiğim dönemdeyim cesaret edemeyip 40/L aldım. 161 boy 57 kiloyum doğal olarak bol geldi ama kötü değil dökümlü duruyor. Boyu da manken üzerindeki gibi değil. Daha uzun.,5,Kadın Yeşil Desenli Tulum 1YAK48152PW,Koton,ürün çok güzel kumaşı yazlık ince kendi bedeninizi alın ben kilo verdiğim dönemdeyim cesaret edemeyip l aldım boy kiloyum doğal olarak bol geldi ama kötü değil dökümlü duruyor boyu da manken üzerindeki gibi değil daha uzun,Pozitif
çokkkk güzellll,5,Şerit Detaylı Şort Pamuklu 1YAL28503IK,Koton,çokkkk güzellll,Pozitif
Güzelllll lllll,5,Şerit Detaylı Şort Pamuklu 1YAL28503IK,Koton,güzelllll lllll,Pozitif
"Müthiş bir tasarım harikası, dışı pamuklu içi polyester dokumalı. Bi tarafınız pişik olsun istiyorsanız birebir👍🏻",1,Şerit Detaylı Şort Pamuklu 1YAL28503IK,Koton,müthiş bir tasarım harikası dışı pamuklu içi polyester dokumalı bi tarafınız pişik olsun istiyorsanız birebir,Negatif
çok güzel fiyatına göre çok daha kaliteli tam bedeninizi alabilirsiniz rahat ve aynı renk,5,Şerit Detaylı Şort Pamuklu 1YAL28503IK,Koton,çok güzel fiyatına göre çok daha kaliteli tam bedeninizi alabilirsiniz rahat ve aynı renk,Pozitif
ürün pamuk oranı ve kalıbı güzel fakat benim aldığım cindy mom serisinden farklı olduğu için iade edip mağazadan alacağım,5,Cindy Koyu Yıpratmalı Jean Pantolon 100277-80539,Mavi,ürün pamuk oranı ve kalıbı güzel fakat benim aldığım cindy mom serisinden farklı olduğu için iade edip mağazadan alacağım,Pozitif
👍👍👍👍👍👍👍👍👍,5,Coool Oversize Fit Bisiklet Yaka Baskılı Kısa Kollu Pamuklu Tişört X9980AZ22SM,Defacto,,Pozitif
Çok güzel ama bir beden küçük alabilirsiniz ben öyle yaptım ve yine oversize durdu baskı kalitesi de güzel.,5,Coool Oversize Fit Bisiklet Yaka Baskılı Kısa Kollu Pamuklu Tişört X9980AZ22SM,Defacto,çok güzel ama bir beden küçük alabilirsiniz ben öyle yaptım ve yine oversize durdu baskı kalitesi de güzel,Pozitif
Çok iyi tovsiye ederim,5,Coool Oversize Fit Bisiklet Yaka Baskılı Kısa Kollu Pamuklu Tişört X9980AZ22SM,Defacto,çok iyi tovsiye ederim,Pozitif
Ürün çok güzel,5,Coool Oversize Fit Bisiklet Yaka Baskılı Kısa Kollu Pamuklu Tişört X9980AZ22SM,Defacto,ürün çok güzel,Pozitif
Çok güzel bir ürün zamanında geldi,5,Coool Oversize Fit Bisiklet Yaka Baskılı Kısa Kollu Pamuklu Tişört X9980AZ22SM,Defacto,çok güzel bir ürün zamanında geldi,Pozitif
Güzel ürün kızım için almıştım çok beğendi Tem kalıp alabilirsiniz,4,Coool Oversize Fit Bisiklet Yaka Baskılı Kısa Kollu Pamuklu Tişört X9980AZ22SM,Defacto,güzel ürün kızım için almıştım çok beğendi tem kalıp alabilirsiniz,Pozitif
cok guzel.kızıma da cok yakisti,5,Coool Oversize Fit Bisiklet Yaka Baskılı Kısa Kollu Pamuklu Tişört X9980AZ22SM,Defacto,cok guzelkızıma da cok yakisti,Pozitif
kendi bedeninizi alın yine oversize duruyor ben çok beğendim.,5,Coool Oversize Fit Bisiklet Yaka Baskılı Kısa Kollu Pamuklu Tişört X9980AZ22SM,Defacto,kendi bedeninizi alın yine oversize duruyor ben çok beğendim,Pozitif
"Ürün, kargo... Herşey güzel.",5,Coool Oversize Fit Bisiklet Yaka Baskılı Kısa Kollu Pamuklu Tişört X9980AZ22SM,Defacto,ürün kargo herşey güzel,Pozitif
Altındakiyle beraber kombinleyince efso,5,Coool Oversize Fit Bisiklet Yaka Baskılı Kısa Kollu Pamuklu Tişört X9980AZ22SM,Defacto,altındakiyle beraber kombinleyince efso,Pozitif
Oversize bir tişörte göre kısa ama yumuşacık,4,Coool Oversize Fit Bisiklet Yaka Baskılı Kısa Kollu Pamuklu Tişört X9980AZ22SM,Defacto,oversize bir tişörte göre kısa ama yumuşacık,Pozitif
Çokkk cool bir beden büyük alınabilir,5,Coool Oversize Fit Bisiklet Yaka Baskılı Kısa Kollu Pamuklu Tişört X9980AZ22SM,Defacto,çokkk cool bir beden büyük alınabilir,Pozitif
boyum 1.63 kilom 53 S beden aldim kalcami kapatti baya oversize kendi bedeninizi alinn,5,Coool Oversize Fit Bisiklet Yaka Baskılı Kısa Kollu Pamuklu Tişört X9980AZ22SM,Defacto,boyum kilom s beden aldim kalcami kapatti baya oversize kendi bedeninizi alinn,Pozitif
"güzel bir tshirt, kalıbı oversize olduğu için xs almama rağmen bol durdu, kilo 43 boy 1.60, kalçamı kapattı",5,Coool Oversize Fit Bisiklet Yaka Baskılı Kısa Kollu Pamuklu Tişört X9980AZ22SM,Defacto,güzel bir tshirt kalıbı oversize olduğu için xs almama rağmen bol durdu kilo boy kalçamı kapattı,Pozitif
Kaliteli ama biraz kalıbı büyük xs almama rağmen büyük oldu,4,Coool Oversize Fit Bisiklet Yaka Baskılı Kısa Kollu Pamuklu Tişört X9980AZ22SM,Defacto,kaliteli ama biraz kalıbı büyük xs almama rağmen büyük oldu,Pozitif
cok guzelll baya kaliteli ic gostermiyor bu arada ekru degil bildiginiz beyaz bu,5,Coool Oversize Fit Bisiklet Yaka Baskılı Kısa Kollu Pamuklu Tişört X9980AZ22SM,Defacto,cok guzelll baya kaliteli ic gostermiyor bu arada ekru degil bildiginiz beyaz bu,Pozitif
geldiginde cok begenmsitim modeli ve kalibi guzel ama ilk yikamada rengi cok soldu ikinci yikamadan sonra sadece pijama olarak giyilebilir,2,Coool Oversize Fit Bisiklet Yaka Baskılı Kısa Kollu Pamuklu Tişört X9980AZ22SM,Defacto,geldiginde cok begenmsitim modeli ve kalibi guzel ama ilk yikamada rengi cok soldu ikinci yikamadan sonra sadece pijama olarak giyilebilir,Negatif
kumaşı desenleri rengi çok güzel. xs giyiyorum ama salaş durması için m aldım gayet güzel alınır🫶,5,Coool Oversize Fit Bisiklet Yaka Baskılı Kısa Kollu Pamuklu Tişört X9980AZ22SM,Defacto,kumaşı desenleri rengi çok güzel xs giyiyorum ama salaş durması için m aldım gayet güzel alınır,Pozitif
very good,5,%100 Pamuk Kısakol Kadın Pijama Takım U16S7SP30,US Polo Assn,very good,Pozitif
kalıpları biraz dar ama pamuklu olduğu için güzel,5,Relax Fit Yuvarlak Yaka Basic Tişört K1508AZ21SP,Defacto,kalıpları biraz dar ama pamuklu olduğu için güzel,Pozitif
çok tarz bir pantolon bedeninizi alın,5,Kemerli Ekoseli Paçaları Geniş Kesim Pantolon 0KAL48389OW,Koton,çok tarz bir pantolon bedeninizi alın,Pozitif
güzel tam istediğim gibi oldu tam üzerime göre süper,5,Kemerli Ekoseli Paçaları Geniş Kesim Pantolon 0KAL48389OW,Koton,güzel tam istediğim gibi oldu tam üzerime göre süper,Pozitif
tek kelimeyle super.165 boyum 55 kilo42 beden tam bilegim de beli herseti muazzam bir pantolon.kumasi kislik..cok begendim inanin cok guze ve sik dursu.cok spor oldu..ne cok dar cok genis super..cok tesekkurler..,5,Kemerli Ekoseli Paçaları Geniş Kesim Pantolon 0KAL48389OW,Koton,tek kelimeyle super boyum kilo beden tam bilegim de beli herseti muazzam bir pantolonkumasi kislikcok begendim inanin cok guze ve sik dursucok spor oldune cok dar cok genis supercok tesekkurler,Pozitif
Ürün çok şirin gözüküyor tam bedeninizi almanız uygun .,4,Kemerli Ekoseli Paçaları Geniş Kesim Pantolon 0KAL48389OW,Koton,ürün çok şirin gözüküyor tam bedeninizi almanız uygun,Pozitif
Dugmeler haric tam oturuyor. Kendi bedeninizi alin,5,Kemerli Ekoseli Paçaları Geniş Kesim Pantolon 0KAL48389OW,Koton,dugmeler haric tam oturuyor kendi bedeninizi alin,Pozitif
"1.67 boy 87 kiloyum 44 bedenini aldım, çok guzel oldu. Karın kısmım fazla olduğu için belli oluyor ve hafif sıktı ama korseyle veya bi kaç kilo vererek daha iyi olur, takan biri degilseniz direk giyin zaten çok şık bi parca. boyuda tam markendeki gibi oldu 👍",5,Kemerli Ekoseli Paçaları Geniş Kesim Pantolon 0KAL48389OW,Koton,boy kiloyum bedenini aldım çok guzel oldu karın kısmım fazla olduğu için belli oluyor ve hafif sıktı ama korseyle veya bi kaç kilo vererek daha iyi olur takan biri degilseniz direk giyin zaten çok şık bi parca boyuda tam markendeki gibi oldu,Pozitif
mükkemmel yumuşacik bir pantolon tam beden alabilirsiniz biraz kışlık gibi,5,Kemerli Ekoseli Paçaları Geniş Kesim Pantolon 0KAL48389OW,Koton,mükkemmel yumuşacik bir pantolon tam beden alabilirsiniz biraz kışlık gibi,Pozitif
çok kaliteli ve modeli süper boy 156 kilo 56 38 beden tam oldu boy biraz uzun oldu ama bence böyle daha iyi durdu,5,Kemerli Ekoseli Paçaları Geniş Kesim Pantolon 0KAL48389OW,Koton,çok kaliteli ve modeli süper boy kilo beden tam oldu boy biraz uzun oldu ama bence böyle daha iyi durdu,Pozitif
pantolonun duruşu harika tam beden,5,Kemerli Ekoseli Paçaları Geniş Kesim Pantolon 0KAL48389OW,Koton,pantolonun duruşu harika tam beden,Pozitif
1.70 boy 57 kiloyum 36 aldım cuk diye oturdu çok az göbeğim var ama çok belli etmiyor çok da güzel valla,5,Kemerli Ekoseli Paçaları Geniş Kesim Pantolon 0KAL48389OW,Koton,boy kiloyum aldım cuk diye oturdu çok az göbeğim var ama çok belli etmiyor çok da güzel valla,Pozitif
Kumaşı çok güzel mutlaka alın kızlad bu pantolon bu fiyata çok iyi benim kilo 51 boy 1.58 36 beden güzel oldu uzun gelmedi 💜,5,Kemerli Ekoseli Paçaları Geniş Kesim Pantolon 0KAL48389OW,Koton,kumaşı çok güzel mutlaka alın kızlad bu pantolon bu fiyata çok iyi benim kilo boy beden güzel oldu uzun gelmedi,Pozitif
"Kumaşı, duruşu gerçekten çok güzel tam kalıp beğendim tavsiye edilir.",5,Kemerli Ekoseli Paçaları Geniş Kesim Pantolon 0KAL48389OW,Koton,kumaşı duruşu gerçekten çok güzel tam kalıp beğendim tavsiye edilir,Pozitif
çok iyi gerçekten ben 1.62 boyunda 51 kiloyum benim normal olarak bileğinde bitti öyle olması bence daha güzeldi,5,Kemerli Ekoseli Paçaları Geniş Kesim Pantolon 0KAL48389OW,Koton,çok iyi gerçekten ben boyunda kiloyum benim normal olarak bileğinde bitti öyle olması bence daha güzeldi,Pozitif
Aslında çok beğendim çok güzel bir pantolon ama benim vücut tipime uygun değil maalesef. Ya da kalıbında bir sıkıntı var. Beli çok bol oldu kalçası tam oturdu. Yorumlar da beli çok dar yazılmıştı ama dar falan değil büyük hatta yani.,1,Kemerli Ekoseli Paçaları Geniş Kesim Pantolon 0KAL48389OW,Koton,aslında çok beğendim çok güzel bir pantolon ama benim vücut tipime uygun değil maalesef ya da kalıbında bir sıkıntı var beli çok bol oldu kalçası tam oturdu yorumlar da beli çok dar yazılmıştı ama dar falan değil büyük hatta yani,Negatif
Çok tatlı çok şık bir elbise kumaşıda kaliteli iyiki almışımm hiç düşünmeden alınn,5,The Natural Look Dress - Doğal Dokulu Elbise 9YAK88655PW,Koton,çok tatlı çok şık bir elbise kumaşıda kaliteli iyiki almışımm hiç düşünmeden alınn,Pozitif
Çok güzel teşekkür ederim 🤩,5,The Natural Look Dress - Doğal Dokulu Elbise 9YAK88655PW,Koton,çok güzel teşekkür ederim,Pozitif
güzel ürün çok begendım,5,The Natural Look Dress - Doğal Dokulu Elbise 9YAK88655PW,Koton,güzel ürün çok begendım,Pozitif
muhtesem bir elbise,3,The Natural Look Dress - Doğal Dokulu Elbise 9YAK88655PW,Koton,muhtesem bir elbise,Nötr
guzel bi ürün,5,The Natural Look Dress - Doğal Dokulu Elbise 9YAK88655PW,Koton,guzel bi ürün,Pozitif
Çok güzel kalitesini çok beğendim,5,The Natural Look Dress - Doğal Dokulu Elbise 9YAK88655PW,Koton,çok güzel kalitesini çok beğendim,Pozitif
"mükemmel bir elbise,65 kilo 38 beden aldim.",5,The Natural Look Dress - Doğal Dokulu Elbise 9YAK88655PW,Koton,mükemmel bir elbise kilo beden aldim,Pozitif
Güzel bir elbise. Uçuş uçuş. Etiketi kesilmişti. O hoşuma gitmedi. Birisi giyip geri yollamış diye düşündüm. Onun dışında beğendim.,4,The Natural Look Dress - Doğal Dokulu Elbise 9YAK88655PW,Koton,güzel bir elbise uçuş uçuş etiketi kesilmişti o hoşuma gitmedi birisi giyip geri yollamış diye düşündüm onun dışında beğendim,Pozitif
Neden puanı bu kadar düşük anlamadım. Modeli ve duruşu çok güzel. İp askılı kısmını bağlarsanız boy ayarını da yapmış olursunu. Bu fiyata harika bence!,5,The Natural Look Dress - Doğal Dokulu Elbise 9YAK88655PW,Koton,neden puanı bu kadar düşük anlamadım modeli ve duruşu çok güzel ip askılı kısmını bağlarsanız boy ayarını da yapmış olursunu bu fiyata harika bence,Pozitif
Harika tam beden,5,The Natural Look Dress - Doğal Dokulu Elbise 9YAK88655PW,Koton,harika tam beden,Pozitif
alarmı üzerinde geldi koton bunu hep yapıyor,1,The Natural Look Dress - Doğal Dokulu Elbise 9YAK88655PW,Koton,alarmı üzerinde geldi koton bunu hep yapıyor,Negatif
Mağazada denedim aldım çok güzel bir elbise şirin duruyor♡,5,The Natural Look Dress - Doğal Dokulu Elbise 9YAK88655PW,Koton,mağazada denedim aldım çok güzel bir elbise şirin duruyor,Pozitif
Güzel severek kullandım tam giy çık bi elbise 🤗,5,The Natural Look Dress - Doğal Dokulu Elbise 9YAK88655PW,Koton,güzel severek kullandım tam giy çık bi elbise,Pozitif
Harika bir elbise indirimden almıştım bayıldım. Kesinlikle tavsiye ederim ama fazla iç gösteriyor. Üçüne astar etekle giymeyi düşünüyorum.,4,The Natural Look Dress - Doğal Dokulu Elbise 9YAK88655PW,Koton,harika bir elbise indirimden almıştım bayıldım kesinlikle tavsiye ederim ama fazla iç gösteriyor üçüne astar etekle giymeyi düşünüyorum,Pozitif
elbise çok güzel beğendim ama kuşağı yoktu eksik göndermişler iade etmedim artık,3,The Natural Look Dress - Doğal Dokulu Elbise 9YAK88655PW,Koton,elbise çok güzel beğendim ama kuşağı yoktu eksik göndermişler iade etmedim artık,Nötr
çok iç gösteriyor hayatta giyilecel durumda değil astar diktirtmeniz gerekiyor yoksa giyilmez ha bide rengi kirli gibi ürün hiç göründüğü gibi gelmedi tam bi rezillik,1,The Natural Look Dress - Doğal Dokulu Elbise 9YAK88655PW,Koton,çok iç gösteriyor hayatta giyilecel durumda değil astar diktirtmeniz gerekiyor yoksa giyilmez ha bide rengi kirli gibi ürün hiç göründüğü gibi gelmedi tam bi rezillik,Negatif
Güzel bir ürün,2,The Natural Look Dress - Doğal Dokulu Elbise 9YAK88655PW,Koton,güzel bir ürün,Negatif
Ürün gayet güzel 😊,5,The Natural Look Dress - Doğal Dokulu Elbise 9YAK88655PW,Koton,ürün gayet güzel,Pozitif
GÖĞÜS DEKOLTESI COK ISTANBULDA HAYATTA GIYILMEZZ,1,The Natural Look Dress - Doğal Dokulu Elbise 9YAK88655PW,Koton,göğüs dekoltesi cok istanbulda hayatta giyilmezz,Negatif
bana pek yakışmadı 😊,4,The Natural Look Dress - Doğal Dokulu Elbise 9YAK88655PW,Koton,bana pek yakışmadı,Pozitif
Ūrūn görūndūgū gibi kaliteli.,5,The Natural Look Dress - Doğal Dokulu Elbise 9YAK88655PW,Koton,rn görndg gibi kaliteli,Pozitif
İndirimde almıştım gayet güzel bir ürün tam beden alın,4,The Natural Look Dress - Doğal Dokulu Elbise 9YAK88655PW,Koton,indirimde almıştım gayet güzel bir ürün tam beden alın,Pozitif
iç gösteriyor,2,The Natural Look Dress - Doğal Dokulu Elbise 9YAK88655PW,Koton,iç gösteriyor,Negatif
Fiyat performansı rengi her şeyi çok güzel bayıldım 💛,5,The Natural Look Dress - Doğal Dokulu Elbise 9YAK88655PW,Koton,fiyat performansı rengi her şeyi çok güzel bayıldım,Pozitif
Çok güzel 170 boy 58 kilo S beden aldım tam oldu. Günlük bir elbise olarak tavsiye ederim,5,The Natural Look Dress - Doğal Dokulu Elbise 9YAK88655PW,Koton,çok güzel boy kilo s beden aldım tam oldu günlük bir elbise olarak tavsiye ederim,Pozitif
begendim. alınabilir,3,The Natural Look Dress - Doğal Dokulu Elbise 9YAK88655PW,Koton,begendim alınabilir,Nötr
Oldukça güzel 36 bedenim ama 38 aldım gögüs olmadı cünkü,5,The Natural Look Dress - Doğal Dokulu Elbise 9YAK88655PW,Koton,oldukça güzel bedenim ama aldım gögüs olmadı cünkü,Pozitif
İç gösteriyoor,1,The Natural Look Dress - Doğal Dokulu Elbise 9YAK88655PW,Koton,iç gösteriyoor,Negatif
guzel tam beden bir elbise gelen elbise rengindeki sarilar daha canli tek sorun astari yok ic gösteriyor fiyatina gore gayet guzel ben indirimde almistim 68 tl,5,The Natural Look Dress - Doğal Dokulu Elbise 9YAK88655PW,Koton,guzel tam beden bir elbise gelen elbise rengindeki sarilar daha canli tek sorun astari yok ic gösteriyor fiyatina gore gayet guzel ben indirimde almistim tl,Pozitif
iç gösteriyor astarı yoktu ama kendiniz elbisenin altına giyebilirsiniz kumaşı duruşu çok güzel yaz için kullanışlı bir elbise,5,The Natural Look Dress - Doğal Dokulu Elbise 9YAK88655PW,Koton,iç gösteriyor astarı yoktu ama kendiniz elbisenin altına giyebilirsiniz kumaşı duruşu çok güzel yaz için kullanışlı bir elbise,Pozitif
Harika tam beden alınmalı .,5,Slim Fit V Yaka Basic Pamuklu Penye Tişört M7668AZ21SP,Defacto,harika tam beden alınmalı,Pozitif
Çok güzel 1 beden küçük alınmalı,4,Slim Fit V Yaka Basic Pamuklu Penye Tişört M7668AZ21SP,Defacto,çok güzel beden küçük alınmalı,Pozitif
fiyatina gore cok iyi bir urun tam bedeninizi alabilirsiniz,5,Slim Fit V Yaka Basic Pamuklu Penye Tişört M7668AZ21SP,Defacto,fiyatina gore cok iyi bir urun tam bedeninizi alabilirsiniz,Pozitif
Tişört çok kaliteli tam beden,5,Slim Fit V Yaka Basic Pamuklu Penye Tişört M7668AZ21SP,Defacto,tişört çok kaliteli tam beden,Pozitif
Çok Rahat Ve Güzeldi. 😍,5,Slim Fit V Yaka Basic Pamuklu Penye Tişört M7668AZ21SP,Defacto,çok rahat ve güzeldi,Pozitif
Kaliteli ürün,5,Slim Fit V Yaka Basic Pamuklu Penye Tişört M7668AZ21SP,Defacto,kaliteli ürün,Pozitif
beklediğimizden biraz bol üzerinize tam otursun derseniz 1 beden küçük alın,5,Slim Fit V Yaka Basic Pamuklu Penye Tişört M7668AZ21SP,Defacto,beklediğimizden biraz bol üzerinize tam otursun derseniz beden küçük alın,Pozitif
güzel ürün,5,Slim Fit V Yaka Basic Pamuklu Penye Tişört M7668AZ21SP,Defacto,güzel ürün,Pozitif
kendi bedeninizi alın güzel tshirt,5,Slim Fit V Yaka Basic Pamuklu Penye Tişört M7668AZ21SP,Defacto,kendi bedeninizi alın güzel tshirt,Pozitif
Oğluma aldım çok beğendi,5,Slim Fit V Yaka Basic Pamuklu Penye Tişört M7668AZ21SP,Defacto,oğluma aldım çok beğendi,Pozitif
kesimi güzel tavsiye ederim,5,Slim Fit V Yaka Basic Pamuklu Penye Tişört M7668AZ21SP,Defacto,kesimi güzel tavsiye ederim,Pozitif
güzel urun eşim için almıştım 68 kilo s beden biraz dar gelebilir göbekli biri için m beden alına bilir,4,Slim Fit V Yaka Basic Pamuklu Penye Tişört M7668AZ21SP,Defacto,güzel urun eşim için almıştım kilo s beden biraz dar gelebilir göbekli biri için m beden alına bilir,Pozitif
tam beden alabilirsiniz kumasi tok,5,Slim Fit V Yaka Basic Pamuklu Penye Tişört M7668AZ21SP,Defacto,tam beden alabilirsiniz kumasi tok,Pozitif
Tam bedeninizi alın birçok rengini aldım kumaşı kalitesi çok güzel,5,Slim Fit V Yaka Basic Pamuklu Penye Tişört M7668AZ21SP,Defacto,tam bedeninizi alın birçok rengini aldım kumaşı kalitesi çok güzel,Pozitif
Bir beden küçük alın derim,5,Slim Fit V Yaka Basic Pamuklu Penye Tişört M7668AZ21SP,Defacto,bir beden küçük alın derim,Pozitif
kendi bedeninizi alabilirsiniz yapışmayan kumaşı var.,5,Slim Fit V Yaka Basic Pamuklu Penye Tişört M7668AZ21SP,Defacto,kendi bedeninizi alabilirsiniz yapışmayan kumaşı var,Pozitif
Ürün güzel tavsiye ederim,5,Slim Fit V Yaka Basic Pamuklu Penye Tişört M7668AZ21SP,Defacto,ürün güzel tavsiye ederim,Pozitif
Çok hoooooooşşdur,5,Slim Fit V Yaka Basic Pamuklu Penye Tişört M7668AZ21SP,Defacto,çok hoooooooşşdur,Pozitif
Bayıldım harika,5,Slim Fit V Yaka Basic Pamuklu Penye Tişört M7668AZ21SP,Defacto,bayıldım harika,Pozitif
ortalama bedenlere göre slqş,3,Slim Fit V Yaka Basic Pamuklu Penye Tişört M7668AZ21SP,Defacto,ortalama bedenlere göre slqş,Nötr
Bedeni biraz büyük geldi . Tam bedeninizi alabilirsiniz .,5,Slim Fit V Yaka Basic Pamuklu Penye Tişört M7668AZ21SP,Defacto,bedeni biraz büyük geldi tam bedeninizi alabilirsiniz,Pozitif
Eşime almıştım çok beğendik,5,Slim Fit V Yaka Basic Pamuklu Penye Tişört M7668AZ21SP,Defacto,eşime almıştım çok beğendik,Pozitif
Çok iyiydi,5,Slim Fit V Yaka Basic Pamuklu Penye Tişört M7668AZ21SP,Defacto,çok iyiydi,Pozitif
Kaliteli gibi duruyor,5,Slim Fit V Yaka Basic Pamuklu Penye Tişört M7668AZ21SP,Defacto,kaliteli gibi duruyor,Pozitif
Çok beğendik,5,Slim Fit V Yaka Basic Pamuklu Penye Tişört M7668AZ21SP,Defacto,çok beğendik,Pozitif
çok güzel bir ürün,5,Slim Fit V Yaka Basic Pamuklu Penye Tişört M7668AZ21SP,Defacto,çok güzel bir ürün,Pozitif
gerçekten çok güzel bir ürün teşekkürler,5,Slim Fit V Yaka Basic Pamuklu Penye Tişört M7668AZ21SP,Defacto,gerçekten çok güzel bir ürün teşekkürler,Pozitif
çok güzel görselin aynısı bedeninizi alabilirsiniz,5,Slim Fit V Yaka Basic Pamuklu Penye Tişört M7668AZ21SP,Defacto,çok güzel görselin aynısı bedeninizi alabilirsiniz,Pozitif
Hediye ettim beğenildi güzel,4,Slim Fit V Yaka Basic Pamuklu Penye Tişört M7668AZ21SP,Defacto,hediye ettim beğenildi güzel,Pozitif
süper gömlek içlerine de giyilir,5,Slim Fit V Yaka Basic Pamuklu Penye Tişört M7668AZ21SP,Defacto,süper gömlek içlerine de giyilir,Pozitif
Ürün gerçekten çok güzel ben çok beğendim bir beden büyük alabilirsiniz ama,5,Regular Fit Bisiklet Yaka Basic Kısa Kollu Pamuklu Penye Tişört M7666AZ21SP,Defacto,ürün gerçekten çok güzel ben çok beğendim bir beden büyük alabilirsiniz ama,Pozitif
Bir beden büyük kalitesi güzel,3,Regular Fit Bisiklet Yaka Basic Kısa Kollu Pamuklu Penye Tişört M7666AZ21SP,Defacto,bir beden büyük kalitesi güzel,Nötr
Cok güzeldi gönül rahatlığıyla alabilirsiniz🤗🤗,5,Regular Fit Bisiklet Yaka Basic Kısa Kollu Pamuklu Penye Tişört M7666AZ21SP,Defacto,cok güzeldi gönül rahatlığıyla alabilirsiniz,Pozitif
güzel ürün. indirimdeyken almıştım,5,Regular Fit Bisiklet Yaka Basic Kısa Kollu Pamuklu Penye Tişört M7666AZ21SP,Defacto,güzel ürün indirimdeyken almıştım,Pozitif
kaliteli hoş ürün,4,Regular Fit Bisiklet Yaka Basic Kısa Kollu Pamuklu Penye Tişört M7666AZ21SP,Defacto,kaliteli hoş ürün,Pozitif
iyi bir ürün,5,Regular Fit Bisiklet Yaka Basic Kısa Kollu Pamuklu Penye Tişört M7666AZ21SP,Defacto,iyi bir ürün,Pozitif
Harika. Super bir ūrūn.,5,Regular Fit Bisiklet Yaka Basic Kısa Kollu Pamuklu Penye Tişört M7666AZ21SP,Defacto,harika super bir rn,Pozitif
Güzel kaliteli,5,Regular Fit Bisiklet Yaka Basic Kısa Kollu Pamuklu Penye Tişört M7666AZ21SP,Defacto,güzel kaliteli,Pozitif
guzel ve kulanisli🥰🥰🥰🥰,4,Regular Fit Bisiklet Yaka Basic Kısa Kollu Pamuklu Penye Tişört M7666AZ21SP,Defacto,guzel ve kulanisli,Pozitif
harika bir ürün,5,Regular Fit Bisiklet Yaka Basic Kısa Kollu Pamuklu Penye Tişört M7666AZ21SP,Defacto,harika bir ürün,Pozitif
çok kaliteli bir ürün,5,Regular Fit Bisiklet Yaka Basic Kısa Kollu Pamuklu Penye Tişört M7666AZ21SP,Defacto,çok kaliteli bir ürün,Pozitif
cok begendigim soylenemez indirimdeyken almistim,2,Regular Fit Bisiklet Yaka Basic Kısa Kollu Pamuklu Penye Tişört M7666AZ21SP,Defacto,cok begendigim soylenemez indirimdeyken almistim,Negatif
Çok iyi rahat,5,Regular Fit Bisiklet Yaka Basic Kısa Kollu Pamuklu Penye Tişört M7666AZ21SP,Defacto,çok iyi rahat,Pozitif
teşekkür ederim güzel bir ürün,5,Regular Fit Bisiklet Yaka Basic Kısa Kollu Pamuklu Penye Tişört M7666AZ21SP,Defacto,teşekkür ederim güzel bir ürün,Pozitif
diyecek laf yok,5,Regular Fit Bisiklet Yaka Basic Kısa Kollu Pamuklu Penye Tişört M7666AZ21SP,Defacto,diyecek laf yok,Pozitif
harika urun.,5,Regular Fit Bisiklet Yaka Basic Kısa Kollu Pamuklu Penye Tişört M7666AZ21SP,Defacto,harika urun,Pozitif
cok guzel oturdu bana Kullanimi kolay ev icin ideal,5,Regular Fit Bisiklet Yaka Basic Kısa Kollu Pamuklu Penye Tişört M7666AZ21SP,Defacto,cok guzel oturdu bana kullanimi kolay ev icin ideal,Pozitif
Bu fiyata güzel kaliteli beden biraz küçük gibi...,5,Regular Fit Bisiklet Yaka Basic Kısa Kollu Pamuklu Penye Tişört M7666AZ21SP,Defacto,bu fiyata güzel kaliteli beden biraz küçük gibi,Pozitif
Babama aldım cok güzel,5,Regular Fit Bisiklet Yaka Basic Kısa Kollu Pamuklu Penye Tişört M7666AZ21SP,Defacto,babama aldım cok güzel,Pozitif
güzel rengi kumasi,5,Regular Fit Bisiklet Yaka Basic Kısa Kollu Pamuklu Penye Tişört M7666AZ21SP,Defacto,güzel rengi kumasi,Pozitif
Bu fiyata süper ürün,5,Regular Fit Bisiklet Yaka Basic Kısa Kollu Pamuklu Penye Tişört M7666AZ21SP,Defacto,bu fiyata süper ürün,Pozitif
Çok güzel bir ürün,5,Regular Fit Bisiklet Yaka Basic Kısa Kollu Pamuklu Penye Tişört M7666AZ21SP,Defacto,çok güzel bir ürün,Pozitif
ürün fiyatına göre gayet kaliteli,5,Regular Fit Bisiklet Yaka Basic Kısa Kollu Pamuklu Penye Tişört M7666AZ21SP,Defacto,ürün fiyatına göre gayet kaliteli,Pozitif
güzel teşekkürler,5,Regular Fit Bisiklet Yaka Basic Kısa Kollu Pamuklu Penye Tişört M7666AZ21SP,Defacto,güzel teşekkürler,Pozitif
İndirimden aldım ve kalıp olarak çok güzel,5,Regular Fit Bisiklet Yaka Basic Kısa Kollu Pamuklu Penye Tişört M7666AZ21SP,Defacto,indirimden aldım ve kalıp olarak çok güzel,Pozitif
Gayet güzel ve rahat.,5,Regular Fit Bisiklet Yaka Basic Kısa Kollu Pamuklu Penye Tişört M7666AZ21SP,Defacto,gayet güzel ve rahat,Pozitif
Kumaşı tam yazlık rengide göründüğü gibi geldi memnun kaldık.,4,Regular Fit Bisiklet Yaka Basic Kısa Kollu Pamuklu Penye Tişört M7666AZ21SP,Defacto,kumaşı tam yazlık rengide göründüğü gibi geldi memnun kaldık,Pozitif
Cok guzel yumusacık,5,Regular Fit Bisiklet Yaka Basic Kısa Kollu Pamuklu Penye Tişört M7666AZ21SP,Defacto,cok guzel yumusacık,Pozitif
guzel urun hizli kargo,5,Regular Fit Bisiklet Yaka Basic Kısa Kollu Pamuklu Penye Tişört M7666AZ21SP,Defacto,guzel urun hizli kargo,Pozitif
Fiyataına göre güzel,3,Regular Fit Bisiklet Yaka Basic Kısa Kollu Pamuklu Penye Tişört M7666AZ21SP,Defacto,fiyataına göre güzel,Nötr
Farklı renginde yuzde 100 pamuk yazıyor diye aldım ama yüzde 50si pamuk sadece,1,Kadın Mercan Şort &amp; Bermuda 1YAL28032OK,Koton,farklı renginde yuzde pamuk yazıyor diye aldım ama yüzde si pamuk sadece,Negatif
Çok beğendik .%100 pamuk .tam beden.,5,Gri Erkek T-Shirt G081SZ011.000.1372925,US Polo Assn,çok beğendik pamuk tam beden,Pozitif
"cok guzel yumusacik ve tiril tiril, sirt harika. 160boy 64kg L biraz buyuk oldu ama yazin yapismasindansa bol tercih ettim. Askilar cok uzun dekolte cok acik, boy yere degdi. Askilari gerektigi kadar ice diktim, oldu bitti. Ic gostermese aksam bile giyilir.",5,Julie Plaj Elbisesi SBA22430,Suwen,cok guzel yumusacik ve tiril tiril sirt harika boy kg l biraz buyuk oldu ama yazin yapismasindansa bol tercih ettim askilar cok uzun dekolte cok acik boy yere degdi askilari gerektigi kadar ice diktim oldu bitti ic gostermese aksam bile giyilir,Pozitif
Çok iyi kalite. tam beklediğim gibi,5,%100 Pamuklu Baskılı Atlet Ve Şort Takım Mercan U16S6SP92,US Polo Assn,çok iyi kalite tam beklediğim gibi,Pozitif
Kaliteli paketi gayet güzel mükemmel,5,%100 Pamuklu Baskılı Atlet Ve Şort Takım Mercan U16S6SP92,US Polo Assn,kaliteli paketi gayet güzel mükemmel,Pozitif
"Klasik mavi kalitesinde, pamuklu kurtarıcı bir parça, bir beden küçük alınmalı",5,V Yaka Lacivert Basic Tişört Fitted / Vücuda Oturan Kesim 168260-80729,Mavi,klasik mavi kalitesinde pamuklu kurtarıcı bir parça bir beden küçük alınmalı,Pozitif
"10numara,5yıldız",5,Coool Çift Cep Deaylı Pamuklu Kısa Kollu Crop Poplin Gömlek X9682AZ22SM,Defacto,numarayıldız,Pozitif
Ürün çok güzel bayıldım,5,Coool Çift Cep Deaylı Pamuklu Kısa Kollu Crop Poplin Gömlek X9682AZ22SM,Defacto,ürün çok güzel bayıldım,Pozitif
Bayıldım renki çok güzel 👍,5,Coool Çift Cep Deaylı Pamuklu Kısa Kollu Crop Poplin Gömlek X9682AZ22SM,Defacto,bayıldım renki çok güzel,Pozitif
163 boy 62kg m beden tam oldu kendi bedeninizi alabilirsiniz,5,Coool Çift Cep Deaylı Pamuklu Kısa Kollu Crop Poplin Gömlek X9682AZ22SM,Defacto,boy kg m beden tam oldu kendi bedeninizi alabilirsiniz,Pozitif
kalıpları geniş bir beden küçük almalısınız,4,Coool Çift Cep Deaylı Pamuklu Kısa Kollu Crop Poplin Gömlek X9682AZ22SM,Defacto,kalıpları geniş bir beden küçük almalısınız,Pozitif
Ürün tatlı parlak renkte bir turuncu. Yüksek bel pantolonlar için ideal 👍🏼,5,Coool Çift Cep Deaylı Pamuklu Kısa Kollu Crop Poplin Gömlek X9682AZ22SM,Defacto,ürün tatlı parlak renkte bir turuncu yüksek bel pantolonlar için ideal,Pozitif
Renk beden hepsi harika 🤩,5,Coool Çift Cep Deaylı Pamuklu Kısa Kollu Crop Poplin Gömlek X9682AZ22SM,Defacto,renk beden hepsi harika,Pozitif
zayıf kişiler için muhteşem bir ürün. crop ölçüsü benim göbek bölgemden dolayı pek güzel durmadı. ama rengini sevdiğim için giyeceğim :) rengi fosforlu gibi. sadece kumaşını çok sevemedim. yazın teninizin yanıyormuş hissini oluşturabilecek bir kumaş. görselde daha tiril tiril gibi göründüğü için almıştım. genel olarak güzel bir ürün tek sıkıntısı kumaş yapısı.,4,Coool Çift Cep Deaylı Pamuklu Kısa Kollu Crop Poplin Gömlek X9682AZ22SM,Defacto,zayıf kişiler için muhteşem bir ürün crop ölçüsü benim göbek bölgemden dolayı pek güzel durmadı ama rengini sevdiğim için giyeceğim rengi fosforlu gibi sadece kumaşını çok sevemedim yazın teninizin yanıyormuş hissini oluşturabilecek bir kumaş görselde daha tiril tiril gibi göründüğü için almıştım genel olarak güzel bir ürün tek sıkıntısı kumaş yapısı,Pozitif
aşırı güzel crop çok kısa değil %100 pamuk oluşu tercih sebebi 163 boy 66 kilo m beden aldım şahane durdu kıyaslayabilirisiniz,5,Coool Çift Cep Deaylı Pamuklu Kısa Kollu Crop Poplin Gömlek X9682AZ22SM,Defacto,aşırı güzel crop çok kısa değil pamuk oluşu tercih sebebi boy kilo m beden aldım şahane durdu kıyaslayabilirisiniz,Pozitif
Kumaşı dokusu güzel rahat bir kesim ben bir beden küçük tercih ettim üzerimdeki s beden,5,Coool Çift Cep Deaylı Pamuklu Kısa Kollu Crop Poplin Gömlek X9682AZ22SM,Defacto,kumaşı dokusu güzel rahat bir kesim ben bir beden küçük tercih ettim üzerimdeki s beden,Pozitif
Ürünü %100 pamuk diye aldım ama içindeki etikette vizkoz yazıyor. Neden yanlış ürün bilgisi veriyorsunuz!! İnsanları kandırmayın,1,Relax Fit Bisiklet Yaka Kısa Kollu Tişört W7299AZ22SM,Defacto,ürünü pamuk diye aldım ama içindeki etikette vizkoz yazıyor neden yanlış ürün bilgisi veriyorsunuz insanları kandırmayın,Negatif
%100 pamuk yazıp polyester içeren ürün satamazsınız. Müşteri ilişkilerini umursamıyorsunuz sanırım.,1,Relax Fit Bisiklet Yaka Kısa Kollu Tişört W7299AZ22SM,Defacto,pamuk yazıp polyester içeren ürün satamazsınız müşteri ilişkilerini umursamıyorsunuz sanırım,Negatif
"Çok sevdim, bedenim de tam oldu fakat göğüs dekoltesi bayağı açık alacaklar için bilginiz olsun.",5,Kadın Kisa Kollu Anvelop Bluz 0YAK68672PW,Koton,çok sevdim bedenim de tam oldu fakat göğüs dekoltesi bayağı açık alacaklar için bilginiz olsun,Pozitif
Kışın çok beğenmiştim şimdi indirimden aldım tam kıilık pamuklu gömlek. Tesettürlüler için biraz kısa olabilir.,5,Kareli Bej Gömlek Oversize / Geniş Kesim 1210039-80933,Mavi,kışın çok beğenmiştim şimdi indirimden aldım tam kıilık pamuklu gömlek tesettürlüler için biraz kısa olabilir,Pozitif
ürün kalitesi güzel kumaşı iyi fakat çok geç geldi 15 gün sonra geldi o yüzden 3 yıldız,3,Regular Fit Beli Bağcıklı Basic Pamuklu Penye Şort W2512AZ21SM,Defacto,ürün kalitesi güzel kumaşı iyi fakat çok geç geldi gün sonra geldi o yüzden yıldız,Nötr
Ürün tam istediğimiz gibi beden olarak aynı,5,Regular Fit Beli Bağcıklı Basic Pamuklu Penye Şort W2512AZ21SM,Defacto,ürün tam istediğimiz gibi beden olarak aynı,Pozitif
rengi çok güzel,5,Regular Fit Beli Bağcıklı Basic Pamuklu Penye Şort W2512AZ21SM,Defacto,rengi çok güzel,Pozitif
gorundugu gibi bir urun de facto kalitesi ve hizi,5,Regular Fit Beli Bağcıklı Basic Pamuklu Penye Şort W2512AZ21SM,Defacto,gorundugu gibi bir urun de facto kalitesi ve hizi,Pozitif
oğluma aldim gayet güzel kumaşı,5,Regular Fit Beli Bağcıklı Basic Pamuklu Penye Şort W2512AZ21SM,Defacto,oğluma aldim gayet güzel kumaşı,Pozitif
Ürün lastkli yerinden sökülmüştü az bir şekilde dikkatli ve kpntrol edilmeli ürünler,1,Regular Fit Beli Bağcıklı Basic Pamuklu Penye Şort W2512AZ21SM,Defacto,ürün lastkli yerinden sökülmüştü az bir şekilde dikkatli ve kpntrol edilmeli ürünler,Negatif
Ürün kumaşı güzel ama boyu uzun,5,Regular Fit Beli Bağcıklı Basic Pamuklu Penye Şort W2512AZ21SM,Defacto,ürün kumaşı güzel ama boyu uzun,Pozitif
hatalı ürün geldi dikişleri sökük etiketi yoktu,1,Regular Fit Beli Bağcıklı Basic Pamuklu Penye Şort W2512AZ21SM,Defacto,hatalı ürün geldi dikişleri sökük etiketi yoktu,Negatif
eşim için aldım begendi. kumaşı ince ve terletmeyecegini dusunuyorum,5,Regular Fit Beli Bağcıklı Basic Pamuklu Penye Şort W2512AZ21SM,Defacto,eşim için aldım begendi kumaşı ince ve terletmeyecegini dusunuyorum,Pozitif
İnce ve güzel,5,Regular Fit Beli Bağcıklı Basic Pamuklu Penye Şort W2512AZ21SM,Defacto,ince ve güzel,Pozitif
gerçekten kaliteli ve güzel,5,Regular Fit Beli Bağcıklı Basic Pamuklu Penye Şort W2512AZ21SM,Defacto,gerçekten kaliteli ve güzel,Pozitif
Yumuşacık ve renkleri çok güzel,5,3 lü Pamuklu Dantelli Hipster Külot - LILAC/INDIGO/STONE ST0044603,Suwen,yumuşacık ve renkleri çok güzel,Pozitif
Eh daha iyi kumaş giydiğim oldu. Bana biraz sert geldi.,3,3 lü Pamuklu Dantelli Hipster Külot - LILAC/INDIGO/STONE ST0044603,Suwen,eh daha iyi kumaş giydiğim oldu bana biraz sert geldi,Nötr
"İnanılmaz yumuşak. Bel boyu , dokusu bence harika ayrıca hızlı teslimat 👌🏼 suwen farkı...",5,3 lü Pamuklu Dantelli Hipster Külot - LILAC/INDIGO/STONE ST0044603,Suwen,inanılmaz yumuşak bel boyu dokusu bence harika ayrıca hızlı teslimat suwen farkı,Pozitif
Çok güzel yumuşacıklar pembeli setini de aldım,5,3 lü Pamuklu Dantelli Hipster Külot - LILAC/INDIGO/STONE ST0044603,Suwen,çok güzel yumuşacıklar pembeli setini de aldım,Pozitif
"İndirimden oldukça uyguna aldım, hamileyim ve kullanımı benim için çok rahat oldu.",5,3 lü Pamuklu Dantelli Hipster Külot - LILAC/INDIGO/STONE ST0044603,Suwen,indirimden oldukça uyguna aldım hamileyim ve kullanımı benim için çok rahat oldu,Pozitif
İnanılmaz rahat bir ürün dokusu yumuşacık.,5,3 lü Pamuklu Dantelli Hipster Külot - LILAC/INDIGO/STONE ST0044603,Suwen,inanılmaz rahat bir ürün dokusu yumuşacık,Pozitif
Yumuşacık bir dokuya sahip açmak Uzun ömürlü mü merak ediyorum,5,3 lü Pamuklu Dantelli Hipster Külot - LILAC/INDIGO/STONE ST0044603,Suwen,yumuşacık bir dokuya sahip açmak uzun ömürlü mü merak ediyorum,Pozitif
Yumuşacık ama kalıp dar 66 kg L aldım o bile hafif topladı darlıktan,5,3 lü Pamuklu Dantelli Hipster Külot - LILAC/INDIGO/STONE ST0044603,Suwen,yumuşacık ama kalıp dar kg l aldım o bile hafif topladı darlıktan,Pozitif
"yumuşacık, hızlı kargo begendim",5,3 lü Pamuklu Dantelli Hipster Külot - LILAC/INDIGO/STONE ST0044603,Suwen,yumuşacık hızlı kargo begendim,Pozitif
Gayet güzel yumuşak dokulu tam benininizi alabilirsiz,4,3 lü Pamuklu Dantelli Hipster Külot - LILAC/INDIGO/STONE ST0044603,Suwen,gayet güzel yumuşak dokulu tam benininizi alabilirsiz,Pozitif
Çok rahat ve yumuşaklar düşünmeden alın derim,5,3 lü Pamuklu Dantelli Hipster Külot - LILAC/INDIGO/STONE ST0044603,Suwen,çok rahat ve yumuşaklar düşünmeden alın derim,Pozitif
Kaliteli. Kumaşı yumuşak. Dantelleri rahatsız etmiyor.,5,3 lü Pamuklu Dantelli Hipster Külot - LILAC/INDIGO/STONE ST0044603,Suwen,kaliteli kumaşı yumuşak dantelleri rahatsız etmiyor,Pozitif
bayildimmmmmmm alın aldırın. inanilmaz yumuşak ve kaliteli. ben m giyiyorum m aldım tam oldu bedeninizi alın,5,3 lü Pamuklu Dantelli Hipster Külot - LILAC/INDIGO/STONE ST0044603,Suwen,bayildimmmmmmm alın aldırın inanilmaz yumuşak ve kaliteli ben m giyiyorum m aldım tam oldu bedeninizi alın,Pozitif
Ürünün kumaşı çok güzel yumuşacık renklerde aynı göründüğü gibi ama bu modelin aynısı koton da var kotunun kesimi daha rahat,4,3 lü Pamuklu Dantelli Hipster Külot - LILAC/INDIGO/STONE ST0044603,Suwen,ürünün kumaşı çok güzel yumuşacık renklerde aynı göründüğü gibi ama bu modelin aynısı koton da var kotunun kesimi daha rahat,Pozitif
Suwen kalitesi yumuşak dokusu iyi ki almışım,5,3 lü Pamuklu Dantelli Hipster Külot - LILAC/INDIGO/STONE ST0044603,Suwen,suwen kalitesi yumuşak dokusu iyi ki almışım,Pozitif
kalitesi ve kumaşın yumuşaklığı harika,5,3 lü Pamuklu Dantelli Hipster Külot - LILAC/INDIGO/STONE ST0044603,Suwen,kalitesi ve kumaşın yumuşaklığı harika,Pozitif
"Kumaşı yumuşacık, renkleri görseldeki gibi bayıldımm.",5,3 lü Pamuklu Dantelli Hipster Külot - LILAC/INDIGO/STONE ST0044603,Suwen,kumaşı yumuşacık renkleri görseldeki gibi bayıldımm,Pozitif
Biraz daha yüksek bel olsaydı daha çok isteğime hitap ederdi.ama yine de çok beğendim.kumaşı yumuşak.,5,3 lü Pamuklu Dantelli Hipster Külot - LILAC/INDIGO/STONE ST0044603,Suwen,biraz daha yüksek bel olsaydı daha çok isteğime hitap ederdiama yine de çok beğendimkumaşı yumuşak,Pozitif
Kumaşı çok güzel yumuşacık. Renkler de çok güzel bu fiyata müthiş bence,5,3 lü Pamuklu Dantelli Hipster Külot - LILAC/INDIGO/STONE ST0044603,Suwen,kumaşı çok güzel yumuşacık renkler de çok güzel bu fiyata müthiş bence,Pozitif
"Kumaşı güzel, kullanışlı",5,3 lü Pamuklu Dantelli Hipster Külot - LILAC/INDIGO/STONE ST0044603,Suwen,kumaşı güzel kullanışlı,Pozitif
Ürün kumaşı çok iyi ve tam beden,5,3 lü Pamuklu Dantelli Hipster Külot - LILAC/INDIGO/STONE ST0044603,Suwen,ürün kumaşı çok iyi ve tam beden,Pozitif
Yumuşacık çok güzeller,5,3 lü Pamuklu Dantelli Hipster Külot - LILAC/INDIGO/STONE ST0044603,Suwen,yumuşacık çok güzeller,Pozitif
yumuşacık kesinlikle cok kaliteli,5,3 lü Pamuklu Dantelli Hipster Külot - LILAC/INDIGO/STONE ST0044603,Suwen,yumuşacık kesinlikle cok kaliteli,Pozitif
"İnanılmaz beğendim yumusacık, tam beden tercih edin",5,3 lü Pamuklu Dantelli Hipster Külot - LILAC/INDIGO/STONE ST0044603,Suwen,inanılmaz beğendim yumusacık tam beden tercih edin,Pozitif
kumaş kalitesi güzel,5,3 lü Pamuklu Dantelli Hipster Külot - LILAC/INDIGO/STONE ST0044603,Suwen,kumaş kalitesi güzel,Pozitif
Kumaşı dokusu kalitesi çok güzel çok beğendim .,5,3 lü Pamuklu Dantelli Hipster Külot - LILAC/INDIGO/STONE ST0044603,Suwen,kumaşı dokusu kalitesi çok güzel çok beğendim,Pozitif
Ürün tam beden.kumaşı güzel.,5,3 lü Pamuklu Dantelli Hipster Külot - LILAC/INDIGO/STONE ST0044603,Suwen,ürün tam bedenkumaşı güzel,Pozitif
kumaş kalitesi gayet güzel ve kullanisli...,4,3 lü Pamuklu Dantelli Hipster Külot - LILAC/INDIGO/STONE ST0044603,Suwen,kumaş kalitesi gayet güzel ve kullanisli,Pozitif
Kaliteli kuması var ve durusu güzel,5,3 lü Pamuklu Dantelli Hipster Külot - LILAC/INDIGO/STONE ST0044603,Suwen,kaliteli kuması var ve durusu güzel,Pozitif
begendim kumaşı da çok güzel,5,3 lü Pamuklu Dantelli Hipster Külot - LILAC/INDIGO/STONE ST0044603,Suwen,begendim kumaşı da çok güzel,Pozitif
"Tam yazlık, çok rahat",5,Erkek %100 Pamuk Beyaz Bisiklet Yaka Baskılı T-shirt A21Y1104,Avva,tam yazlık çok rahat,Pozitif
eşime hediye aldım çok beğenerek kullanıyor,5,Erkek %100 Pamuk Beyaz Bisiklet Yaka Baskılı T-shirt A21Y1104,Avva,eşime hediye aldım çok beğenerek kullanıyor,Pozitif
Merhaba. Ürün kalite olarak güzel fakat kol detayı siyah değil. Buna bilerek alım yapın. Siyah olsa daha güzel olabilirdi.,4,Erkek %100 Pamuk Beyaz Bisiklet Yaka Baskılı T-shirt A21Y1104,Avva,merhaba ürün kalite olarak güzel fakat kol detayı siyah değil buna bilerek alım yapın siyah olsa daha güzel olabilirdi,Pozitif
Koton urunleri cok guzel kaliteli,5,Kadın Mavi Baskılı Bisiklet Yaka Pamuklu T-Shirt 1YAL18944IK,Koton,koton urunleri cok guzel kaliteli,Pozitif
Yanlış ürünü yollamışlar ne yazık ki,3,Kadın Mavi Baskılı Bisiklet Yaka Pamuklu T-Shirt 1YAL18944IK,Koton,yanlış ürünü yollamışlar ne yazık ki,Nötr
Ürün bizede farklı geldi fakat gelen ürün hoşumuza gittiği için değiştirmedim ama bu davranışınız hiç hoş değil,5,Kadın Mavi Baskılı Bisiklet Yaka Pamuklu T-Shirt 1YAL18944IK,Koton,ürün bizede farklı geldi fakat gelen ürün hoşumuza gittiği için değiştirmedim ama bu davranışınız hiç hoş değil,Pozitif
Kumaşı çok kaliteli değil basit duruyor. Beden olarak tam beden alabilirsiniz.,3,Kadın Mavi Baskılı Bisiklet Yaka Pamuklu T-Shirt 1YAL18944IK,Koton,kumaşı çok kaliteli değil basit duruyor beden olarak tam beden alabilirsiniz,Nötr
Begenmedim temizlik bezi gibi kumaşı var,2,Kadın Mavi Baskılı Bisiklet Yaka Pamuklu T-Shirt 1YAL18944IK,Koton,begenmedim temizlik bezi gibi kumaşı var,Negatif
Harika bir renk tam bebe mavisi pamuklu rahat💙,5,Kadın Mavi Baskılı Bisiklet Yaka Pamuklu T-Shirt 1YAL18944IK,Koton,harika bir renk tam bebe mavisi pamuklu rahat,Pozitif
"bana gelen tişört farklıydı değiştirebilirdik ama ama uğraşmaya değmez. uygun fiyat, gelen tişortte ona çok benzeyen ve güzel bir tişört",5,Kadın Mavi Baskılı Bisiklet Yaka Pamuklu T-Shirt 1YAL18944IK,Koton,bana gelen tişört farklıydı değiştirebilirdik ama ama uğraşmaya değmez uygun fiyat gelen tişortte ona çok benzeyen ve güzel bir tişört,Pozitif
Rengi tam göründüğü gibi kumaşı da çok güzel.,5,Kadın Mavi Baskılı Bisiklet Yaka Pamuklu T-Shirt 1YAL18944IK,Koton,rengi tam göründüğü gibi kumaşı da çok güzel,Pozitif
Gelen ürünün sadece rengi aynı baskı farklı geldi,1,Kadın Mavi Baskılı Bisiklet Yaka Pamuklu T-Shirt 1YAL18944IK,Koton,gelen ürünün sadece rengi aynı baskı farklı geldi,Negatif
fotoğraftaki t-shirt gelmedi ama kötü bir t-shirt olmadığı için iade yapmıyorum. ürünleri gönderirken daha dikkatli olun lütfen,3,Kadın Mavi Baskılı Bisiklet Yaka Pamuklu T-Shirt 1YAL18944IK,Koton,fotoğraftaki tshirt gelmedi ama kötü bir tshirt olmadığı için iade yapmıyorum ürünleri gönderirken daha dikkatli olun lütfen,Nötr
Kotonda bu üçüncü kez başıma geliyor sürekli farklı ürün gönderiyorlar gönderdikleri üründe giyilecek gibi değil,1,Kadın Mavi Baskılı Bisiklet Yaka Pamuklu T-Shirt 1YAL18944IK,Koton,kotonda bu üçüncü kez başıma geliyor sürekli farklı ürün gönderiyorlar gönderdikleri üründe giyilecek gibi değil,Negatif
Farklı ürün geldi,1,Kadın Mavi Baskılı Bisiklet Yaka Pamuklu T-Shirt 1YAL18944IK,Koton,farklı ürün geldi,Negatif
Fotoğraftaki gelmedi başka mavi çirkin bir tişört geldi,1,Kadın Mavi Baskılı Bisiklet Yaka Pamuklu T-Shirt 1YAL18944IK,Koton,fotoğraftaki gelmedi başka mavi çirkin bir tişört geldi,Negatif
İstedigim ürün gelmedi ama gelende güzeldi. Fakat insanlar burada beğendikleri ve gördüklerini almak istiyorlar farklı bir ürün göndermek insanların güvenini sarsıyor. O yüzden puan kırdım.,2,Kadın Mavi Baskılı Bisiklet Yaka Pamuklu T-Shirt 1YAL18944IK,Koton,istedigim ürün gelmedi ama gelende güzeldi fakat insanlar burada beğendikleri ve gördüklerini almak istiyorlar farklı bir ürün göndermek insanların güvenini sarsıyor o yüzden puan kırdım,Negatif
yanlıs ürün gönderdiler koskoca koton bıde ve igrencti,2,Kadın Mavi Baskılı Bisiklet Yaka Pamuklu T-Shirt 1YAL18944IK,Koton,yanlıs ürün gönderdiler koskoca koton bıde ve igrencti,Negatif
ürün görseldekinden farklı geldi değişime gidecek,1,Kadın Mavi Baskılı Bisiklet Yaka Pamuklu T-Shirt 1YAL18944IK,Koton,ürün görseldekinden farklı geldi değişime gidecek,Negatif
Bana gelen tişört aynı renk ama farklı sipariş ettiğim değil yorumlardan anladığım kadarıyla herkesin yanlış gelmiş neden böyle yapmışlar anlamadım ama fiyatı uygun olduğu için iade etmicem.,3,Kadın Mavi Baskılı Bisiklet Yaka Pamuklu T-Shirt 1YAL18944IK,Koton,bana gelen tişört aynı renk ama farklı sipariş ettiğim değil yorumlardan anladığım kadarıyla herkesin yanlış gelmiş neden böyle yapmışlar anlamadım ama fiyatı uygun olduğu için iade etmicem,Nötr
Seçtiğim ürünü koymadığınız için teşekkür ederim koton!!!!!,1,Kadın Mavi Baskılı Bisiklet Yaka Pamuklu T-Shirt 1YAL18944IK,Koton,seçtiğim ürünü koymadığınız için teşekkür ederim koton,Negatif
Bu ürünü sipariş etmiştim ancak aynı renkte başka bi ürün geldi iadeyle uğraşmak istemediğim için kullanıyorum ama keşke böyle bişe olmasıydı,2,Kadın Mavi Baskılı Bisiklet Yaka Pamuklu T-Shirt 1YAL18944IK,Koton,bu ürünü sipariş etmiştim ancak aynı renkte başka bi ürün geldi iadeyle uğraşmak istemediğim için kullanıyorum ama keşke böyle bişe olmasıydı,Negatif
"Resimdeki ürün gelmiyor, farklı bir ürün yollamışlar etiketi koparmamis olsaydım hemen iade edicektim,almaya kesinlikle değmez",1,Kadın Mavi Baskılı Bisiklet Yaka Pamuklu T-Shirt 1YAL18944IK,Koton,resimdeki ürün gelmiyor farklı bir ürün yollamışlar etiketi koparmamis olsaydım hemen iade edicektimalmaya kesinlikle değmez,Negatif
Ürün yanlış geldi,1,Kadın Mavi Baskılı Bisiklet Yaka Pamuklu T-Shirt 1YAL18944IK,Koton,ürün yanlış geldi,Negatif
Kardeşime aldım severek kullanıyor.,5,Lcw Casual Bisiklet Yaka Kısa Kollu Pamuklu Penye Erkek T-shirt S10201Z8,LC Waikiki,kardeşime aldım severek kullanıyor,Pozitif
basarili..,5,Lcw Casual Bisiklet Yaka Kısa Kollu Pamuklu Penye Erkek T-shirt S10201Z8,LC Waikiki,basarili,Pozitif
güzel tavsiye ederim,5,Lcw Casual Bisiklet Yaka Kısa Kollu Pamuklu Penye Erkek T-shirt S10201Z8,LC Waikiki,güzel tavsiye ederim,Pozitif
mükemmel,5,Lcw Casual Bisiklet Yaka Kısa Kollu Pamuklu Penye Erkek T-shirt S10201Z8,LC Waikiki,mükemmel,Pozitif
fena değil,3,Lcw Casual Bisiklet Yaka Kısa Kollu Pamuklu Penye Erkek T-shirt S10201Z8,LC Waikiki,fena değil,Nötr
baya ucuzken almıştım kalitesi çok çok iyi,5,Lcw Casual Bisiklet Yaka Kısa Kollu Pamuklu Penye Erkek T-shirt S10201Z8,LC Waikiki,baya ucuzken almıştım kalitesi çok çok iyi,Pozitif
Boyası çok hızlı çıkıyor lcwnin kendi mağazasından alın bunda bir iş var,1,Lcw Casual Bisiklet Yaka Kısa Kollu Pamuklu Penye Erkek T-shirt S10201Z8,LC Waikiki,boyası çok hızlı çıkıyor lcwnin kendi mağazasından alın bunda bir iş var,Negatif
siyah tisisort benim vazgeçilmezim mükemmel,5,Lcw Casual Bisiklet Yaka Kısa Kollu Pamuklu Penye Erkek T-shirt S10201Z8,LC Waikiki,siyah tisisort benim vazgeçilmezim mükemmel,Pozitif
gayet güzel kaliteli ürün,5,Lcw Casual Bisiklet Yaka Kısa Kollu Pamuklu Penye Erkek T-shirt S10201Z8,LC Waikiki,gayet güzel kaliteli ürün,Pozitif
kardeşime aldım aşırı rahat,5,Lcw Casual Bisiklet Yaka Kısa Kollu Pamuklu Penye Erkek T-shirt S10201Z8,LC Waikiki,kardeşime aldım aşırı rahat,Pozitif
gayet rahat ve de güzel duruyor,4,Lcw Casual Bisiklet Yaka Kısa Kollu Pamuklu Penye Erkek T-shirt S10201Z8,LC Waikiki,gayet rahat ve de güzel duruyor,Pozitif
Güzel bir ürün.,5,Lcw Casual Bisiklet Yaka Kısa Kollu Pamuklu Penye Erkek T-shirt S10201Z8,LC Waikiki,güzel bir ürün,Pozitif
Eşim çok severek kullanıyor.,5,Lcw Casual Bisiklet Yaka Kısa Kollu Pamuklu Penye Erkek T-shirt S10201Z8,LC Waikiki,eşim çok severek kullanıyor,Pozitif
Kaliteli ürünnnnnnn,5,Lcw Casual Bisiklet Yaka Kısa Kollu Pamuklu Penye Erkek T-shirt S10201Z8,LC Waikiki,kaliteli ürünnnnnnn,Pozitif
güzel babama aldım sevdi,5,Lcw Casual Bisiklet Yaka Kısa Kollu Pamuklu Penye Erkek T-shirt S10201Z8,LC Waikiki,güzel babama aldım sevdi,Pozitif
güzel ürün,4,Lcw Casual Bisiklet Yaka Kısa Kollu Pamuklu Penye Erkek T-shirt S10201Z8,LC Waikiki,güzel ürün,Pozitif
2XL aldım oversize gibi,5,Lcw Casual Bisiklet Yaka Kısa Kollu Pamuklu Penye Erkek T-shirt S10201Z8,LC Waikiki,xl aldım oversize gibi,Pozitif
Erkek kardeşime aldım çok beğendi,5,Lcw Casual Bisiklet Yaka Kısa Kollu Pamuklu Penye Erkek T-shirt S10201Z8,LC Waikiki,erkek kardeşime aldım çok beğendi,Pozitif
Harika bir tişört erkek arkadaşıma aldım bayıldı,4,Lcw Casual Bisiklet Yaka Kısa Kollu Pamuklu Penye Erkek T-shirt S10201Z8,LC Waikiki,harika bir tişört erkek arkadaşıma aldım bayıldı,Pozitif
Super t-shirt çok beğendim harika oldu,5,Lcw Casual Bisiklet Yaka Kısa Kollu Pamuklu Penye Erkek T-shirt S10201Z8,LC Waikiki,super tshirt çok beğendim harika oldu,Pozitif
cok iyi cok begendim,5,Lcw Casual Bisiklet Yaka Kısa Kollu Pamuklu Penye Erkek T-shirt S10201Z8,LC Waikiki,cok iyi cok begendim,Pozitif
ürün beklediğimden çok daha iyi tek sorun 1 beden küçük isteyin bende değişim yaptırdım,5,Lcw Casual Bisiklet Yaka Kısa Kollu Pamuklu Penye Erkek T-shirt S10201Z8,LC Waikiki,ürün beklediğimden çok daha iyi tek sorun beden küçük isteyin bende değişim yaptırdım,Pozitif
1.86 boy ve 78 kiloyum oversize istiyorsanız 2xl güzel olacaktır tam bedeninizin iki fazlasını sipariş edin,5,Lcw Casual Bisiklet Yaka Kısa Kollu Pamuklu Penye Erkek T-shirt S10201Z8,LC Waikiki,boy ve kiloyum oversize istiyorsanız xl güzel olacaktır tam bedeninizin iki fazlasını sipariş edin,Pozitif
S beden aldık gayet güzel,5,Lcw Casual Bisiklet Yaka Kısa Kollu Pamuklu Penye Erkek T-shirt S10201Z8,LC Waikiki,s beden aldık gayet güzel,Pozitif
çok iyi ürün,5,Lcw Casual Bisiklet Yaka Kısa Kollu Pamuklu Penye Erkek T-shirt S10201Z8,LC Waikiki,çok iyi ürün,Pozitif
Fiyatına göre güzel ürün.bedeninizi alın,5,Lcw Casual Bisiklet Yaka Kısa Kollu Pamuklu Penye Erkek T-shirt S10201Z8,LC Waikiki,fiyatına göre güzel ürünbedeninizi alın,Pozitif
Tam kalıp,5,Lcw Casual Bisiklet Yaka Kısa Kollu Pamuklu Penye Erkek T-shirt S10201Z8,LC Waikiki,tam kalıp,Pozitif
bu üçüncü alışım harika resmen,5,Lcw Casual Bisiklet Yaka Kısa Kollu Pamuklu Penye Erkek T-shirt S10201Z8,LC Waikiki,bu üçüncü alışım harika resmen,Pozitif
Çok severek giyiyorum 🙏,5,Lcw Casual Bisiklet Yaka Kısa Kollu Pamuklu Penye Erkek T-shirt S10201Z8,LC Waikiki,çok severek giyiyorum,Pozitif
Fiyat performans çok iyi kardesıme aldım 180 boy 75 kilo xl aldım tam istediği gibi oldu,4,Lcw Casual Bisiklet Yaka Kısa Kollu Pamuklu Penye Erkek T-shirt S10201Z8,LC Waikiki,fiyat performans çok iyi kardesıme aldım boy kilo xl aldım tam istediği gibi oldu,Pozitif
biraz dar kalıp ona göre alın mal güzel pamuklu,5,Tıto Beyaz Kısa Kollu Erkek T-Shirt 911044-9003,HUMMEL,biraz dar kalıp ona göre alın mal güzel pamuklu,Pozitif
Harika bir gömlek. kumaşı pamuklu .biraz kalın yaz için ama serin havalarda mükemmel.durusu her şeyi çok güzel. Ben bir tık büyük almışım ama şikayetçi değilim salaş severim zaten .rengi mavi kodlarla ve beyaz tişörtle Efsane duruyor .,5,Lux Touch Lacivert Lyocell Gömlek Oversize / Geniş Kesim 122823-70497,Mavi,harika bir gömlek kumaşı pamuklu biraz kalın yaz için ama serin havalarda mükemmeldurusu her şeyi çok güzel ben bir tık büyük almışım ama şikayetçi değilim salaş severim zaten rengi mavi kodlarla ve beyaz tişörtle efsane duruyor,Pozitif
Çok beğendiğim bir takım okadar sık kullandım ki tavsiye edilir,5,Respect Life - Yasama Saygi | Sahika Ercümen X Desenli Şort Pamuklu 1YAK01414UW,Koton,çok beğendiğim bir takım okadar sık kullandım ki tavsiye edilir,Pozitif
40 beden siparis ettigim urun 34 beden gonderildi👎🏼,1,Respect Life - Yasama Saygi | Sahika Ercümen X Desenli Şort Pamuklu 1YAK01414UW,Koton,beden siparis ettigim urun beden gonderildi,Negatif
Beğendim teşekkürler,5,Respect Life - Yasama Saygi | Sahika Ercümen X Desenli Şort Pamuklu 1YAK01414UW,Koton,beğendim teşekkürler,Pozitif
Şahika ercumen in her bir parçasına bayıla bayıla alan ben....çok tatlı...,5,Respect Life - Yasama Saygi | Sahika Ercümen X Desenli Şort Pamuklu 1YAK01414UW,Koton,şahika ercumen in her bir parçasına bayıla bayıla alan bençok tatlı,Pozitif
Kumasi hic rahat degil.,1,Respect Life - Yasama Saygi | Sahika Ercümen X Desenli Şort Pamuklu 1YAK01414UW,Koton,kumasi hic rahat degil,Negatif
%100 pamuk bir ürün. Gömlekle de çok tatlı oluyor.,5,Respect Life - Yasama Saygi | Sahika Ercümen X Desenli Şort Pamuklu 1YAK01414UW,Koton,pamuk bir ürün gömlekle de çok tatlı oluyor,Pozitif
Çok beğendiğim bir takım okadar sık kullandım ki tavsiye edilir,5,Respect Life - Yasama Saygi | Sahika Ercümen X Desenli Şort Pamuklu 1YAK01414UW,Koton,çok beğendiğim bir takım okadar sık kullandım ki tavsiye edilir,Pozitif
40 beden siparis ettigim urun 34 beden gonderildi👎🏼,1,Respect Life - Yasama Saygi | Sahika Ercümen X Desenli Şort Pamuklu 1YAK01414UW,Koton,beden siparis ettigim urun beden gonderildi,Negatif
Beğendim teşekkürler,5,Respect Life - Yasama Saygi | Sahika Ercümen X Desenli Şort Pamuklu 1YAK01414UW,Koton,beğendim teşekkürler,Pozitif
Şahika ercumen in her bir parçasına bayıla bayıla alan ben....çok tatlı...,5,Respect Life - Yasama Saygi | Sahika Ercümen X Desenli Şort Pamuklu 1YAK01414UW,Koton,şahika ercumen in her bir parçasına bayıla bayıla alan bençok tatlı,Pozitif
Kumasi hic rahat degil.,1,Respect Life - Yasama Saygi | Sahika Ercümen X Desenli Şort Pamuklu 1YAK01414UW,Koton,kumasi hic rahat degil,Negatif
%100 pamuk bir ürün. Gömlekle de çok tatlı oluyor.,5,Respect Life - Yasama Saygi | Sahika Ercümen X Desenli Şort Pamuklu 1YAK01414UW,Koton,pamuk bir ürün gömlekle de çok tatlı oluyor,Pozitif
Rahat pamuklu bi tişört👍,5,Kadın Beyaz T-Shirt 9KAL19056OK,Koton,rahat pamuklu bi tişört,Pozitif
"genis kesim, pamuk rahat bir tisort. 72 kiloyim L beden aldim.",5,Cepli Yeşil Basic Tişört Loose Fit / Bol Rahat Kesim 165846-30735,Mavi,genis kesim pamuk rahat bir tisort kiloyim l beden aldim,Pozitif
çok tarz bir pantolon bedeninizi alın,5,Kemerli Ekoseli Paçaları Geniş Kesim Pantolon 0KAL48389OW,Koton,çok tarz bir pantolon bedeninizi alın,Pozitif
güzel tam istediğim gibi oldu tam üzerime göre süper,5,Kemerli Ekoseli Paçaları Geniş Kesim Pantolon 0KAL48389OW,Koton,güzel tam istediğim gibi oldu tam üzerime göre süper,Pozitif
tek kelimeyle super.165 boyum 55 kilo42 beden tam bilegim de beli herseti muazzam bir pantolon.kumasi kislik..cok begendim inanin cok guze ve sik dursu.cok spor oldu..ne cok dar cok genis super..cok tesekkurler..,5,Kemerli Ekoseli Paçaları Geniş Kesim Pantolon 0KAL48389OW,Koton,tek kelimeyle super boyum kilo beden tam bilegim de beli herseti muazzam bir pantolonkumasi kislikcok begendim inanin cok guze ve sik dursucok spor oldune cok dar cok genis supercok tesekkurler,Pozitif
Ürün çok şirin gözüküyor tam bedeninizi almanız uygun .,4,Kemerli Ekoseli Paçaları Geniş Kesim Pantolon 0KAL48389OW,Koton,ürün çok şirin gözüküyor tam bedeninizi almanız uygun,Pozitif
Dugmeler haric tam oturuyor. Kendi bedeninizi alin,5,Kemerli Ekoseli Paçaları Geniş Kesim Pantolon 0KAL48389OW,Koton,dugmeler haric tam oturuyor kendi bedeninizi alin,Pozitif
"1.67 boy 87 kiloyum 44 bedenini aldım, çok guzel oldu. Karın kısmım fazla olduğu için belli oluyor ve hafif sıktı ama korseyle veya bi kaç kilo vererek daha iyi olur, takan biri degilseniz direk giyin zaten çok şık bi parca. boyuda tam markendeki gibi oldu 👍",5,Kemerli Ekoseli Paçaları Geniş Kesim Pantolon 0KAL48389OW,Koton,boy kiloyum bedenini aldım çok guzel oldu karın kısmım fazla olduğu için belli oluyor ve hafif sıktı ama korseyle veya bi kaç kilo vererek daha iyi olur takan biri degilseniz direk giyin zaten çok şık bi parca boyuda tam markendeki gibi oldu,Pozitif
mükkemmel yumuşacik bir pantolon tam beden alabilirsiniz biraz kışlık gibi,5,Kemerli Ekoseli Paçaları Geniş Kesim Pantolon 0KAL48389OW,Koton,mükkemmel yumuşacik bir pantolon tam beden alabilirsiniz biraz kışlık gibi,Pozitif
çok kaliteli ve modeli süper boy 156 kilo 56 38 beden tam oldu boy biraz uzun oldu ama bence böyle daha iyi durdu,5,Kemerli Ekoseli Paçaları Geniş Kesim Pantolon 0KAL48389OW,Koton,çok kaliteli ve modeli süper boy kilo beden tam oldu boy biraz uzun oldu ama bence böyle daha iyi durdu,Pozitif
pantolonun duruşu harika tam beden,5,Kemerli Ekoseli Paçaları Geniş Kesim Pantolon 0KAL48389OW,Koton,pantolonun duruşu harika tam beden,Pozitif
1.70 boy 57 kiloyum 36 aldım cuk diye oturdu çok az göbeğim var ama çok belli etmiyor çok da güzel valla,5,Kemerli Ekoseli Paçaları Geniş Kesim Pantolon 0KAL48389OW,Koton,boy kiloyum aldım cuk diye oturdu çok az göbeğim var ama çok belli etmiyor çok da güzel valla,Pozitif
Kumaşı çok güzel mutlaka alın kızlad bu pantolon bu fiyata çok iyi benim kilo 51 boy 1.58 36 beden güzel oldu uzun gelmedi 💜,5,Kemerli Ekoseli Paçaları Geniş Kesim Pantolon 0KAL48389OW,Koton,kumaşı çok güzel mutlaka alın kızlad bu pantolon bu fiyata çok iyi benim kilo boy beden güzel oldu uzun gelmedi,Pozitif
"Kumaşı, duruşu gerçekten çok güzel tam kalıp beğendim tavsiye edilir.",5,Kemerli Ekoseli Paçaları Geniş Kesim Pantolon 0KAL48389OW,Koton,kumaşı duruşu gerçekten çok güzel tam kalıp beğendim tavsiye edilir,Pozitif
çok iyi gerçekten ben 1.62 boyunda 51 kiloyum benim normal olarak bileğinde bitti öyle olması bence daha güzeldi,5,Kemerli Ekoseli Paçaları Geniş Kesim Pantolon 0KAL48389OW,Koton,çok iyi gerçekten ben boyunda kiloyum benim normal olarak bileğinde bitti öyle olması bence daha güzeldi,Pozitif
Aslında çok beğendim çok güzel bir pantolon ama benim vücut tipime uygun değil maalesef. Ya da kalıbında bir sıkıntı var. Beli çok bol oldu kalçası tam oturdu. Yorumlar da beli çok dar yazılmıştı ama dar falan değil büyük hatta yani.,1,Kemerli Ekoseli Paçaları Geniş Kesim Pantolon 0KAL48389OW,Koton,aslında çok beğendim çok güzel bir pantolon ama benim vücut tipime uygun değil maalesef ya da kalıbında bir sıkıntı var beli çok bol oldu kalçası tam oturdu yorumlar da beli çok dar yazılmıştı ama dar falan değil büyük hatta yani,Negatif
Çok güzell,5,Regular Fit Polo Yaka Basic Pamuklu Penye Tişört T0126AZ21SP,Defacto,çok güzell,Pozitif
"Kaliteli bir ürün, beğendim",5,Regular Fit Polo Yaka Basic Pamuklu Penye Tişört T0126AZ21SP,Defacto,kaliteli bir ürün beğendim,Pozitif
amcama aldım severek kullanıyor,5,Regular Fit Polo Yaka Basic Pamuklu Penye Tişört T0126AZ21SP,Defacto,amcama aldım severek kullanıyor,Pozitif
Yeğenime aldım gayet güzel 👍,5,Regular Fit Polo Yaka Basic Pamuklu Penye Tişört T0126AZ21SP,Defacto,yeğenime aldım gayet güzel,Pozitif
indirimdeyken aldım güzel,5,Regular Fit Polo Yaka Basic Pamuklu Penye Tişört T0126AZ21SP,Defacto,indirimdeyken aldım güzel,Pozitif
"Memnun kaldım, kumaşı kaliteli.",5,Regular Fit Polo Yaka Basic Pamuklu Penye Tişört T0126AZ21SP,Defacto,memnun kaldım kumaşı kaliteli,Pozitif
bunu da babama almıştım harika,5,Regular Fit Polo Yaka Basic Pamuklu Penye Tişört T0126AZ21SP,Defacto,bunu da babama almıştım harika,Pozitif
owersize geliyor bedeninizden 1beden küçük almanızı tavsiye ederim,5,Regular Fit Polo Yaka Basic Pamuklu Penye Tişört T0126AZ21SP,Defacto,owersize geliyor bedeninizden beden küçük almanızı tavsiye ederim,Pozitif
Hem babama hem kardeşime aldık çok çok memnunuz yeri falan çok güzel,5,Regular Fit Polo Yaka Basic Pamuklu Penye Tişört T0126AZ21SP,Defacto,hem babama hem kardeşime aldık çok çok memnunuz yeri falan çok güzel,Pozitif
berbat hic hoş durmuyor,2,Regular Fit Polo Yaka Basic Pamuklu Penye Tişört T0126AZ21SP,Defacto,berbat hic hoş durmuyor,Negatif
gayet guzel ve şık,5,Regular Fit Polo Yaka Basic Pamuklu Penye Tişört T0126AZ21SP,Defacto,gayet guzel ve şık,Pozitif
beğendim çok güzel,5,Regular Fit Polo Yaka Basic Pamuklu Penye Tişört T0126AZ21SP,Defacto,beğendim çok güzel,Pozitif
Ürün çok rahat ve kumaş kalitesi fiyatına göre gayet iyi. Hızlı gönderim için çok teşekkürler.,5,Regular Fit Polo Yaka Basic Pamuklu Penye Tişört T0126AZ21SP,Defacto,ürün çok rahat ve kumaş kalitesi fiyatına göre gayet iyi hızlı gönderim için çok teşekkürler,Pozitif
Fiyat performans ürünü,4,Regular Fit Polo Yaka Basic Pamuklu Penye Tişört T0126AZ21SP,Defacto,fiyat performans ürünü,Pozitif
Rengi duruşu cok güzel,5,Regular Fit Polo Yaka Basic Pamuklu Penye Tişört T0126AZ21SP,Defacto,rengi duruşu cok güzel,Pozitif
ürün fotoğrafta gözüktüğü gibiydi,5,Regular Fit Polo Yaka Basic Pamuklu Penye Tişört T0126AZ21SP,Defacto,ürün fotoğrafta gözüktüğü gibiydi,Pozitif
Ürün gözüktüğü gibi hediye almıştım. Aldığım kişi çok beğendi,5,Regular Fit Polo Yaka Basic Pamuklu Penye Tişört T0126AZ21SP,Defacto,ürün gözüktüğü gibi hediye almıştım aldığım kişi çok beğendi,Pozitif
Babam için aldım yıkamada sorun olmadı,4,Regular Fit Polo Yaka Basic Pamuklu Penye Tişört T0126AZ21SP,Defacto,babam için aldım yıkamada sorun olmadı,Pozitif
Ürün biraz bedeninize büyük gelebilir bol kesim,4,Regular Fit Polo Yaka Basic Pamuklu Penye Tişört T0126AZ21SP,Defacto,ürün biraz bedeninize büyük gelebilir bol kesim,Pozitif
"Kumaşı iyi,on kezden fazla yıkandı yıpranma olmadı tam beden",5,Regular Fit Polo Yaka Basic Pamuklu Penye Tişört T0126AZ21SP,Defacto,kumaşı iyion kezden fazla yıkandı yıpranma olmadı tam beden,Pozitif
kesinlikle bedene göre geniş geliyor kullanmadım,3,Regular Fit Polo Yaka Basic Pamuklu Penye Tişört T0126AZ21SP,Defacto,kesinlikle bedene göre geniş geliyor kullanmadım,Nötr
Kumaşı güzel rengi harika,5,Regular Fit Polo Yaka Basic Pamuklu Penye Tişört T0126AZ21SP,Defacto,kumaşı güzel rengi harika,Pozitif
İndirimle 36tl ye aldım. Eşim çok beğendi tam beden alabilirsiniz.,5,Regular Fit Polo Yaka Basic Pamuklu Penye Tişört T0126AZ21SP,Defacto,indirimle tl ye aldım eşim çok beğendi tam beden alabilirsiniz,Pozitif
çok beğendim renginde güzel tam bedeninizi alabilirsiniz,5,Regular Fit Polo Yaka Basic Pamuklu Penye Tişört T0126AZ21SP,Defacto,çok beğendim renginde güzel tam bedeninizi alabilirsiniz,Pozitif
Tam göründüğü gibi,5,Regular Fit Polo Yaka Basic Pamuklu Penye Tişört T0126AZ21SP,Defacto,tam göründüğü gibi,Pozitif
Rengi güzel mürdüm eşim begenmesede rengine ben bayıldım defacto ilk tercıhlerım aradında herzaman zaten tişört konusunda oldukça iyiler tşklr 🙏,5,Regular Fit Polo Yaka Basic Pamuklu Penye Tişört T0126AZ21SP,Defacto,rengi güzel mürdüm eşim begenmesede rengine ben bayıldım defacto ilk tercıhlerım aradında herzaman zaten tişört konusunda oldukça iyiler tşklr,Pozitif
gayet şık ve güzel tam beden alınmalı,5,Regular Fit Polo Yaka Basic Pamuklu Penye Tişört T0126AZ21SP,Defacto,gayet şık ve güzel tam beden alınmalı,Pozitif
1.78 boy 88 kg L beden cuk diye oturdu 4 yıldız vermemin nedeni renkleri buradakiyle bir tik daha cansız olması ama başarılı.,4,Regular Fit Polo Yaka Basic Pamuklu Penye Tişört T0126AZ21SP,Defacto,boy kg l beden cuk diye oturdu yıldız vermemin nedeni renkleri buradakiyle bir tik daha cansız olması ama başarılı,Pozitif
Kumaşı gayet kaliteli tam bedeninizi alın,5,Regular Fit Polo Yaka Basic Pamuklu Penye Tişört T0126AZ21SP,Defacto,kumaşı gayet kaliteli tam bedeninizi alın,Pozitif
Ürun çok kaliteli esime aldım.80 kilo L beden cok güzel oldu.Kargo cok hızlı.Tesekkürler...,5,Regular Fit Polo Yaka Basic Pamuklu Penye Tişört T0126AZ21SP,Defacto,ürun çok kaliteli esime aldım kilo l beden cok güzel oldukargo cok hızlıtesekkürler,Pozitif
"Çok sevdim, bedenim de tam oldu fakat göğüs dekoltesi bayağı açık alacaklar için bilginiz olsun.",5,Kadın Kisa Kollu Anvelop Bluz 0YAK68672PW,Koton,çok sevdim bedenim de tam oldu fakat göğüs dekoltesi bayağı açık alacaklar için bilginiz olsun,Pozitif
Ürün gerçekten çok güzel ben çok beğendim bir beden büyük alabilirsiniz ama,5,Regular Fit Bisiklet Yaka Basic Kısa Kollu Pamuklu Penye Tişört M7666AZ21SP,Defacto,ürün gerçekten çok güzel ben çok beğendim bir beden büyük alabilirsiniz ama,Pozitif
Bir beden büyük kalitesi güzel,3,Regular Fit Bisiklet Yaka Basic Kısa Kollu Pamuklu Penye Tişört M7666AZ21SP,Defacto,bir beden büyük kalitesi güzel,Nötr
Cok güzeldi gönül rahatlığıyla alabilirsiniz🤗🤗,5,Regular Fit Bisiklet Yaka Basic Kısa Kollu Pamuklu Penye Tişört M7666AZ21SP,Defacto,cok güzeldi gönül rahatlığıyla alabilirsiniz,Pozitif
güzel ürün. indirimdeyken almıştım,5,Regular Fit Bisiklet Yaka Basic Kısa Kollu Pamuklu Penye Tişört M7666AZ21SP,Defacto,güzel ürün indirimdeyken almıştım,Pozitif
kaliteli hoş ürün,4,Regular Fit Bisiklet Yaka Basic Kısa Kollu Pamuklu Penye Tişört M7666AZ21SP,Defacto,kaliteli hoş ürün,Pozitif
iyi bir ürün,5,Regular Fit Bisiklet Yaka Basic Kısa Kollu Pamuklu Penye Tişört M7666AZ21SP,Defacto,iyi bir ürün,Pozitif
Harika. Super bir ūrūn.,5,Regular Fit Bisiklet Yaka Basic Kısa Kollu Pamuklu Penye Tişört M7666AZ21SP,Defacto,harika super bir rn,Pozitif
Güzel kaliteli,5,Regular Fit Bisiklet Yaka Basic Kısa Kollu Pamuklu Penye Tişört M7666AZ21SP,Defacto,güzel kaliteli,Pozitif
guzel ve kulanisli🥰🥰🥰🥰,4,Regular Fit Bisiklet Yaka Basic Kısa Kollu Pamuklu Penye Tişört M7666AZ21SP,Defacto,guzel ve kulanisli,Pozitif
harika bir ürün,5,Regular Fit Bisiklet Yaka Basic Kısa Kollu Pamuklu Penye Tişört M7666AZ21SP,Defacto,harika bir ürün,Pozitif
çok kaliteli bir ürün,5,Regular Fit Bisiklet Yaka Basic Kısa Kollu Pamuklu Penye Tişört M7666AZ21SP,Defacto,çok kaliteli bir ürün,Pozitif
cok begendigim soylenemez indirimdeyken almistim,2,Regular Fit Bisiklet Yaka Basic Kısa Kollu Pamuklu Penye Tişört M7666AZ21SP,Defacto,cok begendigim soylenemez indirimdeyken almistim,Negatif
Çok iyi rahat,5,Regular Fit Bisiklet Yaka Basic Kısa Kollu Pamuklu Penye Tişört M7666AZ21SP,Defacto,çok iyi rahat,Pozitif
teşekkür ederim güzel bir ürün,5,Regular Fit Bisiklet Yaka Basic Kısa Kollu Pamuklu Penye Tişört M7666AZ21SP,Defacto,teşekkür ederim güzel bir ürün,Pozitif
diyecek laf yok,5,Regular Fit Bisiklet Yaka Basic Kısa Kollu Pamuklu Penye Tişört M7666AZ21SP,Defacto,diyecek laf yok,Pozitif
harika urun.,5,Regular Fit Bisiklet Yaka Basic Kısa Kollu Pamuklu Penye Tişört M7666AZ21SP,Defacto,harika urun,Pozitif
cok guzel oturdu bana Kullanimi kolay ev icin ideal,5,Regular Fit Bisiklet Yaka Basic Kısa Kollu Pamuklu Penye Tişört M7666AZ21SP,Defacto,cok guzel oturdu bana kullanimi kolay ev icin ideal,Pozitif
Bu fiyata güzel kaliteli beden biraz küçük gibi...,5,Regular Fit Bisiklet Yaka Basic Kısa Kollu Pamuklu Penye Tişört M7666AZ21SP,Defacto,bu fiyata güzel kaliteli beden biraz küçük gibi,Pozitif
Babama aldım cok güzel,5,Regular Fit Bisiklet Yaka Basic Kısa Kollu Pamuklu Penye Tişört M7666AZ21SP,Defacto,babama aldım cok güzel,Pozitif
güzel rengi kumasi,5,Regular Fit Bisiklet Yaka Basic Kısa Kollu Pamuklu Penye Tişört M7666AZ21SP,Defacto,güzel rengi kumasi,Pozitif
Bu fiyata süper ürün,5,Regular Fit Bisiklet Yaka Basic Kısa Kollu Pamuklu Penye Tişört M7666AZ21SP,Defacto,bu fiyata süper ürün,Pozitif
Çok güzel bir ürün,5,Regular Fit Bisiklet Yaka Basic Kısa Kollu Pamuklu Penye Tişört M7666AZ21SP,Defacto,çok güzel bir ürün,Pozitif
ürün fiyatına göre gayet kaliteli,5,Regular Fit Bisiklet Yaka Basic Kısa Kollu Pamuklu Penye Tişört M7666AZ21SP,Defacto,ürün fiyatına göre gayet kaliteli,Pozitif
güzel teşekkürler,5,Regular Fit Bisiklet Yaka Basic Kısa Kollu Pamuklu Penye Tişört M7666AZ21SP,Defacto,güzel teşekkürler,Pozitif
İndirimden aldım ve kalıp olarak çok güzel,5,Regular Fit Bisiklet Yaka Basic Kısa Kollu Pamuklu Penye Tişört M7666AZ21SP,Defacto,indirimden aldım ve kalıp olarak çok güzel,Pozitif
Gayet güzel ve rahat.,5,Regular Fit Bisiklet Yaka Basic Kısa Kollu Pamuklu Penye Tişört M7666AZ21SP,Defacto,gayet güzel ve rahat,Pozitif
Kumaşı tam yazlık rengide göründüğü gibi geldi memnun kaldık.,4,Regular Fit Bisiklet Yaka Basic Kısa Kollu Pamuklu Penye Tişört M7666AZ21SP,Defacto,kumaşı tam yazlık rengide göründüğü gibi geldi memnun kaldık,Pozitif
Cok guzel yumusacık,5,Regular Fit Bisiklet Yaka Basic Kısa Kollu Pamuklu Penye Tişört M7666AZ21SP,Defacto,cok guzel yumusacık,Pozitif
guzel urun hizli kargo,5,Regular Fit Bisiklet Yaka Basic Kısa Kollu Pamuklu Penye Tişört M7666AZ21SP,Defacto,guzel urun hizli kargo,Pozitif
Fiyataına göre güzel,3,Regular Fit Bisiklet Yaka Basic Kısa Kollu Pamuklu Penye Tişört M7666AZ21SP,Defacto,fiyataına göre güzel,Nötr
"Ürün kalitesi çok güzel, pamuklu ve yumuşacık",5,Coool Oversize Fit Bisiklet Yaka Kolej Baskılı Kısa Kollu Tişört X0981AZ22SM,Defacto,ürün kalitesi çok güzel pamuklu ve yumuşacık,Pozitif
"Bu sene kararan içlerimizi aydınlatmak için çok güzel renklerle çalışmış markalar. Hem güzel olsun, hem pamuk olsun hem de cıvıl cıvıl olsun diyorsanız koşun alın. Mangolar zaralar çok pahalı ama defactom öyle mi🤗",5,Regular Fit Bisiklet Yaka Kısa Kollu Tişört W9584AZ22SM,Defacto,bu sene kararan içlerimizi aydınlatmak için çok güzel renklerle çalışmış markalar hem güzel olsun hem pamuk olsun hem de cıvıl cıvıl olsun diyorsanız koşun alın mangolar zaralar çok pahalı ama defactom öyle mi,Pozitif
Güzel pamuklu yazlık bir tişört ama Kargo geç geldi,5,Regular Fit Bisiklet Yaka Kısa Kollu Tişört W9584AZ22SM,Defacto,güzel pamuklu yazlık bir tişört ama kargo geç geldi,Pozitif
Ürün kalitesi harika babam için aldım hızlı ve sorunsuz geldi teşekkür ederim,5,Klasik Fit Uzun Kol Garnili Pamuk Keten Cepli Erkek Gömlek KL220016-603,Tudors,ürün kalitesi harika babam için aldım hızlı ve sorunsuz geldi teşekkür ederim,Pozitif
Resimdekiyle birebir aynı geldi 🥳,5,Klasik Fit Uzun Kol Garnili Pamuk Keten Cepli Erkek Gömlek KL220016-603,Tudors,resimdekiyle birebir aynı geldi,Pozitif
"uzun süredir arayıp bulamadığım gömlek kalıbını buldum. uzun dökümlü duran gömleklerden bir türlü bulamiyordum. Diger bilindik marka gömlekleri sadece mankenler giyiyormus gibi kısa ve dar kesimlere sahip. Uzun süre sonra aradığım gömleğe kavuştum gömlek kaliteside bir okadar güzel. Kesinlikle tavsiye ediyorum bu fiyata bu gömlekler alın, aldırın...",5,Klasik Fit Uzun Kol Garnili Pamuk Keten Cepli Erkek Gömlek KL220016-603,Tudors,uzun süredir arayıp bulamadığım gömlek kalıbını buldum uzun dökümlü duran gömleklerden bir türlü bulamiyordum diger bilindik marka gömlekleri sadece mankenler giyiyormus gibi kısa ve dar kesimlere sahip uzun süre sonra aradığım gömleğe kavuştum gömlek kaliteside bir okadar güzel kesinlikle tavsiye ediyorum bu fiyata bu gömlekler alın aldırın,Pozitif
Rengi çok güzel kumaşı pamuklu,5,Coool Slim Fit Basic Kısa Kollu Crop Tişört T9631AZ22SM,Defacto,rengi çok güzel kumaşı pamuklu,Pozitif
"Ürün kalitesi çok güzel, pamuklu ve yumuşacık",5,Coool Oversize Fit Bisiklet Yaka Kolej Baskılı Kısa Kollu Tişört X0981AZ22SM,Defacto,ürün kalitesi çok güzel pamuklu ve yumuşacık,Pozitif
Kumaş kalitesi düşük %55 pamuk 😔,3,Kahverengi Kadın Gömlek G082SZ004.000.1380527,US Polo Assn,kumaş kalitesi düşük pamuk,Nötr
Cok guzel pamuklu kumas bu fiyata harika,5,Kahverengi Kadın Gömlek G082SZ004.000.1380527,US Polo Assn,cok guzel pamuklu kumas bu fiyata harika,Pozitif
Üstte çok güzel duruyor ama göğüs dekoltesi çok fazla o yüzden iade ettim,5,Kadın Firfir Detayli Kisa Kollu Bluz 9YAK68744PW,Koton,üstte çok güzel duruyor ama göğüs dekoltesi çok fazla o yüzden iade ettim,Pozitif
%100 pamuk çok güzel,5,Relax Fit Yuvarlak Yaka Basic Tişört K1508AZ21SP,Defacto,pamuk çok güzel,Pozitif
"%100 pamuk kumaşa sahip ,çok beğendik",5,HMLGUILE SS TEE 911086,HUMMEL,pamuk kumaşa sahip çok beğendik,Pozitif
Pamuk olması çok güzel ve rahat,5,HMLGUILE SS TEE 911086,HUMMEL,pamuk olması çok güzel ve rahat,Pozitif
çok geniş S alsaydim daha iyi olurdu yanlız dekoltesi baya var iade maalesef,2,Çizgili Bluz 9YAK68244PW,Koton,çok geniş s alsaydim daha iyi olurdu yanlız dekoltesi baya var iade maalesef,Negatif
kaliteli ürün,5,Coool Slim Fit Bisiklet Yaka Baskılı Pamuklu Penye Tişört M3671AZ22SM,Defacto,kaliteli ürün,Pozitif
çok güzel ve rahat kaliteli şık tasarım bir urun,5,Coool Slim Fit Bisiklet Yaka Baskılı Pamuklu Penye Tişört M3671AZ22SM,Defacto,çok güzel ve rahat kaliteli şık tasarım bir urun,Pozitif
şahane oldu 👍,5,Coool Slim Fit Bisiklet Yaka Baskılı Pamuklu Penye Tişört M3671AZ22SM,Defacto,şahane oldu,Pozitif
gayet güzel,4,Coool Slim Fit Bisiklet Yaka Baskılı Pamuklu Penye Tişört M3671AZ22SM,Defacto,gayet güzel,Pozitif
kalitesi iyi,5,Coool Slim Fit Bisiklet Yaka Baskılı Pamuklu Penye Tişört M3671AZ22SM,Defacto,kalitesi iyi,Pozitif
Gönül rahatlığı ile alabilirsinz gerçekten bayağı iyi geldi,5,Coool Slim Fit Bisiklet Yaka Baskılı Pamuklu Penye Tişört M3671AZ22SM,Defacto,gönül rahatlığı ile alabilirsinz gerçekten bayağı iyi geldi,Pozitif
iyi güzel alınır,4,Coool Slim Fit Bisiklet Yaka Baskılı Pamuklu Penye Tişört M3671AZ22SM,Defacto,iyi güzel alınır,Pozitif
erkek arkadaşıma hediye aldım çok hoş sportif duruyor,5,Coool Slim Fit Bisiklet Yaka Baskılı Pamuklu Penye Tişört M3671AZ22SM,Defacto,erkek arkadaşıma hediye aldım çok hoş sportif duruyor,Pozitif
tam beden alınmali çok hoş indirimle 60 TL ye aldım,5,Coool Slim Fit Bisiklet Yaka Baskılı Pamuklu Penye Tişört M3671AZ22SM,Defacto,tam beden alınmali çok hoş indirimle tl ye aldım,Pozitif
Güzel tişört aldım memnun kaldım. 20 lira fazla verip Kalite alacaksın.,5,Coool Slim Fit Bisiklet Yaka Baskılı Pamuklu Penye Tişört M3671AZ22SM,Defacto,güzel tişört aldım memnun kaldım lira fazla verip kalite alacaksın,Pozitif
cok guzel bedeni tam oldu,5,Coool Slim Fit Bisiklet Yaka Baskılı Pamuklu Penye Tişört M3671AZ22SM,Defacto,cok guzel bedeni tam oldu,Pozitif
çok kaliteli kalıbı tam oturuyor.,5,Coool Slim Fit Bisiklet Yaka Baskılı Pamuklu Penye Tişört M3671AZ22SM,Defacto,çok kaliteli kalıbı tam oturuyor,Pozitif
Müthiş dokusu kumaşı perfect 🙏🙏,5,Coool Slim Fit Bisiklet Yaka Baskılı Pamuklu Penye Tişört M3671AZ22SM,Defacto,müthiş dokusu kumaşı perfect,Pozitif
"Eşime aldım ,bedeni tam uydu, kendi bedeninizi almanızı tavsiye ederim",5,Coool Slim Fit Bisiklet Yaka Baskılı Pamuklu Penye Tişört M3671AZ22SM,Defacto,eşime aldım bedeni tam uydu kendi bedeninizi almanızı tavsiye ederim,Pozitif
Pamuklu çok güzel bir tshirt. Teşekkür ederim.,5,Coool Slim Fit Bisiklet Yaka Baskılı Pamuklu Penye Tişört M3671AZ22SM,Defacto,pamuklu çok güzel bir tshirt teşekkür ederim,Pozitif
yumuşacık bir kumaşı var güzel t shirt,5,Coool Slim Fit Bisiklet Yaka Baskılı Pamuklu Penye Tişört M3671AZ22SM,Defacto,yumuşacık bir kumaşı var güzel t shirt,Pozitif
Bir iki defa giydim şimdilik sorun yok.,5,Coool Slim Fit Bisiklet Yaka Baskılı Pamuklu Penye Tişört M3671AZ22SM,Defacto,bir iki defa giydim şimdilik sorun yok,Pozitif
duruşu ve kumaş olarak çok begendik,5,Coool Slim Fit Bisiklet Yaka Baskılı Pamuklu Penye Tişört M3671AZ22SM,Defacto,duruşu ve kumaş olarak çok begendik,Pozitif
biraz ucuz olunca pek bir beklentim yoktu. yorum da olmayınca olmazsa evde giyerim dedim ama çok güzel çok beğendim. 183 boy 88 kilo L tam oldu,5,Coool Slim Fit Bisiklet Yaka Baskılı Pamuklu Penye Tişört M3671AZ22SM,Defacto,biraz ucuz olunca pek bir beklentim yoktu yorum da olmayınca olmazsa evde giyerim dedim ama çok güzel çok beğendim boy kilo l tam oldu,Pozitif
"ürün kutulu geliyor ancak, neden kutular ezilmiş, yamuk yumuk geliyor? hediye edeceğiz böyle mi gönderilir? ürüne diyecek birşey yok.dogru ürün gönderilmiş ancak paketleme kötü. özenli davranılırsa iyi olur",3,Erkek Lacivert Pamuklu Uzun Kol Pijama Takımı 17384 US.01.17384,US Polo Assn,ürün kutulu geliyor ancak neden kutular ezilmiş yamuk yumuk geliyor hediye edeceğiz böyle mi gönderilir ürüne diyecek birşey yokdogru ürün gönderilmiş ancak paketleme kötü özenli davranılırsa iyi olur,Nötr
Rahat ve kaliteli,5,Erkek Lacivert Pamuklu Uzun Kol Pijama Takımı 17384 US.01.17384,US Polo Assn,rahat ve kaliteli,Pozitif
"Harika bir ürün,yumuşacık.. Kesinlikle tavsiye ediyorum 😊",5,Erkek Lacivert Pamuklu Uzun Kol Pijama Takımı 17384 US.01.17384,US Polo Assn,harika bir ürünyumuşacık kesinlikle tavsiye ediyorum,Pozitif
"Gönül rahatlığı ile tam bedeninizi alabilirsiniz, yumuşacık 👌🏻😊",5,Erkek Lacivert Pamuklu Uzun Kol Pijama Takımı 17384 US.01.17384,US Polo Assn,gönül rahatlığı ile tam bedeninizi alabilirsiniz yumuşacık,Pozitif
Gayet güzel bir ürün,5,Erkek Lacivert Pamuklu Uzun Kol Pijama Takımı 17384 US.01.17384,US Polo Assn,gayet güzel bir ürün,Pozitif
cok kaliteli gercekden 5yıldızdan fazlasını hak eder.,5,Erkek Lacivert Pamuklu Uzun Kol Pijama Takımı 17384 US.01.17384,US Polo Assn,cok kaliteli gercekden yıldızdan fazlasını hak eder,Pozitif
kaliteli bir ürün,5,Erkek Lacivert Pamuklu Uzun Kol Pijama Takımı 17384 US.01.17384,US Polo Assn,kaliteli bir ürün,Pozitif
çok kaliteli hızlı teslimat tesekkürler,5,Erkek Lacivert Pamuklu Uzun Kol Pijama Takımı 17384 US.01.17384,US Polo Assn,çok kaliteli hızlı teslimat tesekkürler,Pozitif
Dokusuna bayıldım hediye aldım gerçekten değecek ürün parasına beden olarak herkes bedenini alsın,5,Erkek Lacivert Pamuklu Uzun Kol Pijama Takımı 17384 US.01.17384,US Polo Assn,dokusuna bayıldım hediye aldım gerçekten değecek ürün parasına beden olarak herkes bedenini alsın,Pozitif
Çok güzel kaliteli bir ürün penyesi yumuşacık tam bedeninizi alabilirsiniz,4,Erkek Lacivert Pamuklu Uzun Kol Pijama Takımı 17384 US.01.17384,US Polo Assn,çok güzel kaliteli bir ürün penyesi yumuşacık tam bedeninizi alabilirsiniz,Pozitif
Çok güzel tam mevsimlik,5,Erkek Lacivert Pamuklu Uzun Kol Pijama Takımı 17384 US.01.17384,US Polo Assn,çok güzel tam mevsimlik,Pozitif
"S aldım eşime ama kalıbı çok büyük olmadı, onun haricinde çok güzel paketleme küçük notunuz içinde teşekkürler",5,Erkek Lacivert Pamuklu Uzun Kol Pijama Takımı 17384 US.01.17384,US Polo Assn,s aldım eşime ama kalıbı çok büyük olmadı onun haricinde çok güzel paketleme küçük notunuz içinde teşekkürler,Pozitif
polo kalitesi tartışılmaz. çok sevdik,5,Erkek Lacivert Pamuklu Uzun Kol Pijama Takımı 17384 US.01.17384,US Polo Assn,polo kalitesi tartışılmaz çok sevdik,Pozitif
ürün çok güzel. bi beden küçük alınabilir,5,Erkek Lacivert Pamuklu Uzun Kol Pijama Takımı 17384 US.01.17384,US Polo Assn,ürün çok güzel bi beden küçük alınabilir,Pozitif
kumaşı çok güzel tavsiye ediyorum kesinlikle,5,Erkek Lacivert Pamuklu Uzun Kol Pijama Takımı 17384 US.01.17384,US Polo Assn,kumaşı çok güzel tavsiye ediyorum kesinlikle,Pozitif
Bohça için aldım kutusu falan da çol güzel,5,Erkek Lacivert Pamuklu Uzun Kol Pijama Takımı 17384 US.01.17384,US Polo Assn,bohça için aldım kutusu falan da çol güzel,Pozitif
gayet güzel kumaşından kalıbından memnun kaldık. tam beden alın bence,5,Erkek Lacivert Pamuklu Uzun Kol Pijama Takımı 17384 US.01.17384,US Polo Assn,gayet güzel kumaşından kalıbından memnun kaldık tam beden alın bence,Pozitif
Babam için sipariş ettim çok güzel çok beğendi,5,Erkek Lacivert Pamuklu Uzun Kol Pijama Takımı 17384 US.01.17384,US Polo Assn,babam için sipariş ettim çok güzel çok beğendi,Pozitif
Nışan bohçası için tercih ettim kalitesi kutu içinde gönderimi çok güzel tavsiye ederim,5,Erkek Lacivert Pamuklu Uzun Kol Pijama Takımı 17384 US.01.17384,US Polo Assn,nışan bohçası için tercih ettim kalitesi kutu içinde gönderimi çok güzel tavsiye ederim,Pozitif
Gayet güzel,4,Erkek Lacivert Pamuklu Uzun Kol Pijama Takımı 17384 US.01.17384,US Polo Assn,gayet güzel,Pozitif
"5 puan, cok guzel kaliteli",5,Erkek Lacivert Pamuklu Uzun Kol Pijama Takımı 17384 US.01.17384,US Polo Assn,puan cok guzel kaliteli,Pozitif
Nişanlıma aldım Ürünü çok beğendim,5,Erkek Lacivert Pamuklu Uzun Kol Pijama Takımı 17384 US.01.17384,US Polo Assn,nişanlıma aldım ürünü çok beğendim,Pozitif
Harika damat selesi için aldım hiç tereddüt etmeden alın tam beden çok hafif büyük ama pijama zaten azcık rahat olur 🤩🤩,5,Erkek Lacivert Pamuklu Uzun Kol Pijama Takımı 17384 US.01.17384,US Polo Assn,harika damat selesi için aldım hiç tereddüt etmeden alın tam beden çok hafif büyük ama pijama zaten azcık rahat olur,Pozitif
Ürün paketleme muhteşem.Böyle paketleme görmedim.Hediyelik olarak almıştım.Tamda şıp diyip yerine oturdu.Teşekkürler herşey için.,5,Erkek Lacivert Pamuklu Uzun Kol Pijama Takımı 17384 US.01.17384,US Polo Assn,ürün paketleme muhteşemböyle paketleme görmedimhediyelik olarak almıştımtamda şıp diyip yerine oturduteşekkürler herşey için,Pozitif
"Cok guzel ve rahat, tavsiye ediyorum",5,Erkek Lacivert Pamuklu Uzun Kol Pijama Takımı 17384 US.01.17384,US Polo Assn,cok guzel ve rahat tavsiye ediyorum,Pozitif
damat çeyiz bohcasi için almıştım çok güzel geldii,5,Erkek Lacivert Pamuklu Uzun Kol Pijama Takımı 17384 US.01.17384,US Polo Assn,damat çeyiz bohcasi için almıştım çok güzel geldii,Pozitif
ürün kaliteli ve bedeni standart beden. 1.75 boy 83 kg. M.beden oldu. ancak kış için uygun değil yazlık...,4,Erkek Lacivert Pamuklu Uzun Kol Pijama Takımı 17384 US.01.17384,US Polo Assn,ürün kaliteli ve bedeni standart beden boy kg mbeden oldu ancak kış için uygun değil yazlık,Pozitif
kaliteli ürün hediye için teşekkürler,5,Erkek Lacivert Pamuklu Uzun Kol Pijama Takımı 17384 US.01.17384,US Polo Assn,kaliteli ürün hediye için teşekkürler,Pozitif
sorunsuz ve guzel geldi tesekkurler,5,Erkek Lacivert Pamuklu Uzun Kol Pijama Takımı 17384 US.01.17384,US Polo Assn,sorunsuz ve guzel geldi tesekkurler,Pozitif
Eşime aldım boyu 1.79 83 kg L beden tam oldu. Kendi de beğendi. Ayrıca maske hediyeleri için satıcıya teşekkürler.,5,Erkek Lacivert Pamuklu Uzun Kol Pijama Takımı 17384 US.01.17384,US Polo Assn,eşime aldım boyu kg l beden tam oldu kendi de beğendi ayrıca maske hediyeleri için satıcıya teşekkürler,Pozitif
güzel ürün kardeşime aldım bedeninizi alın,4,Slim Fit Bisiklet Yaka Baskılı Pamuklu Penye Tişört U0250AZ21SM,Defacto,güzel ürün kardeşime aldım bedeninizi alın,Pozitif
Kardeşime aldım gayet güzel kaliteli kilolu olduğu için en büyük bedenini aldım hshs,5,Slim Fit Bisiklet Yaka Baskılı Pamuklu Penye Tişört U0250AZ21SM,Defacto,kardeşime aldım gayet güzel kaliteli kilolu olduğu için en büyük bedenini aldım hshs,Pozitif
kardeşime aldım kullanmaktan çok memnun,5,Slim Fit Bisiklet Yaka Baskılı Pamuklu Penye Tişört U0250AZ21SM,Defacto,kardeşime aldım kullanmaktan çok memnun,Pozitif
babama aldık çok temiz ve kaliteli,5,Slim Fit Bisiklet Yaka Baskılı Pamuklu Penye Tişört U0250AZ21SM,Defacto,babama aldık çok temiz ve kaliteli,Pozitif
Gayet şık ve kaliteli bir ürün,5,Slim Fit Bisiklet Yaka Baskılı Pamuklu Penye Tişört U0250AZ21SM,Defacto,gayet şık ve kaliteli bir ürün,Pozitif
On numara 5 yildiz,5,Slim Fit Bisiklet Yaka Baskılı Pamuklu Penye Tişört U0250AZ21SM,Defacto,on numara yildiz,Pozitif
Güzel kaliteli,5,Slim Fit Bisiklet Yaka Baskılı Pamuklu Penye Tişört U0250AZ21SM,Defacto,güzel kaliteli,Pozitif
kalitesiz ve beğenmedim,1,Slim Fit Bisiklet Yaka Baskılı Pamuklu Penye Tişört U0250AZ21SM,Defacto,kalitesiz ve beğenmedim,Negatif
güzel ürün,4,Slim Fit Bisiklet Yaka Baskılı Pamuklu Penye Tişört U0250AZ21SM,Defacto,güzel ürün,Pozitif
güzel ürün tam beden,5,Slim Fit Bisiklet Yaka Baskılı Pamuklu Penye Tişört U0250AZ21SM,Defacto,güzel ürün tam beden,Pozitif
kalitesi çok iyi beğendim kargo hızlı geldi tafsiye ederim,5,Slim Fit Bisiklet Yaka Baskılı Pamuklu Penye Tişört U0250AZ21SM,Defacto,kalitesi çok iyi beğendim kargo hızlı geldi tafsiye ederim,Pozitif
çok güzel 👍,5,Slim Fit Bisiklet Yaka Baskılı Pamuklu Penye Tişört U0250AZ21SM,Defacto,çok güzel,Pozitif
Harika kaliteli bir maldır,5,Slim Fit Bisiklet Yaka Baskılı Pamuklu Penye Tişört U0250AZ21SM,Defacto,harika kaliteli bir maldır,Pozitif
Ürün çok güzel ve şık duruyor,5,Slim Fit Bisiklet Yaka Baskılı Pamuklu Penye Tişört U0250AZ21SM,Defacto,ürün çok güzel ve şık duruyor,Pozitif
Hediye olarak aldm çok beğenildi,5,Slim Fit Bisiklet Yaka Baskılı Pamuklu Penye Tişört U0250AZ21SM,Defacto,hediye olarak aldm çok beğenildi,Pozitif
Kaliteli ve güzel ürün,5,Slim Fit Bisiklet Yaka Baskılı Pamuklu Penye Tişört U0250AZ21SM,Defacto,kaliteli ve güzel ürün,Pozitif
57kg 1.75boy S beden süper,5,Slim Fit Bisiklet Yaka Baskılı Pamuklu Penye Tişört U0250AZ21SM,Defacto,kg boy s beden süper,Pozitif
Gayet başarılı,4,Slim Fit Bisiklet Yaka Baskılı Pamuklu Penye Tişört U0250AZ21SM,Defacto,gayet başarılı,Pozitif
gerçekten çok güzel kaliteli ürün geldi. yanlız bir numara küçük söyleyebilirsiniz,5,Slim Fit Bisiklet Yaka Baskılı Pamuklu Penye Tişört U0250AZ21SM,Defacto,gerçekten çok güzel kaliteli ürün geldi yanlız bir numara küçük söyleyebilirsiniz,Pozitif
güzel beğendik tam beden,5,Slim Fit Bisiklet Yaka Baskılı Pamuklu Penye Tişört U0250AZ21SM,Defacto,güzel beğendik tam beden,Pozitif
Çok beğendim aşırı güzel abime aldım çok beğendi alacaklara tavsiye ederim tam bedenizi alın 😊,5,Slim Fit Bisiklet Yaka Baskılı Pamuklu Penye Tişört U0250AZ21SM,Defacto,çok beğendim aşırı güzel abime aldım çok beğendi alacaklara tavsiye ederim tam bedenizi alın,Pozitif
Çok güzel çok beyemdim xxl 105 kilo çok rahat oldu,5,Slim Fit Bisiklet Yaka Baskılı Pamuklu Penye Tişört U0250AZ21SM,Defacto,çok güzel çok beyemdim xxl kilo çok rahat oldu,Pozitif
oğluma aldım severek giyiyor yeride güzel,5,Slim Fit Bisiklet Yaka Baskılı Pamuklu Penye Tişört U0250AZ21SM,Defacto,oğluma aldım severek giyiyor yeride güzel,Pozitif
tam tamıyla mükemmel çok rahat mutlaka tavsiye ederim,5,Slim Fit Bisiklet Yaka Baskılı Pamuklu Penye Tişört U0250AZ21SM,Defacto,tam tamıyla mükemmel çok rahat mutlaka tavsiye ederim,Pozitif
İyiydi beden tam,5,Slim Fit Bisiklet Yaka Baskılı Pamuklu Penye Tişört U0250AZ21SM,Defacto,iyiydi beden tam,Pozitif
güzel gayet şık,4,Slim Fit Bisiklet Yaka Baskılı Pamuklu Penye Tişört U0250AZ21SM,Defacto,güzel gayet şık,Pozitif
Güzel ürün,5,Slim Fit Bisiklet Yaka Baskılı Pamuklu Penye Tişört U0250AZ21SM,Defacto,güzel ürün,Pozitif
idare wder,3,Slim Fit Bisiklet Yaka Baskılı Pamuklu Penye Tişört U0250AZ21SM,Defacto,idare wder,Nötr
Çok beğendim vücuda tam oturuyor tam istediğim gibi,5,Slim Fit Bisiklet Yaka Baskılı Pamuklu Penye Tişört U0250AZ21SM,Defacto,çok beğendim vücuda tam oturuyor tam istediğim gibi,Pozitif
Kaliteli ve üzerimde çok hoş durdu,5,Slim Fit Bisiklet Yaka Baskılı Pamuklu Penye Tişört U0250AZ21SM,Defacto,kaliteli ve üzerimde çok hoş durdu,Pozitif
Kumaş harikaa♥️ Geri dönüştürülmüş olması da çok güzelll. Kesim bol bir beden küçük alın. Sırt detayı da çok tatlı tam yazlıkk sandaletle veya terlikle harika olurr,5,Kadın KIRIK BEYAZ Respect Life - Yasama Saygi | Sahika Ercümen X Ince Askili Elbise Maxi 1YAK82180UW,Koton,kumaş harikaa geri dönüştürülmüş olması da çok güzelll kesim bol bir beden küçük alın sırt detayı da çok tatlı tam yazlıkk sandaletle veya terlikle harika olurr,Pozitif
cok guzel 74 kg 42 iade ettim 40 beden akdim ic gostermiyor kilolu gistermedi sirt dekoltesi harika,5,Kadın KIRIK BEYAZ Respect Life - Yasama Saygi | Sahika Ercümen X Ince Askili Elbise Maxi 1YAK82180UW,Koton,cok guzel kg iade ettim beden akdim ic gostermiyor kilolu gistermedi sirt dekoltesi harika,Pozitif
Kaliteyi trendyol ile ekonomik olarak ulaşmak harika teşekkür ederim Trendyol 👏🏻👏🏻,5,Erkek Beyaz Polo Yaka T-shirt G081GL011.000.954055,US Polo Assn,kaliteyi trendyol ile ekonomik olarak ulaşmak harika teşekkür ederim trendyol,Pozitif
Çok güzel beğendim,3,Kadın PEMBE Balon Kol Elbise Firfirli Pamuklu 1YAK88283PW,Koton,çok güzel beğendim,Nötr
cok cici bi elbise severek giyecegim,5,Kadın PEMBE Balon Kol Elbise Firfirli Pamuklu 1YAK88283PW,Koton,cok cici bi elbise severek giyecegim,Pozitif
10 yıldız olsa 10 yıldız vercem süper gerçekten çok beğendim çok şirin çok tatlış bayıldım kargo çok hızlıydı çok teşekkür ederim 💛💜 not/alın aldırın hiç pişman olmazsınız,5,Kadın PEMBE Balon Kol Elbise Firfirli Pamuklu 1YAK88283PW,Koton,yıldız olsa yıldız vercem süper gerçekten çok beğendim çok şirin çok tatlış bayıldım kargo çok hızlıydı çok teşekkür ederim notalın aldırın hiç pişman olmazsınız,Pozitif
Sevdim güzel,5,Kadın PEMBE Balon Kol Elbise Firfirli Pamuklu 1YAK88283PW,Koton,sevdim güzel,Pozitif
Çok beğendim çok güzeldi.,5,Kadın PEMBE Balon Kol Elbise Firfirli Pamuklu 1YAK88283PW,Koton,çok beğendim çok güzeldi,Pozitif
Çok güzel ama aşşşıırı kırışıyor 😢,5,Kadın PEMBE Balon Kol Elbise Firfirli Pamuklu 1YAK88283PW,Koton,çok güzel ama aşşşıırı kırışıyor,Pozitif
kızıma aldım mezuniyet için çok güzel ve şık durdu tavsiye ediyorum 🌺👏🏻,5,Kadın PEMBE Balon Kol Elbise Firfirli Pamuklu 1YAK88283PW,Koton,kızıma aldım mezuniyet için çok güzel ve şık durdu tavsiye ediyorum,Pozitif
görümceme aldim cok guzelll yakisti,5,Kadın PEMBE Balon Kol Elbise Firfirli Pamuklu 1YAK88283PW,Koton,görümceme aldim cok guzelll yakisti,Pozitif
Efsanee ben bayıldım ✨,4,Kadın PEMBE Balon Kol Elbise Firfirli Pamuklu 1YAK88283PW,Koton,efsanee ben bayıldım,Pozitif
Resimde göründüğünden farklı ama ben mağazada deneyip sipariş vermiştim. Gayet hoş bir elbise,5,Kadın PEMBE Balon Kol Elbise Firfirli Pamuklu 1YAK88283PW,Koton,resimde göründüğünden farklı ama ben mağazada deneyip sipariş vermiştim gayet hoş bir elbise,Pozitif
34 beden istedim 36 geldi. model çokta farklı değil ama görsel ile.,2,Kadın PEMBE Balon Kol Elbise Firfirli Pamuklu 1YAK88283PW,Koton,beden istedim geldi model çokta farklı değil ama görsel ile,Negatif
Çok tatliiş,5,Kadın PEMBE Balon Kol Elbise Firfirli Pamuklu 1YAK88283PW,Koton,çok tatliiş,Pozitif
Bayıldım gerçekten çok güzellll 🤩,5,Kadın PEMBE Balon Kol Elbise Firfirli Pamuklu 1YAK88283PW,Koton,bayıldım gerçekten çok güzellll,Pozitif
Muhteşem ve kaliteli,5,Kadın PEMBE Balon Kol Elbise Firfirli Pamuklu 1YAK88283PW,Koton,muhteşem ve kaliteli,Pozitif
Ürün göründüğünden bir az farklı .Ama güzel.,4,Kadın PEMBE Balon Kol Elbise Firfirli Pamuklu 1YAK88283PW,Koton,ürün göründüğünden bir az farklı ama güzel,Pozitif
Ben sevemedim 175 55 kilo 34 beden aldım aşırı bol ve emanet gibi durdu sırt açıklığı daha yukarıda zayıflarda güzel duracağını düşünmüyorum,3,Kadın PEMBE Balon Kol Elbise Firfirli Pamuklu 1YAK88283PW,Koton,ben sevemedim kilo beden aldım aşırı bol ve emanet gibi durdu sırt açıklığı daha yukarıda zayıflarda güzel duracağını düşünmüyorum,Nötr
"Hayatımda gördüğüm en saçma şey, önden aynı elbiseyi alıyorsunuz arkasının uzaktan yakından alakası yok.",1,Kadın PEMBE Balon Kol Elbise Firfirli Pamuklu 1YAK88283PW,Koton,hayatımda gördüğüm en saçma şey önden aynı elbiseyi alıyorsunuz arkasının uzaktan yakından alakası yok,Negatif
Tam bedeninizi alın çok beğendim...,5,Kadın PEMBE Balon Kol Elbise Firfirli Pamuklu 1YAK88283PW,Koton,tam bedeninizi alın çok beğendim,Pozitif
5 yıldız verdim yorum görünsün diye sırt detayıyla elbisenin uzaktan yakından alakası yok.,5,Kadın PEMBE Balon Kol Elbise Firfirli Pamuklu 1YAK88283PW,Koton,yıldız verdim yorum görünsün diye sırt detayıyla elbisenin uzaktan yakından alakası yok,Pozitif
çok beğendim ama çabuk kırışıyor tek problem bu ayrıca resimde ki kadar dekolteli değil,5,Kadın PEMBE Balon Kol Elbise Firfirli Pamuklu 1YAK88283PW,Koton,çok beğendim ama çabuk kırışıyor tek problem bu ayrıca resimde ki kadar dekolteli değil,Pozitif
Çok güzel ben çok beğendim çok tatlı harika yanı🥰kargo baya hızlıydı 🙏🏼herkes kendi bedenini alsın bana göre ben 38 bedenim tam oldu ama elbise baya kilolu gösteriyor buarada ona göre alın derim 😌😌,5,Kadın PEMBE Balon Kol Elbise Firfirli Pamuklu 1YAK88283PW,Koton,çok güzel ben çok beğendim çok tatlı harika yanıkargo baya hızlıydı herkes kendi bedenini alsın bana göre ben bedenim tam oldu ama elbise baya kilolu gösteriyor buarada ona göre alın derim,Pozitif
"Ürünün modeli fotoğraftakinden farklı, sırt dekoltesi yok.",1,Kadın PEMBE Balon Kol Elbise Firfirli Pamuklu 1YAK88283PW,Koton,ürünün modeli fotoğraftakinden farklı sırt dekoltesi yok,Negatif
çok tatli bir elbise 77 kg 40 beden güzel oldu,5,Kadın PEMBE Balon Kol Elbise Firfirli Pamuklu 1YAK88283PW,Koton,çok tatli bir elbise kg beden güzel oldu,Pozitif
163 boyum kilom 72 40 beden tam oldu gorseldekikinin bire bir aynısı geldi ve çok kaliteli,5,Kadın PEMBE Balon Kol Elbise Firfirli Pamuklu 1YAK88283PW,Koton,boyum kilom beden tam oldu gorseldekikinin bire bir aynısı geldi ve çok kaliteli,Pozitif
120 kiloyum 48 beden giyiyorum. Göğüslerim çok büyük olmadığı için lastik kısmı sıkmadı. Geri kalan her şeyi çok beğendim.,5,Kadın PEMBE Balon Kol Elbise Firfirli Pamuklu 1YAK88283PW,Koton,kiloyum beden giyiyorum göğüslerim çok büyük olmadığı için lastik kısmı sıkmadı geri kalan her şeyi çok beğendim,Pozitif
Tam bir hayal kırıklığı beli dar geri kalan heryeri bol.Prenses elbisesi yazanlar xs sanırım maalesef iade,1,Kadın PEMBE Balon Kol Elbise Firfirli Pamuklu 1YAK88283PW,Koton,tam bir hayal kırıklığı beli dar geri kalan heryeri bolprenses elbisesi yazanlar xs sanırım maalesef iade,Negatif
sırtı görseldeki gibi açık değil ve bir beden küçüğü alınabilir,4,Kadın PEMBE Balon Kol Elbise Firfirli Pamuklu 1YAK88283PW,Koton,sırtı görseldeki gibi açık değil ve bir beden küçüğü alınabilir,Pozitif
Biraz bol ama çok cici bir elbise,5,Kadın PEMBE Balon Kol Elbise Firfirli Pamuklu 1YAK88283PW,Koton,biraz bol ama çok cici bir elbise,Pozitif
Sırt detayı görseldeki gibi olmasa da güzel elbise. 1.58 boy s beden tabiki uzun geldi terzide kısalttım.,4,Kadın PEMBE Balon Kol Elbise Firfirli Pamuklu 1YAK88283PW,Koton,sırt detayı görseldeki gibi olmasa da güzel elbise boy s beden tabiki uzun geldi terzide kısalttım,Pozitif
resimdekinden farklı yakası açık ve sırtı bu kadar açık olmayan bir ürün geldi yine de hoşuma gitti iade etmeyeceğim. ara bedenseniz küçük bedeni alabilirsiniz.,4,Kadın PEMBE Balon Kol Elbise Firfirli Pamuklu 1YAK88283PW,Koton,resimdekinden farklı yakası açık ve sırtı bu kadar açık olmayan bir ürün geldi yine de hoşuma gitti iade etmeyeceğim ara bedenseniz küçük bedeni alabilirsiniz,Pozitif
"son derece kaliteli,zarif ve guzel ürünler. alırken bir beden büyük almanızı öneririm. dantel olduğu için esneme payı pamuklu ve/,veya likralı kumaş takı kadar fazla değil.",5,3 Lü Dantelli Slip Külot ST0049601,Suwen,son derece kalitelizarif ve guzel ürünler alırken bir beden büyük almanızı öneririm dantel olduğu için esneme payı pamuklu veveya likralı kumaş takı kadar fazla değil,Pozitif
Pamuklu ve rahat 69 kiloya m beden aldım,5,Loose Fit V Yaka Kısa Kollu Hamile Tişört N1670AZ22SP,Defacto,pamuklu ve rahat kiloya m beden aldım,Pozitif
çok bol ve pamuklu degil,3,Scooby Doo Baskılı Kapüşonlu Sarı Sweatshirt 1610237-71208,Mavi,çok bol ve pamuklu degil,Nötr
tesekkurker,5,Kadın Yeşil V Yaka Bel Dekolteli Kısa Kollu Yazlık Mini Poplin Elbise V7270AZ21HS,Defacto,tesekkurker,Pozitif
Çok güzel 😍,5,Kadın Yeşil V Yaka Bel Dekolteli Kısa Kollu Yazlık Mini Poplin Elbise V7270AZ21HS,Defacto,çok güzel,Pozitif
Ürün çok çok güzel biraz tadilat yaptırdım ama değdi,5,Kadın Yeşil V Yaka Bel Dekolteli Kısa Kollu Yazlık Mini Poplin Elbise V7270AZ21HS,Defacto,ürün çok çok güzel biraz tadilat yaptırdım ama değdi,Pozitif
Gayet güzel bir ürün bedeninizi alabilirsiniz,5,Kadın Yeşil V Yaka Bel Dekolteli Kısa Kollu Yazlık Mini Poplin Elbise V7270AZ21HS,Defacto,gayet güzel bir ürün bedeninizi alabilirsiniz,Pozitif
bayildimm harikaa!!!,5,Kadın Yeşil V Yaka Bel Dekolteli Kısa Kollu Yazlık Mini Poplin Elbise V7270AZ21HS,Defacto,bayildimm harikaa,Pozitif
ürüne bayıldım tam kalip tam istediğim gibi geldi,5,Kadın Yeşil V Yaka Bel Dekolteli Kısa Kollu Yazlık Mini Poplin Elbise V7270AZ21HS,Defacto,ürüne bayıldım tam kalip tam istediğim gibi geldi,Pozitif
Mağazadan daha uygun fiyata aldım.,5,Kadın Yeşil V Yaka Bel Dekolteli Kısa Kollu Yazlık Mini Poplin Elbise V7270AZ21HS,Defacto,mağazadan daha uygun fiyata aldım,Pozitif
aiyy çok güzel bir elbise bayıldım boyun 166 kilom 47 34 beden aldım tam oldu,5,Kadın Yeşil V Yaka Bel Dekolteli Kısa Kollu Yazlık Mini Poplin Elbise V7270AZ21HS,Defacto,aiyy çok güzel bir elbise bayıldım boyun kilom beden aldım tam oldu,Pozitif
Fiyatına göre çok kaliteli değil üstü çok küçük ve dar .,2,Kadın Yeşil V Yaka Bel Dekolteli Kısa Kollu Yazlık Mini Poplin Elbise V7270AZ21HS,Defacto,fiyatına göre çok kaliteli değil üstü çok küçük ve dar,Negatif
çok güzel bir elbise üst alt dikili olmadığı için ayırıp etek ve crop olarak da kombinleyebilirsiniz.,4,Kadın Yeşil V Yaka Bel Dekolteli Kısa Kollu Yazlık Mini Poplin Elbise V7270AZ21HS,Defacto,çok güzel bir elbise üst alt dikili olmadığı için ayırıp etek ve crop olarak da kombinleyebilirsiniz,Pozitif
Merhaba ürünü ütüleyen varmı ütülenebilen bir kumaşmı,5,Kadın Yeşil V Yaka Bel Dekolteli Kısa Kollu Yazlık Mini Poplin Elbise V7270AZ21HS,Defacto,merhaba ürünü ütüleyen varmı ütülenebilen bir kumaşmı,Pozitif
10 tl ye verselerde almam cok gereksiz ve kumas parcasi cok ince kiytirik,1,Kadın Yeşil V Yaka Bel Dekolteli Kısa Kollu Yazlık Mini Poplin Elbise V7270AZ21HS,Defacto,tl ye verselerde almam cok gereksiz ve kumas parcasi cok ince kiytirik,Negatif
very good dress,5,Kadın Yeşil V Yaka Bel Dekolteli Kısa Kollu Yazlık Mini Poplin Elbise V7270AZ21HS,Defacto,very good dress,Pozitif
cok guzel bence sadece dekoltesi biraz asagida ama dikecegim,4,Siyah V Yaka Mayo 2SAK20031BM,Koton,cok guzel bence sadece dekoltesi biraz asagida ama dikecegim,Pozitif
Gogus dekoltesi ve askilarin sirta duz inisini cok begendim lakin biraz buyuk oldu. 1.60-57 kgyim 38 almistim. 36da olurmus,4,Siyah V Yaka Mayo 2SAK20031BM,Koton,gogus dekoltesi ve askilarin sirta duz inisini cok begendim lakin biraz buyuk oldu kgyim almistim da olurmus,Pozitif
Kalıbı biraz küçük model olarak güzel göğüs kısmı derin dekolteli. 44 beden aldım normalde 42 beden giyinirim 90 b/C kullanırım göğüs kısmı rahat etmediğim için iade ettim küçük geldi,4,Siyah V Yaka Mayo 2SAK20031BM,Koton,kalıbı biraz küçük model olarak güzel göğüs kısmı derin dekolteli beden aldım normalde beden giyinirim bc kullanırım göğüs kısmı rahat etmediğim için iade ettim küçük geldi,Pozitif
Avva kalitesinde değildi bnce,3,Erkek %100 Pamuk Beyaz Bisiklet Yaka Baskılı T-shirt A21Y1105,Avva,avva kalitesinde değildi bnce,Nötr
"indirimli aldım harikaaa,tam kalıp",5,Erkek %100 Pamuk Beyaz Bisiklet Yaka Baskılı T-shirt A21Y1105,Avva,indirimli aldım harikaaatam kalıp,Pozitif
"Eşime aldım çok beğendi, uygun fiyat için teşekkürler",5,Erkek %100 Pamuk Beyaz Bisiklet Yaka Baskılı T-shirt A21Y1105,Avva,eşime aldım çok beğendi uygun fiyat için teşekkürler,Pozitif
ürün gayet kaliteli ve güzel tavsiye ederim,4,Erkek %100 Pamuk Beyaz Bisiklet Yaka Baskılı T-shirt A21Y1105,Avva,ürün gayet kaliteli ve güzel tavsiye ederim,Pozitif
Çok kaliteli gerçekten. Düşünmeden alabilirsiniz.,5,Erkek %100 Pamuk Beyaz Bisiklet Yaka Baskılı T-shirt A21Y1105,Avva,çok kaliteli gerçekten düşünmeden alabilirsiniz,Pozitif
Güzel kaliteli,5,Erkek %100 Pamuk Beyaz Bisiklet Yaka Baskılı T-shirt A21Y1105,Avva,güzel kaliteli,Pozitif
"Kumaşı harika, çok cool duruyoo🤩",5,Erkek %100 Pamuk Beyaz Bisiklet Yaka Baskılı T-shirt A21Y1105,Avva,kumaşı harika çok cool duruyoo,Pozitif
Erkek arkadaşıma doğum günü hediyesi olarak aldım. Kendisi de çok beğendi. Kumaşı harika zaten Avva 🤩,5,Erkek %100 Pamuk Beyaz Bisiklet Yaka Baskılı T-shirt A21Y1105,Avva,erkek arkadaşıma doğum günü hediyesi olarak aldım kendisi de çok beğendi kumaşı harika zaten avva,Pozitif
güzel kaliteli bı ürün. kendi bedeninizi alınız,5,Erkek %100 Pamuk Beyaz Bisiklet Yaka Baskılı T-shirt A21Y1105,Avva,güzel kaliteli bı ürün kendi bedeninizi alınız,Pozitif
Resimlerde göründüğü gibi geldi Boy 1.73 Kilo 70 S Beden aldım biraz bol bile geldi ama güzel tavsiye ederim,5,Erkek %100 Pamuk Beyaz Bisiklet Yaka Baskılı T-shirt A21Y1105,Avva,resimlerde göründüğü gibi geldi boy kilo s beden aldım biraz bol bile geldi ama güzel tavsiye ederim,Pozitif
Hediye olarak aldım çok güzel kendi bedeninizi alın,5,Erkek %100 Pamuk Beyaz Bisiklet Yaka Baskılı T-shirt A21Y1105,Avva,hediye olarak aldım çok güzel kendi bedeninizi alın,Pozitif
kendi bedeninizi tercih ediniz kalitesi güzel,5,Erkek %100 Pamuk Beyaz Bisiklet Yaka Baskılı T-shirt A21Y1105,Avva,kendi bedeninizi tercih ediniz kalitesi güzel,Pozitif
Tam bedeninizi alın. Kaliteli.,5,Erkek %100 Pamuk Beyaz Bisiklet Yaka Baskılı T-shirt A21Y1105,Avva,tam bedeninizi alın kaliteli,Pozitif
Kumaşı güzel yıkadım kumaşta bozulma olmadı,4,Erkek %100 Pamuk Beyaz Bisiklet Yaka Baskılı T-shirt A21Y1105,Avva,kumaşı güzel yıkadım kumaşta bozulma olmadı,Pozitif
Kuması cok ınce geldı fazla begenmedım,2,Erkek %100 Pamuk Beyaz Bisiklet Yaka Baskılı T-shirt A21Y1105,Avva,kuması cok ınce geldı fazla begenmedım,Negatif
Ürün kalite bakımından beklentinin altında alırken fazla bişey beklemeyin koldaki baskı siyah resimde ama bana gelen beyaz kumaşıda çok ince,1,Erkek %100 Pamuk Beyaz Bisiklet Yaka Baskılı T-shirt A21Y1105,Avva,ürün kalite bakımından beklentinin altında alırken fazla bişey beklemeyin koldaki baskı siyah resimde ama bana gelen beyaz kumaşıda çok ince,Negatif
Kumaşı güzel,4,Erkek %100 Pamuk Beyaz Bisiklet Yaka Baskılı T-shirt A21Y1105,Avva,kumaşı güzel,Pozitif
kumaş kalitesi efsane hem ince hem pamuklu hızlı kargo için de teşekkürler,5,Beauty Baskılı Turuncu Tişört Loose Fit / Bol Rahat Kesim 1610818-71435,Mavi,kumaş kalitesi efsane hem ince hem pamuklu hızlı kargo için de teşekkürler,Pozitif
Harika tam beden alınmalı .,5,Slim Fit V Yaka Basic Pamuklu Penye Tişört M7668AZ21SP,Defacto,harika tam beden alınmalı,Pozitif
Çok güzel 1 beden küçük alınmalı,4,Slim Fit V Yaka Basic Pamuklu Penye Tişört M7668AZ21SP,Defacto,çok güzel beden küçük alınmalı,Pozitif
fiyatina gore cok iyi bir urun tam bedeninizi alabilirsiniz,5,Slim Fit V Yaka Basic Pamuklu Penye Tişört M7668AZ21SP,Defacto,fiyatina gore cok iyi bir urun tam bedeninizi alabilirsiniz,Pozitif
Tişört çok kaliteli tam beden,5,Slim Fit V Yaka Basic Pamuklu Penye Tişört M7668AZ21SP,Defacto,tişört çok kaliteli tam beden,Pozitif
Çok Rahat Ve Güzeldi. 😍,5,Slim Fit V Yaka Basic Pamuklu Penye Tişört M7668AZ21SP,Defacto,çok rahat ve güzeldi,Pozitif
Kaliteli ürün,5,Slim Fit V Yaka Basic Pamuklu Penye Tişört M7668AZ21SP,Defacto,kaliteli ürün,Pozitif
beklediğimizden biraz bol üzerinize tam otursun derseniz 1 beden küçük alın,5,Slim Fit V Yaka Basic Pamuklu Penye Tişört M7668AZ21SP,Defacto,beklediğimizden biraz bol üzerinize tam otursun derseniz beden küçük alın,Pozitif
güzel ürün,5,Slim Fit V Yaka Basic Pamuklu Penye Tişört M7668AZ21SP,Defacto,güzel ürün,Pozitif
kendi bedeninizi alın güzel tshirt,5,Slim Fit V Yaka Basic Pamuklu Penye Tişört M7668AZ21SP,Defacto,kendi bedeninizi alın güzel tshirt,Pozitif
Oğluma aldım çok beğendi,5,Slim Fit V Yaka Basic Pamuklu Penye Tişört M7668AZ21SP,Defacto,oğluma aldım çok beğendi,Pozitif
kesimi güzel tavsiye ederim,5,Slim Fit V Yaka Basic Pamuklu Penye Tişört M7668AZ21SP,Defacto,kesimi güzel tavsiye ederim,Pozitif
güzel urun eşim için almıştım 68 kilo s beden biraz dar gelebilir göbekli biri için m beden alına bilir,4,Slim Fit V Yaka Basic Pamuklu Penye Tişört M7668AZ21SP,Defacto,güzel urun eşim için almıştım kilo s beden biraz dar gelebilir göbekli biri için m beden alına bilir,Pozitif
tam beden alabilirsiniz kumasi tok,5,Slim Fit V Yaka Basic Pamuklu Penye Tişört M7668AZ21SP,Defacto,tam beden alabilirsiniz kumasi tok,Pozitif
Tam bedeninizi alın birçok rengini aldım kumaşı kalitesi çok güzel,5,Slim Fit V Yaka Basic Pamuklu Penye Tişört M7668AZ21SP,Defacto,tam bedeninizi alın birçok rengini aldım kumaşı kalitesi çok güzel,Pozitif
Bir beden küçük alın derim,5,Slim Fit V Yaka Basic Pamuklu Penye Tişört M7668AZ21SP,Defacto,bir beden küçük alın derim,Pozitif
kendi bedeninizi alabilirsiniz yapışmayan kumaşı var.,5,Slim Fit V Yaka Basic Pamuklu Penye Tişört M7668AZ21SP,Defacto,kendi bedeninizi alabilirsiniz yapışmayan kumaşı var,Pozitif
Ürün güzel tavsiye ederim,5,Slim Fit V Yaka Basic Pamuklu Penye Tişört M7668AZ21SP,Defacto,ürün güzel tavsiye ederim,Pozitif
Çok hoooooooşşdur,5,Slim Fit V Yaka Basic Pamuklu Penye Tişört M7668AZ21SP,Defacto,çok hoooooooşşdur,Pozitif
Bayıldım harika,5,Slim Fit V Yaka Basic Pamuklu Penye Tişört M7668AZ21SP,Defacto,bayıldım harika,Pozitif
ortalama bedenlere göre slqş,3,Slim Fit V Yaka Basic Pamuklu Penye Tişört M7668AZ21SP,Defacto,ortalama bedenlere göre slqş,Nötr
Bedeni biraz büyük geldi . Tam bedeninizi alabilirsiniz .,5,Slim Fit V Yaka Basic Pamuklu Penye Tişört M7668AZ21SP,Defacto,bedeni biraz büyük geldi tam bedeninizi alabilirsiniz,Pozitif
Eşime almıştım çok beğendik,5,Slim Fit V Yaka Basic Pamuklu Penye Tişört M7668AZ21SP,Defacto,eşime almıştım çok beğendik,Pozitif
Çok iyiydi,5,Slim Fit V Yaka Basic Pamuklu Penye Tişört M7668AZ21SP,Defacto,çok iyiydi,Pozitif
Kaliteli gibi duruyor,5,Slim Fit V Yaka Basic Pamuklu Penye Tişört M7668AZ21SP,Defacto,kaliteli gibi duruyor,Pozitif
Çok beğendik,5,Slim Fit V Yaka Basic Pamuklu Penye Tişört M7668AZ21SP,Defacto,çok beğendik,Pozitif
çok güzel bir ürün,5,Slim Fit V Yaka Basic Pamuklu Penye Tişört M7668AZ21SP,Defacto,çok güzel bir ürün,Pozitif
gerçekten çok güzel bir ürün teşekkürler,5,Slim Fit V Yaka Basic Pamuklu Penye Tişört M7668AZ21SP,Defacto,gerçekten çok güzel bir ürün teşekkürler,Pozitif
çok güzel görselin aynısı bedeninizi alabilirsiniz,5,Slim Fit V Yaka Basic Pamuklu Penye Tişört M7668AZ21SP,Defacto,çok güzel görselin aynısı bedeninizi alabilirsiniz,Pozitif
Hediye ettim beğenildi güzel,4,Slim Fit V Yaka Basic Pamuklu Penye Tişört M7668AZ21SP,Defacto,hediye ettim beğenildi güzel,Pozitif
süper gömlek içlerine de giyilir,5,Slim Fit V Yaka Basic Pamuklu Penye Tişört M7668AZ21SP,Defacto,süper gömlek içlerine de giyilir,Pozitif
kaliteli ve çok şık.,5,Erkek %100 Pamuk Siyah Bisiklet Yaka Baskılı T-shirt A21Y1115,Avva,kaliteli ve çok şık,Pozitif
ürün kalitesi güzel ama begendigim modeli göndermemeniz üzücü bence hoş olmadi avva,5,Erkek %100 Pamuk Siyah Bisiklet Yaka Baskılı T-shirt A21Y1115,Avva,ürün kalitesi güzel ama begendigim modeli göndermemeniz üzücü bence hoş olmadi avva,Pozitif
"Yüksek tavsiye ederim. İnanılmaz mükemmel ve tarz duruyor. 1.76 82 kg M beden aldım çok iyi durdu. Kaçırmayın alın bitmeden. Çektiğimiz fotolarda çok iyi çıkmıyor(ton farkı, kumaş rengi ve kalitesi gibi ) ama kumaşı ve kalitesi tartışılmaz.",5,Erkek %100 Pamuk Siyah Bisiklet Yaka Baskılı T-shirt A21Y1115,Avva,yüksek tavsiye ederim inanılmaz mükemmel ve tarz duruyor kg m beden aldım çok iyi durdu kaçırmayın alın bitmeden çektiğimiz fotolarda çok iyi çıkmıyorton farkı kumaş rengi ve kalitesi gibi ama kumaşı ve kalitesi tartışılmaz,Pozitif
Kumaşı pamuklu.Ben çok beğendim.Tavsiye ederim.Yazlık harika bir renk.Salaş ayrı bir rahatlık zaten.🌸,5,Bisiklet Yaka Kısa Kollu Baskılı Tişört 2YAL18965IK,Koton,kumaşı pamukluben çok beğendimtavsiye ederimyazlık harika bir renksalaş ayrı bir rahatlık zaten,Pozitif
aşırı beğendim rengi çok güzel pamuklu ve kumaşı ince değil.,5,Bisiklet Yaka Kısa Kollu Baskılı Tişört 2YAL18965IK,Koton,aşırı beğendim rengi çok güzel pamuklu ve kumaşı ince değil,Pozitif
babama ve kardeşime aldım harika severek kullanıyorlsr,5,Erkek %100 Pamuk Gri Hakim Yaka Düz T-Shirt E001030,Avva,babama ve kardeşime aldım harika severek kullanıyorlsr,Pozitif
Babama aldım çok begendi,5,Erkek %100 Pamuk Gri Hakim Yaka Düz T-Shirt E001030,Avva,babama aldım çok begendi,Pozitif
174 CM BOY 98 KİLO XXL OLDU KALİTESİDE GÜZEL,5,Erkek %100 Pamuk Gri Hakim Yaka Düz T-Shirt E001030,Avva,cm boy kilo xxl oldu kaliteside güzel,Pozitif
Ürün kaliteli,5,Erkek %100 Pamuk Gri Hakim Yaka Düz T-Shirt E001030,Avva,ürün kaliteli,Pozitif
Biz çok beğendik,5,Erkek %100 Pamuk Gri Hakim Yaka Düz T-Shirt E001030,Avva,biz çok beğendik,Pozitif
Başarılı :))),5,Erkek %100 Pamuk Gri Hakim Yaka Düz T-Shirt E001030,Avva,başarılı,Pozitif
Harika çok beğendik eşim için almıştım 😍,5,Erkek %100 Pamuk Gri Hakim Yaka Düz T-Shirt E001030,Avva,harika çok beğendik eşim için almıştım,Pozitif
Çok güzel bir ürün kumaşı duruşu yani herşeyi çok ama çok güzel kesinlikle alınmalı,5,Erkek %100 Pamuk Gri Hakim Yaka Düz T-Shirt E001030,Avva,çok güzel bir ürün kumaşı duruşu yani herşeyi çok ama çok güzel kesinlikle alınmalı,Pozitif
kalitesi ortalama,4,Erkek %100 Pamuk Gri Hakim Yaka Düz T-Shirt E001030,Avva,kalitesi ortalama,Pozitif
kalıbında duruşunda bir tuhaflık var formunu çok beğenmedik. kalitesi güzel,4,Erkek %100 Pamuk Gri Hakim Yaka Düz T-Shirt E001030,Avva,kalıbında duruşunda bir tuhaflık var formunu çok beğenmedik kalitesi güzel,Pozitif
Rengi dokusu gayet guzel bir beden buyuk alınabilir kaliteli ve şık bir ürün,5,Erkek %100 Pamuk Gri Hakim Yaka Düz T-Shirt E001030,Avva,rengi dokusu gayet guzel bir beden buyuk alınabilir kaliteli ve şık bir ürün,Pozitif
"çok güzel, kaliteli bir ürün.. paketlenmesi de özenli ve güzeldi kusursuz bir şekilde elime ulaştı",5,Erkek %100 Pamuk Gri Hakim Yaka Düz T-Shirt E001030,Avva,çok güzel kaliteli bir ürün paketlenmesi de özenli ve güzeldi kusursuz bir şekilde elime ulaştı,Pozitif
spor rahat güzel ürün,5,Erkek %100 Pamuk Gri Hakim Yaka Düz T-Shirt E001030,Avva,spor rahat güzel ürün,Pozitif
Ürün göründüğü gibi geldi teşekkürler Avva...,5,Erkek %100 Pamuk Gri Hakim Yaka Düz T-Shirt E001030,Avva,ürün göründüğü gibi geldi teşekkürler avva,Pozitif
dokusu kumaşı çok iyi,5,Erkek %100 Pamuk Gri Hakim Yaka Düz T-Shirt E001030,Avva,dokusu kumaşı çok iyi,Pozitif
cok güzel gorünüyor ama hafif yıkamada bile sonuç vasat,2,Erkek %100 Pamuk Gri Hakim Yaka Düz T-Shirt E001030,Avva,cok güzel gorünüyor ama hafif yıkamada bile sonuç vasat,Negatif
Tam kalıp tavsiye ediyorum,5,Erkek %100 Pamuk Gri Hakim Yaka Düz T-Shirt E001030,Avva,tam kalıp tavsiye ediyorum,Pozitif
kendi bedeninizi alabilirsiniz tavisye ederim.,5,Erkek %100 Pamuk Gri Hakim Yaka Düz T-Shirt E001030,Avva,kendi bedeninizi alabilirsiniz tavisye ederim,Pozitif
Rengi dokusu kalitesiyle gayet uygun fiyatıyla çok beğendim kumaşı ve duruşu cok hosuma gitti,5,Erkek %100 Pamuk Gri Hakim Yaka Düz T-Shirt E001030,Avva,rengi dokusu kalitesiyle gayet uygun fiyatıyla çok beğendim kumaşı ve duruşu cok hosuma gitti,Pozitif
"Sürekli polo ve yuvarlak yaka giyen eşime değişiklik olsun diye aldım,. Model, doku, kalıp güzel. 1.88 boy, 110 kg 3xl gayet rahat oldu. yıkama sonrası renk şekil değişikliği yok ve çok kırışmayan hatta ütü gerekmeden el düzeltmesiyle bile kullanılabilecek bir ürün, çok beğendik. İndirimde bulursam diğer renklerini de alacağım. Emeği geçenlere teşekkürler",5,Erkek %100 Pamuk Gri Hakim Yaka Düz T-Shirt E001030,Avva,sürekli polo ve yuvarlak yaka giyen eşime değişiklik olsun diye aldım model doku kalıp güzel boy kg xl gayet rahat oldu yıkama sonrası renk şekil değişikliği yok ve çok kırışmayan hatta ütü gerekmeden el düzeltmesiyle bile kullanılabilecek bir ürün çok beğendik indirimde bulursam diğer renklerini de alacağım emeği geçenlere teşekkürler,Pozitif
Ürünler güzel ama firma yaptığı hatayı kabul etmemesi çok ayıp iade gönderdim resimde görülen kesikler var diye bizden kaynaklı değil diyor ben niye yapayım veya nasıl yapayım benden kaynaklı olsa neden iade edeyim 130 TL için hak yenir mi hiç Allahtan korkarım.,1,Erkek %100 Pamuk Gri Hakim Yaka Düz T-Shirt E001030,Avva,ürünler güzel ama firma yaptığı hatayı kabul etmemesi çok ayıp iade gönderdim resimde görülen kesikler var diye bizden kaynaklı değil diyor ben niye yapayım veya nasıl yapayım benden kaynaklı olsa neden iade edeyim tl için hak yenir mi hiç allahtan korkarım,Negatif
Babama aldim tam oldu ustune rengide tam resimdeki gibi geldi 👍🏼👍🏼👍🏼tam beden almanizi tavsiyye ederim,5,Erkek %100 Pamuk Gri Hakim Yaka Düz T-Shirt E001030,Avva,babama aldim tam oldu ustune rengide tam resimdeki gibi geldi tam beden almanizi tavsiyye ederim,Pozitif
%100 pamuk yazısına aldanmayın. %60 pamuk %40 polyester. resmen insanları kandırıyorsunuz.,4,Erkek %100 Pamuk Gri Hakim Yaka Düz T-Shirt E001030,Avva,pamuk yazısına aldanmayın pamuk polyester resmen insanları kandırıyorsunuz,Pozitif
ürünü eşime aldım 3xl beden olarak büyük ama kısa geldi o yüzden ben de abime hediye ettim penye kalitesi kaliteli gayet güzel,5,Erkek %100 Pamuk Gri Hakim Yaka Düz T-Shirt E001030,Avva,ürünü eşime aldım xl beden olarak büyük ama kısa geldi o yüzden ben de abime hediye ettim penye kalitesi kaliteli gayet güzel,Pozitif
Tam bedeninizi alabilirsiniz kumaşı kalitesi harika. 175 boy 95 kilo xl tam oldu çekme yapmiyor,5,Erkek %100 Pamuk Gri Hakim Yaka Düz T-Shirt E001030,Avva,tam bedeninizi alabilirsiniz kumaşı kalitesi harika boy kilo xl tam oldu çekme yapmiyor,Pozitif
bir beden küçük alınabilir güzel ürün,5,Erkek %100 Pamuk Gri Hakim Yaka Düz T-Shirt E001030,Avva,bir beden küçük alınabilir güzel ürün,Pozitif
Ürünün kesimini beğenmedim. İnsanın üzerinde tuhaf duruyor. İade.,1,Erkek %100 Pamuk Gri Hakim Yaka Düz T-Shirt E001030,Avva,ürünün kesimini beğenmedim insanın üzerinde tuhaf duruyor iade,Negatif
fena değil,4,Erkek %100 Pamuk Gri Hakim Yaka Düz T-Shirt E001030,Avva,fena değil,Pozitif
Çok güzel bir kumaşı var yalniz pamuklu olmadığı icin yaz için kullanımı belki rahat gelmeyebilir. Ama başka türlü bir kumas da bu toparlayiciligi sağlayamayabilirdi.,5,Rosa Toparlayıcı Slip Külot SW8340,Suwen,çok güzel bir kumaşı var yalniz pamuklu olmadığı icin yaz için kullanımı belki rahat gelmeyebilir ama başka türlü bir kumas da bu toparlayiciligi sağlayamayabilirdi,Pozitif
O kadar güzel bir kumaşı var ki %100 pamuk rengi kesimi de super salaş model ben 1 beden küçük aldım,5,Kadın Yeşil Gömlek 0YAK68058PW,Koton,o kadar güzel bir kumaşı var ki pamuk rengi kesimi de super salaş model ben beden küçük aldım,Pozitif
hemen pamuklasti ve rengi gitti parasını hak etmeyen bir ürün 👎🏻👎🏻,3,Kapüşonlu Cepli Baskılı Sweatshirt 2KAL68256IK,Koton,hemen pamuklasti ve rengi gitti parasını hak etmeyen bir ürün,Nötr
bayağı over size bir ürün 1.80 boy 8 0 kiloya S beden aldık normal oldu,5,Comfort Fit Bisiklet Yaka Baskılı Pamuklu Penye Tişört X7557AZ22SM,Defacto,bayağı over size bir ürün boy kiloya s beden aldık normal oldu,Pozitif
"Çok rahat, penyesi çok güzel, herkese tavsiye ederim",5,Regular Fit Bisiklet Yaka Baskılı Pamuklu Penye Tişört X5864AZ22SM,Defacto,çok rahat penyesi çok güzel herkese tavsiye ederim,Pozitif
184 cm 77kg L tam oldu güzel durdu Tshirtte gayet güzel,5,Regular Fit Bisiklet Yaka Baskılı Pamuklu Penye Tişört X5864AZ22SM,Defacto,cm kg l tam oldu güzel durdu tshirtte gayet güzel,Pozitif
kaliteli bi ürün,4,Regular Fit Bisiklet Yaka Baskılı Pamuklu Penye Tişört X5864AZ22SM,Defacto,kaliteli bi ürün,Pozitif
ürün tam yazlık fiyat performans ürünü.,5,Regular Fit Bisiklet Yaka Baskılı Pamuklu Penye Tişört X5864AZ22SM,Defacto,ürün tam yazlık fiyat performans ürünü,Pozitif
mükemmel kalite hızlı teslimat tavsiye ederim,5,Regular Fit Bisiklet Yaka Baskılı Pamuklu Penye Tişört X5864AZ22SM,Defacto,mükemmel kalite hızlı teslimat tavsiye ederim,Pozitif
sifarişlərim gəldi.👍👍👍Alın aldırın.Kumaşı kalitesi iyi.,5,Regular Fit Bisiklet Yaka Baskılı Pamuklu Penye Tişört X5864AZ22SM,Defacto,sifarişlrim gldialın aldırınkumaşı kalitesi iyi,Pozitif
fiyata göre normal bir tshirt,3,Regular Fit Bisiklet Yaka Baskılı Pamuklu Penye Tişört X5864AZ22SM,Defacto,fiyata göre normal bir tshirt,Nötr
"Kalıpları büyük, bir beden küçük alın. Ayrıca siparişimi çok geç kargoya verdikleri için hiç memnun değilim",2,Regular Fit Bisiklet Yaka Baskılı Pamuklu Penye Tişört X5864AZ22SM,Defacto,kalıpları büyük bir beden küçük alın ayrıca siparişimi çok geç kargoya verdikleri için hiç memnun değilim,Negatif
Kalıbı çok rahat tam beden,5,Regular Fit Bisiklet Yaka Baskılı Pamuklu Penye Tişört X5864AZ22SM,Defacto,kalıbı çok rahat tam beden,Pozitif
rahat tişört,5,Regular Fit Bisiklet Yaka Baskılı Pamuklu Penye Tişört X5864AZ22SM,Defacto,rahat tişört,Pozitif
kumaşı gayet güzel ve sağlıklı pamuklu,4,Erkek Antrasit Melanj - Siyah 3 Lü Boxer US.01.80304,US Polo Assn,kumaşı gayet güzel ve sağlıklı pamuklu,Pozitif
Dekoltesi fazla yukarıda bu yüzden 1 beden büyük alabilirsiniz. Kumaşı güzel,5,Yazlık Elbise Ince Askılı 1YAK88855PW,Koton,dekoltesi fazla yukarıda bu yüzden beden büyük alabilirsiniz kumaşı güzel,Pozitif
Gayet iyi beğenerek aldık,5,Regular Fit Polo Yaka Basic Kısa Kollu Lacivert Pamuklu Penye Tişört M7676AZ21SP,Defacto,gayet iyi beğenerek aldık,Pozitif
Babam için almıştık çok beğendi güzel ürün 👍🏻,4,Regular Fit Polo Yaka Basic Kısa Kollu Lacivert Pamuklu Penye Tişört M7676AZ21SP,Defacto,babam için almıştık çok beğendi güzel ürün,Pozitif
güzel üründü beğendik,5,Regular Fit Polo Yaka Basic Kısa Kollu Lacivert Pamuklu Penye Tişört M7676AZ21SP,Defacto,güzel üründü beğendik,Pozitif
mükemmel kalite,5,Regular Fit Polo Yaka Basic Kısa Kollu Lacivert Pamuklu Penye Tişört M7676AZ21SP,Defacto,mükemmel kalite,Pozitif
Tavsiye ediyorum,5,Regular Fit Polo Yaka Basic Kısa Kollu Lacivert Pamuklu Penye Tişört M7676AZ21SP,Defacto,tavsiye ediyorum,Pozitif
guzel paketleme yapmislar,5,Regular Fit Polo Yaka Basic Kısa Kollu Lacivert Pamuklu Penye Tişört M7676AZ21SP,Defacto,guzel paketleme yapmislar,Pozitif
Babam için almıştık bedeni normal. Kalitesi beklenileni karşılıyor.,5,Regular Fit Polo Yaka Basic Kısa Kollu Lacivert Pamuklu Penye Tişört M7676AZ21SP,Defacto,babam için almıştık bedeni normal kalitesi beklenileni karşılıyor,Pozitif
Babam için aldım.... Yumuşacık tam beden alın....,5,Regular Fit Polo Yaka Basic Kısa Kollu Lacivert Pamuklu Penye Tişört M7676AZ21SP,Defacto,babam için aldım yumuşacık tam beden alın,Pozitif
paketlemeye dikkat ve Özen lütfen,4,Regular Fit Polo Yaka Basic Kısa Kollu Lacivert Pamuklu Penye Tişört M7676AZ21SP,Defacto,paketlemeye dikkat ve özen lütfen,Pozitif
Kendi bedeninizi ala bilirsiniz😊.Cok güzel,5,Regular Fit Polo Yaka Basic Kısa Kollu Lacivert Pamuklu Penye Tişört M7676AZ21SP,Defacto,kendi bedeninizi ala bilirsinizcok güzel,Pozitif
çok güzel bir ürün memnunum 😍,5,Regular Fit Polo Yaka Basic Kısa Kollu Lacivert Pamuklu Penye Tişört M7676AZ21SP,Defacto,çok güzel bir ürün memnunum,Pozitif
Harika bir ürün herkese tavsiye ederim,5,Regular Fit Polo Yaka Basic Kısa Kollu Lacivert Pamuklu Penye Tişört M7676AZ21SP,Defacto,harika bir ürün herkese tavsiye ederim,Pozitif
gayet güzel,5,Regular Fit Polo Yaka Basic Kısa Kollu Lacivert Pamuklu Penye Tişört M7676AZ21SP,Defacto,gayet güzel,Pozitif
Urun on numara kayrt guzel tş,5,Regular Fit Polo Yaka Basic Kısa Kollu Lacivert Pamuklu Penye Tişört M7676AZ21SP,Defacto,urun on numara kayrt guzel tş,Pozitif
Çok güzel hızlı geldi,5,Regular Fit Polo Yaka Basic Kısa Kollu Lacivert Pamuklu Penye Tişört M7676AZ21SP,Defacto,çok güzel hızlı geldi,Pozitif
gayet iyi sorunsuz,5,Regular Fit Polo Yaka Basic Kısa Kollu Lacivert Pamuklu Penye Tişört M7676AZ21SP,Defacto,gayet iyi sorunsuz,Pozitif
"Fiyatına göre bir kalitesi var, pek beğenmedim, çok ince, aşırı sıcak günlerde tercih edilebilir.",3,Regular Fit Polo Yaka Basic Kısa Kollu Lacivert Pamuklu Penye Tişört M7676AZ21SP,Defacto,fiyatına göre bir kalitesi var pek beğenmedim çok ince aşırı sıcak günlerde tercih edilebilir,Nötr
Kalıbı oldukca ıyı rwngi canlı,5,Regular Fit Polo Yaka Basic Kısa Kollu Lacivert Pamuklu Penye Tişört M7676AZ21SP,Defacto,kalıbı oldukca ıyı rwngi canlı,Pozitif
Penyesi çok kaliteli eşim regular kalıpta 4 xl giyiyor normalde 5 xl almıştık tam oldu,5,Regular Fit Polo Yaka Basic Kısa Kollu Lacivert Pamuklu Penye Tişört M7676AZ21SP,Defacto,penyesi çok kaliteli eşim regular kalıpta xl giyiyor normalde xl almıştık tam oldu,Pozitif
harika tevsiye ediyorum,5,Regular Fit Polo Yaka Basic Kısa Kollu Lacivert Pamuklu Penye Tişört M7676AZ21SP,Defacto,harika tevsiye ediyorum,Pozitif
Tam kalıp kendi bedeninizi alın,5,Regular Fit Polo Yaka Basic Kısa Kollu Lacivert Pamuklu Penye Tişört M7676AZ21SP,Defacto,tam kalıp kendi bedeninizi alın,Pozitif
çok güzel kendi bedeninizi alabilirsiniz,5,Regular Fit Polo Yaka Basic Kısa Kollu Lacivert Pamuklu Penye Tişört M7676AZ21SP,Defacto,çok güzel kendi bedeninizi alabilirsiniz,Pozitif
idare eder,3,Regular Fit Polo Yaka Basic Kısa Kollu Lacivert Pamuklu Penye Tişört M7676AZ21SP,Defacto,idare eder,Nötr
fiyatına göre çok güzel kalitesi kumaşı kesimi👍,5,Regular Fit Polo Yaka Basic Kısa Kollu Lacivert Pamuklu Penye Tişört M7676AZ21SP,Defacto,fiyatına göre çok güzel kalitesi kumaşı kesimi,Pozitif
cox böyük geldi. 2 razmer balaca goturun,4,Regular Fit Polo Yaka Basic Kısa Kollu Lacivert Pamuklu Penye Tişört M7676AZ21SP,Defacto,cox böyük geldi razmer balaca goturun,Pozitif
kardeşime aldım çok beğendi gayet guzel,4,Regular Fit Polo Yaka Basic Kısa Kollu Lacivert Pamuklu Penye Tişört M7676AZ21SP,Defacto,kardeşime aldım çok beğendi gayet guzel,Pozitif
"güzel, sik bir ürün, tavsiye ederim",5,Regular Fit Polo Yaka Basic Kısa Kollu Lacivert Pamuklu Penye Tişört M7676AZ21SP,Defacto,güzel sik bir ürün tavsiye ederim,Pozitif
çok güzel çok beğendim eşim için aldım çok güzel oldu salaş duruyor salaş sevmiyorsanız bir beden küçük alınabilir,5,Regular Fit Polo Yaka Basic Kısa Kollu Lacivert Pamuklu Penye Tişört M7676AZ21SP,Defacto,çok güzel çok beğendim eşim için aldım çok güzel oldu salaş duruyor salaş sevmiyorsanız bir beden küçük alınabilir,Pozitif
Sevgilime aldım çok yakıştı. Sizinkine yakışır mı bilemem benim sevgilim çok güzel taşıdı maşallah...,5,Regular Fit Polo Yaka Basic Kısa Kollu Lacivert Pamuklu Penye Tişört M7676AZ21SP,Defacto,sevgilime aldım çok yakıştı sizinkine yakışır mı bilemem benim sevgilim çok güzel taşıdı maşallah,Pozitif
ürüne bayıldım kumaşı çok güzel kalıbı tam,5,Regular Fit Polo Yaka Basic Kısa Kollu Lacivert Pamuklu Penye Tişört M7676AZ21SP,Defacto,ürüne bayıldım kumaşı çok güzel kalıbı tam,Pozitif
Pamuk gibi dokusu,5,Katlı Yaka Pelüş Kaban 2KAK06807EW,Koton,pamuk gibi dokusu,Pozitif
Kumaşı pamuklu oldugundan yumuşacık. Rengi de cok tatlı. Hamile oldugunuzu düşünerek büyük almanıza gerek yok normal bedeninizi alabilirsiniz zaten oversize,5,Kadın Regular Fit Basic Hamile Gömlek X1725AZ22SP,Defacto,kumaşı pamuklu oldugundan yumuşacık rengi de cok tatlı hamile oldugunuzu düşünerek büyük almanıza gerek yok normal bedeninizi alabilirsiniz zaten oversize,Pozitif
Güzel ürün s tam oldu,3,Slim Fit Halter Yaka Pamuklu Crop Top U0357AZ21SP,Defacto,güzel ürün s tam oldu,Nötr
Normalde s giyiyorum ama sıkmaması için m beden aldım memnunum,5,Slim Fit Halter Yaka Pamuklu Crop Top U0357AZ21SP,Defacto,normalde s giyiyorum ama sıkmaması için m beden aldım memnunum,Pozitif
Ben bayıldım açıkçası. 1.68 boyundayım 72 kiloyum. M beden aldım üstüme yapıştı ama asla kötü durmadı. Çok severek giydim yaz boyu.,5,Slim Fit Halter Yaka Pamuklu Crop Top U0357AZ21SP,Defacto,ben bayıldım açıkçası boyundayım kiloyum m beden aldım üstüme yapıştı ama asla kötü durmadı çok severek giydim yaz boyu,Pozitif
Dokusu ve kalitesi çok güzel bence düşünmeden alabilirsiniz. Boyum 174 Large aldım yüksek bel pantalon ile göbeğim çok az gözüküyor,5,Slim Fit Halter Yaka Pamuklu Crop Top U0357AZ21SP,Defacto,dokusu ve kalitesi çok güzel bence düşünmeden alabilirsiniz boyum large aldım yüksek bel pantalon ile göbeğim çok az gözüküyor,Pozitif
Herkes çok dar büyük alın demiş ona bakarak L aldım ama M ve S side gayet iyi olurmuş. 1.60 53 kiloyum.,5,Slim Fit Halter Yaka Pamuklu Crop Top U0357AZ21SP,Defacto,herkes çok dar büyük alın demiş ona bakarak l aldım ama m ve s side gayet iyi olurmuş kiloyum,Pozitif
Göğüs yapım büyük kendi bedenimi almama rağmen güzel oldu,5,Slim Fit Halter Yaka Pamuklu Crop Top U0357AZ21SP,Defacto,göğüs yapım büyük kendi bedenimi almama rağmen güzel oldu,Pozitif
muazzaaammm ötesi ya,5,Slim Fit Halter Yaka Pamuklu Crop Top U0357AZ21SP,Defacto,muazzaaammm ötesi ya,Pozitif
Güzel alınız,4,Slim Fit Halter Yaka Pamuklu Crop Top U0357AZ21SP,Defacto,güzel alınız,Pozitif
mutlaka alınmalı,5,Slim Fit Halter Yaka Pamuklu Crop Top U0357AZ21SP,Defacto,mutlaka alınmalı,Pozitif
çok guzelllll,5,Slim Fit Halter Yaka Pamuklu Crop Top U0357AZ21SP,Defacto,çok guzelllll,Pozitif
Çok beğendimmm,5,Slim Fit Halter Yaka Pamuklu Crop Top U0357AZ21SP,Defacto,çok beğendimmm,Pozitif
Güzel bi parca,5,Slim Fit Halter Yaka Pamuklu Crop Top U0357AZ21SP,Defacto,güzel bi parca,Pozitif
"Çok kaliteli 1.67 boy, 56 kg için M beden gayet rahat ve güzel oldu",5,Slim Fit Halter Yaka Pamuklu Crop Top U0357AZ21SP,Defacto,çok kaliteli boy kg için m beden gayet rahat ve güzel oldu,Pozitif
fiyat performans,5,Slim Fit Halter Yaka Pamuklu Crop Top U0357AZ21SP,Defacto,fiyat performans,Pozitif
Harika ve çok rahat bayıldım,5,Slim Fit Halter Yaka Pamuklu Crop Top U0357AZ21SP,Defacto,harika ve çok rahat bayıldım,Pozitif
s-m giyiyorum genelde m aldım güzel oldu,5,Slim Fit Halter Yaka Pamuklu Crop Top U0357AZ21SP,Defacto,sm giyiyorum genelde m aldım güzel oldu,Pozitif
160 45 xs tam oldu,5,Slim Fit Halter Yaka Pamuklu Crop Top U0357AZ21SP,Defacto,xs tam oldu,Pozitif
1.60 46 kiloyum s aldim tam du. kaliteli rengi biraz daha koyu,4,Slim Fit Halter Yaka Pamuklu Crop Top U0357AZ21SP,Defacto,kiloyum s aldim tam du kaliteli rengi biraz daha koyu,Pozitif
kendi bedeninizi alın çok güzel,5,Slim Fit Halter Yaka Pamuklu Crop Top U0357AZ21SP,Defacto,kendi bedeninizi alın çok güzel,Pozitif
çok güzel bir beden büyük alabilirsiniz rahat etmek istiyorsanız,4,Slim Fit Halter Yaka Pamuklu Crop Top U0357AZ21SP,Defacto,çok güzel bir beden büyük alabilirsiniz rahat etmek istiyorsanız,Pozitif
Mükemmel bir renk kesinlikle tavsiye ediyorum,5,Slim Fit Halter Yaka Pamuklu Crop Top U0357AZ21SP,Defacto,mükemmel bir renk kesinlikle tavsiye ediyorum,Pozitif
bu tarz croplara bayılıyorum ve bu ürün de mükemmel,5,Slim Fit Halter Yaka Pamuklu Crop Top U0357AZ21SP,Defacto,bu tarz croplara bayılıyorum ve bu ürün de mükemmel,Pozitif
yumuşacık tam beden,5,Slim Fit Halter Yaka Pamuklu Crop Top U0357AZ21SP,Defacto,yumuşacık tam beden,Pozitif
Çok rahat ve şık,5,Slim Fit Halter Yaka Pamuklu Crop Top U0357AZ21SP,Defacto,çok rahat ve şık,Pozitif
göğüsleriniz büyükse 1 beden büyük tercih edebılırsınız çook güzel,5,Slim Fit Halter Yaka Pamuklu Crop Top U0357AZ21SP,Defacto,göğüsleriniz büyükse beden büyük tercih edebılırsınız çook güzel,Pozitif
cok guzel fiyatina gore uygun,5,Slim Fit Halter Yaka Pamuklu Crop Top U0357AZ21SP,Defacto,cok guzel fiyatina gore uygun,Pozitif
O kadar güzel duruyor ki her rengini aldım,5,Slim Fit Halter Yaka Pamuklu Crop Top U0357AZ21SP,Defacto,o kadar güzel duruyor ki her rengini aldım,Pozitif
ürün kaliteli rengi de çok güzel,5,Slim Fit Halter Yaka Pamuklu Crop Top U0357AZ21SP,Defacto,ürün kaliteli rengi de çok güzel,Pozitif
Tam beden harika,4,Slim Fit Halter Yaka Pamuklu Crop Top U0357AZ21SP,Defacto,tam beden harika,Pozitif
Ütün göründüğü gibi teşekkürler,4,Slim Fit Halter Yaka Pamuklu Crop Top U0357AZ21SP,Defacto,ütün göründüğü gibi teşekkürler,Pozitif
s beden aldım 46 kiloyum gayette iyi oldu ben cok begendim kargoda cok hızlıydı,5,Kadın Ekru Halter Yaka Pamuklu Crop Top U0357AZ21SP,Defacto,s beden aldım kiloyum gayette iyi oldu ben cok begendim kargoda cok hızlıydı,Pozitif
160 boy 45 kilo ile kendi bedenim olduğu için xs sipariş verdim. İnanılmaz bir deneyimdi. Badinin içinde son nefesimi veriyordum az kalsın. Mümkünse iki beden büyük alın😹,3,Kadın Ekru Halter Yaka Pamuklu Crop Top U0357AZ21SP,Defacto,boy kilo ile kendi bedenim olduğu için xs sipariş verdim inanılmaz bir deneyimdi badinin içinde son nefesimi veriyordum az kalsın mümkünse iki beden büyük alın,Nötr
alınıp dolapta mutlaka olması gereken bir parça ben 67 kiloyum l beden aldım çok güzellll,5,Kadın Ekru Halter Yaka Pamuklu Crop Top U0357AZ21SP,Defacto,alınıp dolapta mutlaka olması gereken bir parça ben kiloyum l beden aldım çok güzellll,Pozitif
Tam fiyat performans ürünü. Memnun kaldım. Tam bedeninizi alın.,5,Kadın Ekru Halter Yaka Pamuklu Crop Top U0357AZ21SP,Defacto,tam fiyat performans ürünü memnun kaldım tam bedeninizi alın,Pozitif
57kg L beden aldim harika oldu cok sevdim,5,Kadın Ekru Halter Yaka Pamuklu Crop Top U0357AZ21SP,Defacto,kg l beden aldim harika oldu cok sevdim,Pozitif
guzelll cok guzel,5,Kadın Ekru Halter Yaka Pamuklu Crop Top U0357AZ21SP,Defacto,guzelll cok guzel,Pozitif
güzel ürün,5,Kadın Ekru Halter Yaka Pamuklu Crop Top U0357AZ21SP,Defacto,güzel ürün,Pozitif
Fazla dar m almama rağmen normalde s giyerim,4,Kadın Ekru Halter Yaka Pamuklu Crop Top U0357AZ21SP,Defacto,fazla dar m almama rağmen normalde s giyerim,Pozitif
Ürün güzel geldi,4,Kadın Ekru Halter Yaka Pamuklu Crop Top U0357AZ21SP,Defacto,ürün güzel geldi,Pozitif
çok kaliteli begendim,5,Kadın Ekru Halter Yaka Pamuklu Crop Top U0357AZ21SP,Defacto,çok kaliteli begendim,Pozitif
Kombin kurtarıcı çok memnunum,5,Kadın Ekru Halter Yaka Pamuklu Crop Top U0357AZ21SP,Defacto,kombin kurtarıcı çok memnunum,Pozitif
efsane teşekkürler,5,Kadın Ekru Halter Yaka Pamuklu Crop Top U0357AZ21SP,Defacto,efsane teşekkürler,Pozitif
güzel bir ürün beğendim,5,Kadın Ekru Halter Yaka Pamuklu Crop Top U0357AZ21SP,Defacto,güzel bir ürün beğendim,Pozitif
Tavsiye ederim,5,Kadın Ekru Halter Yaka Pamuklu Crop Top U0357AZ21SP,Defacto,tavsiye ederim,Pozitif
rahat minik,5,Kadın Ekru Halter Yaka Pamuklu Crop Top U0357AZ21SP,Defacto,rahat minik,Pozitif
Çok güzel,5,Kadın Ekru Halter Yaka Pamuklu Crop Top U0357AZ21SP,Defacto,çok güzel,Pozitif
Çok begendim,5,Kadın Ekru Halter Yaka Pamuklu Crop Top U0357AZ21SP,Defacto,çok begendim,Pozitif
çok güzel ve severek giyiniyorum,5,Kadın Ekru Halter Yaka Pamuklu Crop Top U0357AZ21SP,Defacto,çok güzel ve severek giyiniyorum,Pozitif
Kendi bedenimi aldım çok güzel oldu,5,Kadın Ekru Halter Yaka Pamuklu Crop Top U0357AZ21SP,Defacto,kendi bedenimi aldım çok güzel oldu,Pozitif
L beden aldım tam oldu bayıldım çok güzel.,5,Kadın Ekru Halter Yaka Pamuklu Crop Top U0357AZ21SP,Defacto,l beden aldım tam oldu bayıldım çok güzel,Pozitif
Cok kotu l aldim ama xs gibi 👎berbad otesi,5,Kadın Ekru Halter Yaka Pamuklu Crop Top U0357AZ21SP,Defacto,cok kotu l aldim ama xs gibi berbad otesi,Pozitif
Cok dar bence 2 beden buyuk alin,3,Kadın Ekru Halter Yaka Pamuklu Crop Top U0357AZ21SP,Defacto,cok dar bence beden buyuk alin,Nötr
Çok tatlı crop bir body,5,Kadın Ekru Halter Yaka Pamuklu Crop Top U0357AZ21SP,Defacto,çok tatlı crop bir body,Pozitif
çok güzel her kadının dolabında olması gereken parça,5,Kadın Ekru Halter Yaka Pamuklu Crop Top U0357AZ21SP,Defacto,çok güzel her kadının dolabında olması gereken parça,Pozitif
Harika atlet 👍🏻,5,Kadın Ekru Halter Yaka Pamuklu Crop Top U0357AZ21SP,Defacto,harika atlet,Pozitif
Güzel ürün her rengini aldım,4,Kadın Ekru Halter Yaka Pamuklu Crop Top U0357AZ21SP,Defacto,güzel ürün her rengini aldım,Pozitif
Gömlek içine giymek için aldım . 1.55 boy 48 kg sıkmaması için m aldım çok rahat oldu,4,Kadın Ekru Halter Yaka Pamuklu Crop Top U0357AZ21SP,Defacto,gömlek içine giymek için aldım boy kg sıkmaması için m aldım çok rahat oldu,Pozitif
Ürün çok güzel sadece küçük almışım,5,Kadın Ekru Halter Yaka Pamuklu Crop Top U0357AZ21SP,Defacto,ürün çok güzel sadece küçük almışım,Pozitif
Rengi cok guzel,5,Kadın Ekru Halter Yaka Pamuklu Crop Top U0357AZ21SP,Defacto,rengi cok guzel,Pozitif
kaliteli resimdekiyle ayni,5,Kadın Ekru Halter Yaka Pamuklu Crop Top U0357AZ21SP,Defacto,kaliteli resimdekiyle ayni,Pozitif
pamuklu çok güzel diz üstü bir şort,5,Coool Bt21 Lisanslı Mini Bermuda Şort X8741AZ22SM,Defacto,pamuklu çok güzel diz üstü bir şort,Pozitif
Çok tatlı. Yumuşacık,5,Regular Fit Çizgili Pamuklu Hamile Gömlek X2173AZ22SP,Defacto,çok tatlı yumuşacık,Pozitif
Hediye olarak almıştım ama kumaşı terletmeyen bir kumaş bu çok iyi ve yorumlara bakarak 1 beden küçük aldım hakikaten daha iyi oldu,5,Regular Fit Çizgili Pamuklu Hamile Gömlek X2173AZ22SP,Defacto,hediye olarak almıştım ama kumaşı terletmeyen bir kumaş bu çok iyi ve yorumlara bakarak beden küçük aldım hakikaten daha iyi oldu,Pozitif
Bedeni bana çok büyük gelmişti iade ettim. Ama kumaş güzel. Tavsiye edilir.,5,Regular Fit Çizgili Pamuklu Hamile Gömlek X2173AZ22SP,Defacto,bedeni bana çok büyük gelmişti iade ettim ama kumaş güzel tavsiye edilir,Pozitif
Çok rahat gömlek ben normalde s-m giyiyorum ama bunun m bedenini aldim hamilelikte daha rahat olsun diye iyiki de m almışım,5,Regular Fit Çizgili Pamuklu Hamile Gömlek X2173AZ22SP,Defacto,çok rahat gömlek ben normalde sm giyiyorum ama bunun m bedenini aldim hamilelikte daha rahat olsun diye iyiki de m almışım,Pozitif
Harika bir kumaşı var,5,Regular Fit Çizgili Pamuklu Hamile Gömlek X2173AZ22SP,Defacto,harika bir kumaşı var,Pozitif
"Çok güzel ,şık ,kaliteli ,pamuklu",5,Regular Fit Çizgili Pamuklu Hamile Gömlek X2173AZ22SP,Defacto,çok güzel şık kaliteli pamuklu,Pozitif
Severek giydim kumaşı çok güzel,5,Regular Fit Çizgili Pamuklu Hamile Gömlek X2173AZ22SP,Defacto,severek giydim kumaşı çok güzel,Pozitif
Alt kısmı beklediğimden bol ama genel olarak ince rahat pamuklu güzel bir kumaşı var.,4,Regular Fit Çizgili Pamuklu Hamile Gömlek X2173AZ22SP,Defacto,alt kısmı beklediğimden bol ama genel olarak ince rahat pamuklu güzel bir kumaşı var,Pozitif
Çok güzel teşekkür ediyorum,5,Regular Fit Çizgili Pamuklu Hamile Gömlek X2173AZ22SP,Defacto,çok güzel teşekkür ediyorum,Pozitif
Bedenleri çok büyük iade edicem,1,Regular Fit Çizgili Pamuklu Hamile Gömlek X2173AZ22SP,Defacto,bedenleri çok büyük iade edicem,Negatif
Gorunusu ayni resimdeki gibi tek kelimeyle muuuhteeeseeem😍😍😍👍👍👍,5,Regular Fit Çizgili Pamuklu Hamile Gömlek X2173AZ22SP,Defacto,gorunusu ayni resimdeki gibi tek kelimeyle muuuhteeeseeem,Pozitif
Ürün yapısı ve üstte duruşu çok güzel,5,Regular Fit Çizgili Pamuklu Hamile Gömlek X2173AZ22SP,Defacto,ürün yapısı ve üstte duruşu çok güzel,Pozitif
kalıbı dar biraz,5,Regular Fit Çizgili Pamuklu Hamile Gömlek X2173AZ22SP,Defacto,kalıbı dar biraz,Pozitif
"Ürün çok kullanışlı hamileleler için kurtarıcı bir parça, yazında giyilebilir ince bir ürün.",5,Regular Fit Çizgili Pamuklu Hamile Gömlek X2173AZ22SP,Defacto,ürün çok kullanışlı hamileleler için kurtarıcı bir parça yazında giyilebilir ince bir ürün,Pozitif
çook beğendim,5,Çiçekli Bluz Kısa Kollu Pamuklu 1YAK68285PW,Koton,çook beğendim,Pozitif
Çok güzel şık,5,Çiçekli Bluz Kısa Kollu Pamuklu 1YAK68285PW,Koton,çok güzel şık,Pozitif
Çok güzel ve kaliteli,5,Çiçekli Bluz Kısa Kollu Pamuklu 1YAK68285PW,Koton,çok güzel ve kaliteli,Pozitif
çok güzelll🥰🥰,5,Çiçekli Bluz Kısa Kollu Pamuklu 1YAK68285PW,Koton,çok güzelll,Pozitif
çok şık şirin,5,Çiçekli Bluz Kısa Kollu Pamuklu 1YAK68285PW,Koton,çok şık şirin,Pozitif
çok tatlı kaliteli,5,Çiçekli Bluz Kısa Kollu Pamuklu 1YAK68285PW,Koton,çok tatlı kaliteli,Pozitif
Güzel👍👍👍👍👍,5,Çiçekli Bluz Kısa Kollu Pamuklu 1YAK68285PW,Koton,güzel,Pozitif
Güzel ürün bayıldım,5,Çiçekli Bluz Kısa Kollu Pamuklu 1YAK68285PW,Koton,güzel ürün bayıldım,Pozitif
Çok güzel,5,Çiçekli Bluz Kısa Kollu Pamuklu 1YAK68285PW,Koton,çok güzel,Pozitif
Mükemmel bi ürün,5,Çiçekli Bluz Kısa Kollu Pamuklu 1YAK68285PW,Koton,mükemmel bi ürün,Pozitif
Kaliteli ve şık,5,Çiçekli Bluz Kısa Kollu Pamuklu 1YAK68285PW,Koton,kaliteli ve şık,Pozitif
vücutta aşırı güzel oturuyor,5,Çiçekli Bluz Kısa Kollu Pamuklu 1YAK68285PW,Koton,vücutta aşırı güzel oturuyor,Pozitif
Tam bedeninizi alın çok sık bir bluz,5,Çiçekli Bluz Kısa Kollu Pamuklu 1YAK68285PW,Koton,tam bedeninizi alın çok sık bir bluz,Pozitif
Rengi modeli muhtesem hızlı teslimat için ayrıca teşekkür ederim trendyol.,5,Çiçekli Bluz Kısa Kollu Pamuklu 1YAK68285PW,Koton,rengi modeli muhtesem hızlı teslimat için ayrıca teşekkür ederim trendyol,Pozitif
Üst bedenim 36 olmasına rağmen fazla bol geldi terzide daralttırmak zorunda kaldım kendini pamuk prenses olarak hissetmek isteyen olursa alabilir,3,Çiçekli Bluz Kısa Kollu Pamuklu 1YAK68285PW,Koton,üst bedenim olmasına rağmen fazla bol geldi terzide daralttırmak zorunda kaldım kendini pamuk prenses olarak hissetmek isteyen olursa alabilir,Nötr
Cok guzel tam bedenimi aldım kaliteli ürün,5,Çiçekli Bluz Kısa Kollu Pamuklu 1YAK68285PW,Koton,cok guzel tam bedenimi aldım kaliteli ürün,Pozitif
Ürün çok güzel normalde yorumlara bakarak bir beden küçük beden aldım iyiki öyle yapmışım tam oldu üstüme,5,Çiçekli Bluz Kısa Kollu Pamuklu 1YAK68285PW,Koton,ürün çok güzel normalde yorumlara bakarak bir beden küçük beden aldım iyiki öyle yapmışım tam oldu üstüme,Pozitif
Görseldekinin aynısı çok tatlı çok güzel bir üst çok beğendim. Tam kalıp alabilirsiniz,5,Çiçekli Bluz Kısa Kollu Pamuklu 1YAK68285PW,Koton,görseldekinin aynısı çok tatlı çok güzel bir üst çok beğendim tam kalıp alabilirsiniz,Pozitif
38 beden almıştım Çok büyük geldi kesinlikle 1 hatta 2 beden bile küçük alınabilir o yüzden iade,2,Çiçekli Bluz Kısa Kollu Pamuklu 1YAK68285PW,Koton,beden almıştım çok büyük geldi kesinlikle hatta beden bile küçük alınabilir o yüzden iade,Negatif
Pamuklu yeri harika sadece 1veden küçük alınabilir büyük geldi,5,Çiçekli Bluz Kısa Kollu Pamuklu 1YAK68285PW,Koton,pamuklu yeri harika sadece veden küçük alınabilir büyük geldi,Pozitif
defolu ürün göndermişler,1,Çiçekli Bluz Kısa Kollu Pamuklu 1YAK68285PW,Koton,defolu ürün göndermişler,Negatif
kumaşı ve detayları çok hoş üzerinizde çok güzel duruyor yüksek bel pantolonlarla harika kullanılacak bi ürün,5,Çiçekli Bluz Kısa Kollu Pamuklu 1YAK68285PW,Koton,kumaşı ve detayları çok hoş üzerinizde çok güzel duruyor yüksek bel pantolonlarla harika kullanılacak bi ürün,Pozitif
Müthiş😍göründüğü gibi kalitesi şahane ❤️,5,Çiçekli Bluz Kısa Kollu Pamuklu 1YAK68285PW,Koton,müthişgöründüğü gibi kalitesi şahane,Pozitif
Çok güzel tam bedwn alınmalı,5,Çiçekli Bluz Kısa Kollu Pamuklu 1YAK68285PW,Koton,çok güzel tam bedwn alınmalı,Pozitif
Çok güzel cici. Tam beden alınabilir. Aynı resimdeki gibi geldi.,5,Çiçekli Bluz Kısa Kollu Pamuklu 1YAK68285PW,Koton,çok güzel cici tam beden alınabilir aynı resimdeki gibi geldi,Pozitif
Yine koton ve yine mükemmel bir bluz bayıldım kendi bedenim bile bana büyük geldi kalıplar baya rahat yani desenler desen şahane thankss❤️,5,Çiçekli Bluz Kısa Kollu Pamuklu 1YAK68285PW,Koton,yine koton ve yine mükemmel bir bluz bayıldım kendi bedenim bile bana büyük geldi kalıplar baya rahat yani desenler desen şahane thankss,Pozitif
Ürün güzel bi beden kücük alinmali,5,Çiçekli Bluz Kısa Kollu Pamuklu 1YAK68285PW,Koton,ürün güzel bi beden kücük alinmali,Pozitif
çok güzel tam beden almanızı tavsiye ediyorum,5,Çiçekli Bluz Kısa Kollu Pamuklu 1YAK68285PW,Koton,çok güzel tam beden almanızı tavsiye ediyorum,Pozitif
Oldukça hızlı teslim oldu kendi bedeninizde almanızı öneririm,5,Çiçekli Bluz Kısa Kollu Pamuklu 1YAK68285PW,Koton,oldukça hızlı teslim oldu kendi bedeninizde almanızı öneririm,Pozitif
"pileli etekle , yuksek bel pantolonla durusu guzel ❤️ bu fiyata shik bi bluz geleceyini beklirdim",5,Çiçekli Bluz Kısa Kollu Pamuklu 1YAK68285PW,Koton,pileli etekle yuksek bel pantolonla durusu guzel bu fiyata shik bi bluz geleceyini beklirdim,Pozitif
"Yüzde yüz pamuk, yumuşacık bir ürün. Bütün t-shirtlerimi hummel almayı düşünüyorum artık. Harika.",5,Digna Kısa Kollu Tişört 910969,HUMMEL,yüzde yüz pamuk yumuşacık bir ürün bütün tshirtlerimi hummel almayı düşünüyorum artık harika,Pozitif
Cok severek giydim ustume cok guzel oldu tavsiye ederim,5,Kadın Kareli Elbise Pencere Detaylı Pamuklu 1YAK82135UW,Koton,cok severek giydim ustume cok guzel oldu tavsiye ederim,Pozitif
"Çok rahat elbise,kendi numaranızı alınız.",5,Kadın Kareli Elbise Pencere Detaylı Pamuklu 1YAK82135UW,Koton,çok rahat elbisekendi numaranızı alınız,Pozitif
cok guzel sirin bir elbise,5,Kadın Kareli Elbise Pencere Detaylı Pamuklu 1YAK82135UW,Koton,cok guzel sirin bir elbise,Pozitif
Çok begendim cok cici,5,Kadın Kareli Elbise Pencere Detaylı Pamuklu 1YAK82135UW,Koton,çok begendim cok cici,Pozitif
bayıldım tam beden askilari biraz uzun terzi halletti hemen.,5,Kadın Kareli Elbise Pencere Detaylı Pamuklu 1YAK82135UW,Koton,bayıldım tam beden askilari biraz uzun terzi halletti hemen,Pozitif
Gereksiz bir göğüs dekoltesi var.,3,Kadın Kareli Elbise Pencere Detaylı Pamuklu 1YAK82135UW,Koton,gereksiz bir göğüs dekoltesi var,Nötr
Nefis bir ürün 🤍🤍🤍,5,Kadın Kareli Elbise Pencere Detaylı Pamuklu 1YAK82135UW,Koton,nefis bir ürün,Pozitif
Guzel elbise,5,Kadın Kareli Elbise Pencere Detaylı Pamuklu 1YAK82135UW,Koton,guzel elbise,Pozitif
beli biraz buyuk geldi emin olamadim bir beden kucuk alsam olabilir miydi tadilat yaptirdim. mankendeki gibi guzel bir urun,5,Kadın Kareli Elbise Pencere Detaylı Pamuklu 1YAK82135UW,Koton,beli biraz buyuk geldi emin olamadim bir beden kucuk alsam olabilir miydi tadilat yaptirdim mankendeki gibi guzel bir urun,Pozitif
çok güzel duruyor kumaş kalitesi çok iyi sadece askılar tadilat istiyor.,5,Kadın Kareli Elbise Pencere Detaylı Pamuklu 1YAK82135UW,Koton,çok güzel duruyor kumaş kalitesi çok iyi sadece askılar tadilat istiyor,Pozitif
Ürün çok güzel. Göğüs dekoltesi sevmeyen varsa tavsiye etmem. Fermuarı biraz zor kapanıyor ancak fermuarı kuru sabunladığınızda şıp diye kapanıyor,5,Kadın Kareli Elbise Pencere Detaylı Pamuklu 1YAK82135UW,Koton,ürün çok güzel göğüs dekoltesi sevmeyen varsa tavsiye etmem fermuarı biraz zor kapanıyor ancak fermuarı kuru sabunladığınızda şıp diye kapanıyor,Pozitif
Elbise görüntüsü güzel ama kumaşını sevmedik,4,Kadın Kareli Elbise Pencere Detaylı Pamuklu 1YAK82135UW,Koton,elbise görüntüsü güzel ama kumaşını sevmedik,Pozitif
112 TL ye aldım çok güzel bir elbise tam kalıp teşekkürler Trendyol,5,Kadın Kareli Elbise Pencere Detaylı Pamuklu 1YAK82135UW,Koton,tl ye aldım çok güzel bir elbise tam kalıp teşekkürler trendyol,Pozitif
fotograftaki gibi,5,Kadın Kareli Elbise Pencere Detaylı Pamuklu 1YAK82135UW,Koton,fotograftaki gibi,Pozitif
çok güzel ben tam bedenimi aldım gayette güzel oldu.,5,Kadın Kareli Elbise Pencere Detaylı Pamuklu 1YAK82135UW,Koton,çok güzel ben tam bedenimi aldım gayette güzel oldu,Pozitif
Çok beğendik kumaş harika . Ben daha kalın beklemiştim ama çok beğendim. Tam yazlık,5,Kadın Kareli Elbise Pencere Detaylı Pamuklu 1YAK82135UW,Koton,çok beğendik kumaş harika ben daha kalın beklemiştim ama çok beğendim tam yazlık,Pozitif
Çok çok çok güzel elbise. Elbiselerde cep detayı olmasına bayılıyorum. Son yıllarda midi elbise modası da şahane oldu böyle. Tam yazlık.,5,Kadın Kareli Elbise Pencere Detaylı Pamuklu 1YAK82135UW,Koton,çok çok çok güzel elbise elbiselerde cep detayı olmasına bayılıyorum son yıllarda midi elbise modası da şahane oldu böyle tam yazlık,Pozitif
"Kumaşa ve desene bayıldım. Bu elbise uzun süre takip ettim yarı yarıya fiyat düşünce satın aldım. Sadece dekolte oldukça açık görseldeki gibi. Klasik sutyen bu elbiseye uygun değil Elbisenin kumaşı esnek değil ve yandaki fermuar ona göre 🙂Ben, XL beden olan bayan bunu fark ettim. Kargo ve paketleme iyiydi. Teşekkürler.",5,Kadın Kareli Elbise Pencere Detaylı Pamuklu 1YAK82135UW,Koton,kumaşa ve desene bayıldım bu elbise uzun süre takip ettim yarı yarıya fiyat düşünce satın aldım sadece dekolte oldukça açık görseldeki gibi klasik sutyen bu elbiseye uygun değil elbisenin kumaşı esnek değil ve yandaki fermuar ona göre ben xl beden olan bayan bunu fark ettim kargo ve paketleme iyiydi teşekkürler,Pozitif
Çok şık ama fermuarında bir hata var çok zor kapanıyor,3,Kadın Kareli Elbise Pencere Detaylı Pamuklu 1YAK82135UW,Koton,çok şık ama fermuarında bir hata var çok zor kapanıyor,Nötr
Eğer dekolteden rahatsız olmuyorsanız cok güzel elbise... önü acık ve iç çamaşırı giymeye uygun değil dekolte seven biri alabilir 53 kiloyum 1.74 36 beden oldu.. Askıları ayarlanabilse cok iyi olurdu...,4,Kadın Kareli Elbise Pencere Detaylı Pamuklu 1YAK82135UW,Koton,eğer dekolteden rahatsız olmuyorsanız cok güzel elbise önü acık ve iç çamaşırı giymeye uygun değil dekolte seven biri alabilir kiloyum beden oldu askıları ayarlanabilse cok iyi olurdu,Pozitif
"Ürün kumaşı modeli harika 1,66 56 kilo 36 tam keşke askılar ayarlanabilir olsaydı. üst kısmı Çamaşırsız giyime uygun",4,Kadın Kareli Elbise Pencere Detaylı Pamuklu 1YAK82135UW,Koton,ürün kumaşı modeli harika kilo tam keşke askılar ayarlanabilir olsaydı üst kısmı çamaşırsız giyime uygun,Pozitif
"Büyük göğüsleriniz yoksa dekoltesi rahatsız etmeyecektir fakat doğru iç çamaşırı seçerseniz. Ben henüz seçemedim, ne giysem anlamadım açıkçası. Yapıştırmalılardan giyince tamam ama bu kez penceresi fazla oyuk olduğundan rahat edemiyorsunuz. Gereksiz bir oyukluk 😑 Kumaşı, deseni, kalıbı çok güzel ve evet askıları uzun. Kolayca kısaltılabilir ama, bu sorun değil. Giydiğimde cebi olmalıymış bu elbisenin ya demiştim ki varmış 🙈",4,Kadın Kareli Elbise Pencere Detaylı Pamuklu 1YAK82135UW,Koton,büyük göğüsleriniz yoksa dekoltesi rahatsız etmeyecektir fakat doğru iç çamaşırı seçerseniz ben henüz seçemedim ne giysem anlamadım açıkçası yapıştırmalılardan giyince tamam ama bu kez penceresi fazla oyuk olduğundan rahat edemiyorsunuz gereksiz bir oyukluk kumaşı deseni kalıbı çok güzel ve evet askıları uzun kolayca kısaltılabilir ama bu sorun değil giydiğimde cebi olmalıymış bu elbisenin ya demiştim ki varmış,Pozitif
kumaşı durusu cok hos dekoltesi de cok yerinde tam bedeninizi alabilirsiniz,5,Kadın Kareli Elbise Pencere Detaylı Pamuklu 1YAK82135UW,Koton,kumaşı durusu cok hos dekoltesi de cok yerinde tam bedeninizi alabilirsiniz,Pozitif
Bu fiyata kaçmaz inanın yargıcı ürünü gibi kaliteli kumaş model şahane tam bedenini alabilirsin,5,Kadın Kareli Elbise Pencere Detaylı Pamuklu 1YAK82135UW,Koton,bu fiyata kaçmaz inanın yargıcı ürünü gibi kaliteli kumaş model şahane tam bedenini alabilirsin,Pozitif
"1,65 boy 49 kiloyum, xs aldim tam istedigim gibi sardı, s beden alsam belden bol gelecegine eminim. Cok tatli bir elbise",5,Kadın Kareli Elbise Pencere Detaylı Pamuklu 1YAK82135UW,Koton,boy kiloyum xs aldim tam istedigim gibi sardı s beden alsam belden bol gelecegine eminim cok tatli bir elbise,Pozitif
Fiyata göre hem kumaşı hem dikimi çok güzel,5,Kadın Kareli Elbise Pencere Detaylı Pamuklu 1YAK82135UW,Koton,fiyata göre hem kumaşı hem dikimi çok güzel,Pozitif
Gayet güzel. kalite koton. rengi soft ve harika .göğüs kısmı biraz dar olabilir bir beden büyük aldim,5,Kadın Kareli Elbise Pencere Detaylı Pamuklu 1YAK82135UW,Koton,gayet güzel kalite koton rengi soft ve harika göğüs kısmı biraz dar olabilir bir beden büyük aldim,Pozitif
"Kumaşı, modeli, rengi, duruşu harikaaaa! HEM DE CEPLERİ VAR 🥰🥰🥰🥰 Küçük geldiği için iade ediyorum tekrar alacağım mutlaka. 176 boy 80 cm göğüs 65 cm bel çevresi, 36 beden aldım belden sıktı biraz. 38 alacağım. İç göstermiyor poplin kumaş gibi çok güzel kızlar alın alın !! GÜNCELLEME: 38’i geldi ve hayal kırıklığı oldu çünkü aşırı aşırıııı bol. 36’sı küçük olan bir modelin 38’i nasıl 4 parmak bol olur, nasıl bir beden bu an",2,Kadın Kareli Elbise Pencere Detaylı Pamuklu 1YAK82135UW,Koton,kumaşı modeli rengi duruşu harikaaaa hem de cepleri var küçük geldiği için iade ediyorum tekrar alacağım mutlaka boy cm göğüs cm bel çevresi beden aldım belden sıktı biraz alacağım iç göstermiyor poplin kumaş gibi çok güzel kızlar alın alın güncelleme i geldi ve hayal kırıklığı oldu çünkü aşırı aşırıııı bol sı küçük olan bir modelin i nasıl parmak bol olur nasıl bir beden bu an,Negatif
harika incecik ferah bir elbise.iç göstermiyor.tam beden.sadece askiları fazla uzun.,5,Kadın Kareli Elbise Pencere Detaylı Pamuklu 1YAK82135UW,Koton,harika incecik ferah bir elbiseiç göstermiyortam bedensadece askiları fazla uzun,Pozitif
Tahminimden çok iyi çıktı ama büyük göğüslülere uygun değil diye düşünüyorum. Askıları biraz kısaltmam gerekti.,5,Kadın Kareli Elbise Pencere Detaylı Pamuklu 1YAK82135UW,Koton,tahminimden çok iyi çıktı ama büyük göğüslülere uygun değil diye düşünüyorum askıları biraz kısaltmam gerekti,Pozitif
"Duruşu çok hoş, pamuklu, rahat ve şık. Tam anlamıyla yaz ve tatil elbisesi.",5,Basic Beli Bağcıklı Yazlık Kısa Kollu Mini Elbise T8057AZ22SM,Defacto,duruşu çok hoş pamuklu rahat ve şık tam anlamıyla yaz ve tatil elbisesi,Pozitif
resimde gorundugu gibi m aldin 64 kiloyum salas ve guzel duruyor,5,Baskılı Kısa Kollu Pamuklu Tişört 2YAL18966IK,Koton,resimde gorundugu gibi m aldin kiloyum salas ve guzel duruyor,Pozitif
üstüme tam oldu mükemmel ✨✨,5,Baskılı Kısa Kollu Pamuklu Tişört 2YAL18966IK,Koton,üstüme tam oldu mükemmel,Pozitif
ürün gayet güzel..,5,Baskılı Kısa Kollu Pamuklu Tişört 2YAL18966IK,Koton,ürün gayet güzel,Pozitif
güzel beğendim tam istediğim gibi,5,Baskılı Kısa Kollu Pamuklu Tişört 2YAL18966IK,Koton,güzel beğendim tam istediğim gibi,Pozitif
Guzeldı vr hızlı geldı,5,Baskılı Kısa Kollu Pamuklu Tişört 2YAL18966IK,Koton,guzeldı vr hızlı geldı,Pozitif
cok iyi cok begendim,5,Baskılı Kısa Kollu Pamuklu Tişört 2YAL18966IK,Koton,cok iyi cok begendim,Pozitif
gayet güzel bir ürün göründüyü gibi🌸,5,Baskılı Kısa Kollu Pamuklu Tişört 2YAL18966IK,Koton,gayet güzel bir ürün göründüyü gibi,Pozitif
Güzel göründüğü gibi,5,Baskılı Kısa Kollu Pamuklu Tişört 2YAL18966IK,Koton,güzel göründüğü gibi,Pozitif
Çok güzel resimden bir farkı yok rahatlıkla alabilirsiniz,5,Baskılı Kısa Kollu Pamuklu Tişört 2YAL18966IK,Koton,çok güzel resimden bir farkı yok rahatlıkla alabilirsiniz,Pozitif
Gayet güzel göründüğü gibi,4,Baskılı Kısa Kollu Pamuklu Tişört 2YAL18966IK,Koton,gayet güzel göründüğü gibi,Pozitif
yeri ve kalitesi çok iyi,5,Baskılı Kısa Kollu Pamuklu Tişört 2YAL18966IK,Koton,yeri ve kalitesi çok iyi,Pozitif
Gayet kaliteli penyesi,5,Baskılı Kısa Kollu Pamuklu Tişört 2YAL18966IK,Koton,gayet kaliteli penyesi,Pozitif
Çok beğendik istediğimiz gibi,4,Baskılı Kısa Kollu Pamuklu Tişört 2YAL18966IK,Koton,çok beğendik istediğimiz gibi,Pozitif
Kendi bedenimden 1 beden küçük aldım bol bile geldi. Ben beğendim.,5,Baskılı Kısa Kollu Pamuklu Tişört 2YAL18966IK,Koton,kendi bedenimden beden küçük aldım bol bile geldi ben beğendim,Pozitif
kumaşı kaliteliydi begendik,4,Baskılı Kısa Kollu Pamuklu Tişört 2YAL18966IK,Koton,kumaşı kaliteliydi begendik,Pozitif
çok güzel geldi rengi de canlı,5,Baskılı Kısa Kollu Pamuklu Tişört 2YAL18966IK,Koton,çok güzel geldi rengi de canlı,Pozitif
Güzel bir tshirt oversize değil tam kalıp,5,Baskılı Kısa Kollu Pamuklu Tişört 2YAL18966IK,Koton,güzel bir tshirt oversize değil tam kalıp,Pozitif
Tam bedeninizi alırsanız normal duruyo yapışmıyo ve çok salaş da değil,5,Baskılı Kısa Kollu Pamuklu Tişört 2YAL18966IK,Koton,tam bedeninizi alırsanız normal duruyo yapışmıyo ve çok salaş da değil,Pozitif
Canlı renk göründüğü gibi,5,Baskılı Kısa Kollu Pamuklu Tişört 2YAL18966IK,Koton,canlı renk göründüğü gibi,Pozitif
kumaş çok iyi tavsiye ederim,5,Baskılı Kısa Kollu Pamuklu Tişört 2YAL18966IK,Koton,kumaş çok iyi tavsiye ederim,Pozitif
çok güzel hafif bol,5,Baskılı Kısa Kollu Pamuklu Tişört 2YAL18966IK,Koton,çok güzel hafif bol,Pozitif
"Çok beğendim, rengi çok canlı bir kırmızı",5,Baskılı Kısa Kollu Pamuklu Tişört 2YAL18966IK,Koton,çok beğendim rengi çok canlı bir kırmızı,Pozitif
rengi çok güzel. tam istediğim gibi,5,Baskılı Kısa Kollu Pamuklu Tişört 2YAL18966IK,Koton,rengi çok güzel tam istediğim gibi,Pozitif
Kalıbı geniş bir ürün eğer bol seviyorsanız kendi bedeninizi alabilirsiniz.,5,Baskılı Kısa Kollu Pamuklu Tişört 2YAL18966IK,Koton,kalıbı geniş bir ürün eğer bol seviyorsanız kendi bedeninizi alabilirsiniz,Pozitif
Görseldeki gibi güzel bi tişört oversize biraz ama güzel duruyor,5,Baskılı Kısa Kollu Pamuklu Tişört 2YAL18966IK,Koton,görseldeki gibi güzel bi tişört oversize biraz ama güzel duruyor,Pozitif
pençesi güzel rengi canlı tam beden alınabilinir,5,Baskılı Kısa Kollu Pamuklu Tişört 2YAL18966IK,Koton,pençesi güzel rengi canlı tam beden alınabilinir,Pozitif
bol kalip oldugu icin herkes kendi bedeninden bir kucugunude alabilir bol sevenler kendi bedenini tercig edebilir.cok rahat giy cik tisortlerden,5,Baskılı Kısa Kollu Pamuklu Tişört 2YAL18966IK,Koton,bol kalip oldugu icin herkes kendi bedeninden bir kucugunude alabilir bol sevenler kendi bedenini tercig edebilircok rahat giy cik tisortlerden,Pozitif
bol dursun istiyorsanız 1 beden büyük alabilirsiniz cok oversize bir ürün değil ama rengi çok canlı ve kumaşı yumuşacık,5,Baskılı Kısa Kollu Pamuklu Tişört 2YAL18966IK,Koton,bol dursun istiyorsanız beden büyük alabilirsiniz cok oversize bir ürün değil ama rengi çok canlı ve kumaşı yumuşacık,Pozitif
ürün çok yumuşak pamuklu bir kumaşı var. rengi çok canlı geldi. memnun kaldım,5,Baskılı Kısa Kollu Pamuklu Tişört 2YAL18966IK,Koton,ürün çok yumuşak pamuklu bir kumaşı var rengi çok canlı geldi memnun kaldım,Pozitif
rengi cok guzel,5,Baskılı Kısa Kollu Pamuklu Tişört 2YAL18966IK,Koton,rengi cok guzel,Pozitif
Cok beyendım,5,Baskılı Şort Pamuklu 1YAL28088IW,Koton,cok beyendım,Pozitif
cok guzel bayıldım,5,Baskılı Şort Pamuklu 1YAL28088IW,Koton,cok guzel bayıldım,Pozitif
Tiril tiril tam yazlık,5,Baskılı Şort Pamuklu 1YAL28088IW,Koton,tiril tiril tam yazlık,Pozitif
"Rahat,super sort.Tam yazlik",5,Baskılı Şort Pamuklu 1YAL28088IW,Koton,rahatsuper sorttam yazlik,Pozitif
34 36 giyiyorum 34 oldu kalıbı geniş,5,Baskılı Şort Pamuklu 1YAL28088IW,Koton,giyiyorum oldu kalıbı geniş,Pozitif
"Rahat ve tatlı, tam beden alınabilir",5,Baskılı Şort Pamuklu 1YAL28088IW,Koton,rahat ve tatlı tam beden alınabilir,Pozitif
Kumaşı duruşu çok güzel,5,Baskılı Şort Pamuklu 1YAL28088IW,Koton,kumaşı duruşu çok güzel,Pozitif
kalbi geniş ama güzel,5,Baskılı Şort Pamuklu 1YAL28088IW,Koton,kalbi geniş ama güzel,Pozitif
güzel yumuşak bir kumaş döküm döküm dursun isterseniz kendi bedeninizi tercih edin bence bedeni zaten geniş 42 bedenim 40 oldu bana,5,Baskılı Şort Pamuklu 1YAL28088IW,Koton,güzel yumuşak bir kumaş döküm döküm dursun isterseniz kendi bedeninizi tercih edin bence bedeni zaten geniş bedenim oldu bana,Pozitif
"yumusak kumaş, düzgün boy gayet güzel",5,Baskılı Şort Pamuklu 1YAL28088IW,Koton,yumusak kumaş düzgün boy gayet güzel,Pozitif
Harika tam yazlık incecik kumaş ister evde ister dışarda giy,5,Baskılı Şort Pamuklu 1YAL28088IW,Koton,harika tam yazlık incecik kumaş ister evde ister dışarda giy,Pozitif
Ürün çok güzel çok beğendim,5,Baskılı Şort Pamuklu 1YAL28088IW,Koton,ürün çok güzel çok beğendim,Pozitif
sisko zengin adamlarin havaiye giderken giydikleri gomlekler gibi ama yine de guzel,5,Baskılı Şort Pamuklu 1YAL28088IW,Koton,sisko zengin adamlarin havaiye giderken giydikleri gomlekler gibi ama yine de guzel,Pozitif
"kesinlikle alin , rengleri cox canli , durusuna bayildim. 1.63 boy 61 ceki 36 beden tam oldu (gobekli biriyim) Kumasi tam yazlik.",5,Baskılı Şort Pamuklu 1YAL28088IW,Koton,kesinlikle alin rengleri cox canli durusuna bayildim boy ceki beden tam oldu gobekli biriyim kumasi tam yazlik,Pozitif
kumaşı ve deseni çok güzel..boyuda ideal geldi..,5,Baskılı Şort Pamuklu 1YAL28088IW,Koton,kumaşı ve deseni çok güzelboyuda ideal geldi,Pozitif
ince ve rahat kumaş tam yazlık,5,Baskılı Şort Pamuklu 1YAL28088IW,Koton,ince ve rahat kumaş tam yazlık,Pozitif
Hatalı dikişli ürün geldi,2,Baskılı Şort Pamuklu 1YAL28088IW,Koton,hatalı dikişli ürün geldi,Negatif
Eşime aldım ama ben giyiyorum bedenler küçük,4,Erkek Pamuklu Bisiklet Yaka Baskili Kisa Kollu T-Shirt 1YAM11777LK,Koton,eşime aldım ama ben giyiyorum bedenler küçük,Pozitif
kardeşime aldım çok gÜzel,5,Erkek Pamuklu Bisiklet Yaka Baskili Kisa Kollu T-Shirt 1YAM11777LK,Koton,kardeşime aldım çok güzel,Pozitif
hızlı ve güzel devamlı giyiyorum kendi bedeninizi alin,5,Erkek Pamuklu Bisiklet Yaka Baskili Kisa Kollu T-Shirt 1YAM11777LK,Koton,hızlı ve güzel devamlı giyiyorum kendi bedeninizi alin,Pozitif
güzel ürün,5,Erkek Pamuklu Bisiklet Yaka Baskili Kisa Kollu T-Shirt 1YAM11777LK,Koton,güzel ürün,Pozitif
güzel ürün,5,Erkek Pamuklu Bisiklet Yaka Baskili Kisa Kollu T-Shirt 1YAM11777LK,Koton,güzel ürün,Pozitif
Yumuşacık. Çok güzel,5,Erkek Pamuklu Bisiklet Yaka Baskili Kisa Kollu T-Shirt 1YAM11777LK,Koton,yumuşacık çok güzel,Pozitif
guzel ve rahat,5,Erkek Pamuklu Bisiklet Yaka Baskili Kisa Kollu T-Shirt 1YAM11777LK,Koton,guzel ve rahat,Pozitif
Gayet Başarılı👍🏼,5,Erkek Pamuklu Bisiklet Yaka Baskili Kisa Kollu T-Shirt 1YAM11777LK,Koton,gayet başarılı,Pozitif
Fena sayılmaz,3,Erkek Pamuklu Bisiklet Yaka Baskili Kisa Kollu T-Shirt 1YAM11777LK,Koton,fena sayılmaz,Nötr
Güzel begendim,4,Erkek Pamuklu Bisiklet Yaka Baskili Kisa Kollu T-Shirt 1YAM11777LK,Koton,güzel begendim,Pozitif
kaliteli ya,4,Erkek Pamuklu Bisiklet Yaka Baskili Kisa Kollu T-Shirt 1YAM11777LK,Koton,kaliteli ya,Pozitif
Eşime aldık çok beğendiik teşekkürler koton ☺️☺️,5,Erkek Pamuklu Bisiklet Yaka Baskili Kisa Kollu T-Shirt 1YAM11777LK,Koton,eşime aldık çok beğendiik teşekkürler koton,Pozitif
çok güzel bir ürün tam yazlık teri emen,5,Erkek Pamuklu Bisiklet Yaka Baskili Kisa Kollu T-Shirt 1YAM11777LK,Koton,çok güzel bir ürün tam yazlık teri emen,Pozitif
eşim çok beğendi indirimdeyken almıştım,5,Erkek Pamuklu Bisiklet Yaka Baskili Kisa Kollu T-Shirt 1YAM11777LK,Koton,eşim çok beğendi indirimdeyken almıştım,Pozitif
çok güzel resimde göründüğü gibi ölçünüze uygun,5,Erkek Pamuklu Bisiklet Yaka Baskili Kisa Kollu T-Shirt 1YAM11777LK,Koton,çok güzel resimde göründüğü gibi ölçünüze uygun,Pozitif
Kaliteli güzel,5,Erkek Pamuklu Bisiklet Yaka Baskili Kisa Kollu T-Shirt 1YAM11777LK,Koton,kaliteli güzel,Pozitif
L Beden tam oldu. Şık durdu teşekkürler,4,Erkek Pamuklu Bisiklet Yaka Baskili Kisa Kollu T-Shirt 1YAM11777LK,Koton,l beden tam oldu şık durdu teşekkürler,Pozitif
idare eder,5,Erkek Pamuklu Bisiklet Yaka Baskili Kisa Kollu T-Shirt 1YAM11777LK,Koton,idare eder,Pozitif
boğazı dar oldu,3,Erkek Pamuklu Bisiklet Yaka Baskili Kisa Kollu T-Shirt 1YAM11777LK,Koton,boğazı dar oldu,Nötr
Güzel ürün teşekkürler,5,Erkek Pamuklu Bisiklet Yaka Baskili Kisa Kollu T-Shirt 1YAM11777LK,Koton,güzel ürün teşekkürler,Pozitif
Cook kaliteli. 👍,5,Erkek Pamuklu Bisiklet Yaka Baskili Kisa Kollu T-Shirt 1YAM11777LK,Koton,cook kaliteli,Pozitif
güzel ürün,5,Erkek Pamuklu Bisiklet Yaka Baskili Kisa Kollu T-Shirt 1YAM11777LK,Koton,güzel ürün,Pozitif
Güzel ürün :),5,Erkek Pamuklu Bisiklet Yaka Baskili Kisa Kollu T-Shirt 1YAM11777LK,Koton,güzel ürün,Pozitif
bi beden buyuk alinabilir,4,Erkek Pamuklu Bisiklet Yaka Baskili Kisa Kollu T-Shirt 1YAM11777LK,Koton,bi beden buyuk alinabilir,Pozitif
"koton kalitesi ,tam bedeninizi alın.",4,Erkek Pamuklu Bisiklet Yaka Baskili Kisa Kollu T-Shirt 1YAM11777LK,Koton,koton kalitesi tam bedeninizi alın,Pozitif
Kumaş kalitesi normal diyebilirim uygun fiyatlı almıştım,3,Erkek Pamuklu Bisiklet Yaka Baskili Kisa Kollu T-Shirt 1YAM11777LK,Koton,kumaş kalitesi normal diyebilirim uygun fiyatlı almıştım,Nötr
bir beden büyük alınabilir,4,Erkek Pamuklu Bisiklet Yaka Baskili Kisa Kollu T-Shirt 1YAM11777LK,Koton,bir beden büyük alınabilir,Pozitif
👍🏽👍🏽👍🏽,5,Erkek Pamuklu Bisiklet Yaka Baskili Kisa Kollu T-Shirt 1YAM11777LK,Koton,,Pozitif
👍👍👍👍👍👍👍👍,5,Erkek Pamuklu Bisiklet Yaka Baskili Kisa Kollu T-Shirt 1YAM11777LK,Koton,,Pozitif
çok güzeller,5,Erkek Pamuklu Bisiklet Yaka Baskili Kisa Kollu T-Shirt 1YAM11777LK,Koton,çok güzeller,Pozitif
indirimden 30 tl ye aldım bayıldım çok güzel bi tişört,5,Nakışlı Tişört Bisiklet Yaka Pamuklu 1YAK18351PK,Koton,indirimden tl ye aldım bayıldım çok güzel bi tişört,Pozitif
rengi işlemesi çok tatlı crop bir tişört,5,Nakışlı Tişört Bisiklet Yaka Pamuklu 1YAK18351PK,Koton,rengi işlemesi çok tatlı crop bir tişört,Pozitif
Çok beğendim Çok rahat. Üstte çok tatlı duruyor. Asla terletmiyor.,5,Nakışlı Tişört Bisiklet Yaka Pamuklu 1YAK18351PK,Koton,çok beğendim çok rahat üstte çok tatlı duruyor asla terletmiyor,Pozitif
Çoook güzel.,5,Nakışlı Tişört Bisiklet Yaka Pamuklu 1YAK18351PK,Koton,çoook güzel,Pozitif
çok beğendim severek kullanıyorum tavsiye ederim,5,Nakışlı Tişört Bisiklet Yaka Pamuklu 1YAK18351PK,Koton,çok beğendim severek kullanıyorum tavsiye ederim,Pozitif
ürünü çok begendim kurtarıcı bir parça rengi çok canli sade de giyebilirsini askılı elbiselerinizi üzeride giyebilirsini,5,Nakışlı Tişört Bisiklet Yaka Pamuklu 1YAK18351PK,Koton,ürünü çok begendim kurtarıcı bir parça rengi çok canli sade de giyebilirsini askılı elbiselerinizi üzeride giyebilirsini,Pozitif
çok güzel kumaşı,5,Nakışlı Tişört Bisiklet Yaka Pamuklu 1YAK18351PK,Koton,çok güzel kumaşı,Pozitif
Güzel göründüğü gibi kısa tatlı bir tişört,5,Nakışlı Tişört Bisiklet Yaka Pamuklu 1YAK18351PK,Koton,güzel göründüğü gibi kısa tatlı bir tişört,Pozitif
ürün çok kısa,2,Nakışlı Tişört Bisiklet Yaka Pamuklu 1YAK18351PK,Koton,ürün çok kısa,Negatif
Rengi çok tatlı bir sarı tavsiye ederim,4,Nakışlı Tişört Bisiklet Yaka Pamuklu 1YAK18351PK,Koton,rengi çok tatlı bir sarı tavsiye ederim,Pozitif
Kısa ama yüksek belle rahat giyilir crop değil sonuçta. Penyesi de güzel. Oldukça geniş model. Rengi de çok tatlı.,5,Nakışlı Tişört Bisiklet Yaka Pamuklu 1YAK18351PK,Koton,kısa ama yüksek belle rahat giyilir crop değil sonuçta penyesi de güzel oldukça geniş model rengi de çok tatlı,Pozitif
Ürünün kumaşı ve rengi güzel ama biraz salaş bir model tam beden olmasına rağmen büyük gibi oldu onun için iade ettim,3,Nakışlı Tişört Bisiklet Yaka Pamuklu 1YAK18351PK,Koton,ürünün kumaşı ve rengi güzel ama biraz salaş bir model tam beden olmasına rağmen büyük gibi oldu onun için iade ettim,Nötr
Çok güzel kuması kaliteli beğendik boncukları hoş duruyor,5,Nakışlı Tişört Bisiklet Yaka Pamuklu 1YAK18351PK,Koton,çok güzel kuması kaliteli beğendik boncukları hoş duruyor,Pozitif
Ürün sağlam ve hızlı bir şekilde ulaştı elimize. Teşekkürler,5,Slim Fit Bisiklet Yaka Pamuklu Atlet I1059AZ22SM,Defacto,ürün sağlam ve hızlı bir şekilde ulaştı elimize teşekkürler,Pozitif
GüZel ürün ben 42 giyiyorum bundan xxl aldım istediğim gibi oldu biraz bol durdu,5,Slim Fit Bisiklet Yaka Pamuklu Atlet I1059AZ22SM,Defacto,güzel ürün ben giyiyorum bundan xxl aldım istediğim gibi oldu biraz bol durdu,Pozitif
kaliteli her yerde giyilir herşeyle kombinlenir,5,Slim Fit Bisiklet Yaka Pamuklu Atlet I1059AZ22SM,Defacto,kaliteli her yerde giyilir herşeyle kombinlenir,Pozitif
guzel kullanisli,5,Slim Fit Bisiklet Yaka Pamuklu Atlet I1059AZ22SM,Defacto,guzel kullanisli,Pozitif
Güzel ürün,4,Slim Fit Bisiklet Yaka Pamuklu Atlet I1059AZ22SM,Defacto,güzel ürün,Pozitif
Çok güzel teşekkür ederim ☺️,5,Slim Fit Bisiklet Yaka Pamuklu Atlet I1059AZ22SM,Defacto,çok güzel teşekkür ederim,Pozitif
Çok güzel 🌸,5,Slim Fit Bisiklet Yaka Pamuklu Atlet I1059AZ22SM,Defacto,çok güzel,Pozitif
Kurtarıcı bir ürün,5,Slim Fit Bisiklet Yaka Pamuklu Atlet I1059AZ22SM,Defacto,kurtarıcı bir ürün,Pozitif
Urunun fiyati kalitesine gore uygun biraz salas dursun isterseniz bir beden büyük alin derim xs aldim 158 boy 41 kilo bana tam oldu.,5,Slim Fit Bisiklet Yaka Pamuklu Atlet I1059AZ22SM,Defacto,urunun fiyati kalitesine gore uygun biraz salas dursun isterseniz bir beden büyük alin derim xs aldim boy kilo bana tam oldu,Pozitif
güzel ve kaliteli beğendim tavsiye ederim,5,Slim Fit Bisiklet Yaka Pamuklu Atlet I1059AZ22SM,Defacto,güzel ve kaliteli beğendim tavsiye ederim,Pozitif
Çok güzel kullanışlı bir badi,5,Slim Fit Bisiklet Yaka Pamuklu Atlet I1059AZ22SM,Defacto,çok güzel kullanışlı bir badi,Pozitif
Göründüğü gibi güzel,5,Slim Fit Bisiklet Yaka Pamuklu Atlet I1059AZ22SM,Defacto,göründüğü gibi güzel,Pozitif
Ürün güzel ama s beden bana dar geldi,4,Slim Fit Bisiklet Yaka Pamuklu Atlet I1059AZ22SM,Defacto,ürün güzel ama s beden bana dar geldi,Pozitif
kendi bedeninizi alın kaliteli,5,Slim Fit Bisiklet Yaka Pamuklu Atlet I1059AZ22SM,Defacto,kendi bedeninizi alın kaliteli,Pozitif
Beğendim. Sıkı bir dokusu var,5,Slim Fit Bisiklet Yaka Pamuklu Atlet I1059AZ22SM,Defacto,beğendim sıkı bir dokusu var,Pozitif
"Paranı ödedim, faturada gönderilmiş gibi görünüyor, amma bana ulaşmadi.",1,Slim Fit Bisiklet Yaka Pamuklu Atlet I1059AZ22SM,Defacto,paranı ödedim faturada gönderilmiş gibi görünüyor amma bana ulaşmadi,Negatif
1 beden büyük alın. ❤️,3,Slim Fit Bisiklet Yaka Pamuklu Atlet I1059AZ22SM,Defacto,beden büyük alın,Nötr
Evde dışarda giyilir rahat,5,Slim Fit Bisiklet Yaka Pamuklu Atlet I1059AZ22SM,Defacto,evde dışarda giyilir rahat,Pozitif
Cok begendım az dar ama cok iyi fiyat,5,Slim Fit Bisiklet Yaka Pamuklu Atlet I1059AZ22SM,Defacto,cok begendım az dar ama cok iyi fiyat,Pozitif
defacto kalitesi👍🏻,5,Slim Fit Bisiklet Yaka Pamuklu Atlet I1059AZ22SM,Defacto,defacto kalitesi,Pozitif
İç göstermeyen güzel bir ürün bedene tam oturuyor,5,Slim Fit Bisiklet Yaka Pamuklu Atlet I1059AZ22SM,Defacto,iç göstermeyen güzel bir ürün bedene tam oturuyor,Pozitif
dar çok dar,3,Slim Fit Bisiklet Yaka Pamuklu Atlet I1059AZ22SM,Defacto,dar çok dar,Nötr
yumuşacık bir kumaşı var beğendim,5,Slim Fit Bisiklet Yaka Pamuklu Atlet I1059AZ22SM,Defacto,yumuşacık bir kumaşı var beğendim,Pozitif
yanlış beden istemiştim ama değişim uapmıycam birine hediye ederim çok güzel pamuklu,5,Slim Fit Bisiklet Yaka Pamuklu Atlet I1059AZ22SM,Defacto,yanlış beden istemiştim ama değişim uapmıycam birine hediye ederim çok güzel pamuklu,Pozitif
"Kumaşı dokusu çok güzel, fiyat performans ürünü",5,Slim Fit Bisiklet Yaka Pamuklu Atlet I1059AZ22SM,Defacto,kumaşı dokusu çok güzel fiyat performans ürünü,Pozitif
güzel urun ama cok dar kalip,5,Slim Fit Bisiklet Yaka Pamuklu Atlet I1059AZ22SM,Defacto,güzel urun ama cok dar kalip,Pozitif
kalibi dar,1,Slim Fit Bisiklet Yaka Pamuklu Atlet I1059AZ22SM,Defacto,kalibi dar,Negatif
bol salaş ve uzun dursun diye 3 xl aldim fakat beklediğimden kısa oldu onun haricinde kumaşı vs iyi,3,Slim Fit Bisiklet Yaka Pamuklu Atlet I1059AZ22SM,Defacto,bol salaş ve uzun dursun diye xl aldim fakat beklediğimden kısa oldu onun haricinde kumaşı vs iyi,Nötr
Kuması kaliteli ama dar kalıp .,3,Slim Fit Bisiklet Yaka Pamuklu Atlet I1059AZ22SM,Defacto,kuması kaliteli ama dar kalıp,Nötr
"üründe hiç likra yok, 56 kiloyum biraz daha rahat olsun diye L aldım, D kup göğüs ölçüm var ve sıktı beni hafifçe. iade.",4,Slim Fit Bisiklet Yaka Pamuklu Atlet I1059AZ22SM,Defacto,üründe hiç likra yok kiloyum biraz daha rahat olsun diye l aldım d kup göğüs ölçüm var ve sıktı beni hafifçe iade,Pozitif
Göründüğü gibi geldi rengi fakat kışlık pamuklu bir kumaşı var,4,Cep Detaylı Gömlek 0YAK68389PW,Koton,göründüğü gibi geldi rengi fakat kışlık pamuklu bir kumaşı var,Pozitif
DeFacto tshirt olarak aldığım her tshirt birbirinden güzel pamuklu yeri güzel durusu güzel artık başka yerden asla bakmıyorum vede her giydiğimi öneriyorum düşünmeden alabilirsiniz ❤️,5,Regular Fit Bisiklet Yaka Slogan Baskılı Kısa Kollu Tişört W9824AZ22SM,Defacto,defacto tshirt olarak aldığım her tshirt birbirinden güzel pamuklu yeri güzel durusu güzel artık başka yerden asla bakmıyorum vede her giydiğimi öneriyorum düşünmeden alabilirsiniz,Pozitif
pamuklu rahat,3,Regular Fit Bisiklet Yaka Slogan Baskılı Kısa Kollu Tişört W9824AZ22SM,Defacto,pamuklu rahat,Nötr
Defactonun ürünlerinin bu kadar kaliteli olacagını hiç düşünmemiştim. Kumaşlar gerçekten yumuşacık pamuklu oldugu belli. Tek sıkıntı bizim için yaka kısmı tam yuvarlak yaka değil biraz geniş oldugu için biz o görüntüyü pek sevmiyoruz ama yinede eşim kullanacak. Siyahlar programında 20 derecede yıkadım sanki bir tık renk atmış alanlar dikkat etsinler onun dışında fiyatına göre gayet güzel,5,Oversize Fit Bisiklet Yaka Tişört V2384AZ22SP,Defacto,defactonun ürünlerinin bu kadar kaliteli olacagını hiç düşünmemiştim kumaşlar gerçekten yumuşacık pamuklu oldugu belli tek sıkıntı bizim için yaka kısmı tam yuvarlak yaka değil biraz geniş oldugu için biz o görüntüyü pek sevmiyoruz ama yinede eşim kullanacak siyahlar programında derecede yıkadım sanki bir tık renk atmış alanlar dikkat etsinler onun dışında fiyatına göre gayet güzel,Pozitif
harika....pamuk yapısı var...bayıldım....,5,Düğme Detaylı Elbise 9YAK88153PW,Koton,harikapamuk yapısı varbayıldım,Pozitif
Rahat pamuklu bi tişört👍,5,Kadın Beyaz T-Shirt 9KAL19056OK,Koton,rahat pamuklu bi tişört,Pozitif
Eşime aldım fiyatı çok uygun ve ürün kalitesi harika pamuklu kumaş,4,Erkek Beyaz 2 Li Atlet US.01.80188,US Polo Assn,eşime aldım fiyatı çok uygun ve ürün kalitesi harika pamuklu kumaş,Pozitif
pamuklu kumaş tam bedeninize uygun,5,Erkek Beyaz 2 Li Atlet US.01.80188,US Polo Assn,pamuklu kumaş tam bedeninize uygun,Pozitif
Kırış kırış dekolteside fazla beğenmedim,1,Kadın Ekru V Yaka Bluz 9YAK63545EW,Koton,kırış kırış dekolteside fazla beğenmedim,Negatif
Kumaş pamuk viskon karışımlı yaz için uygun model görselle uyumlu tşk,4,Kadın Ekru V Yaka Bluz 9YAK63545EW,Koton,kumaş pamuk viskon karışımlı yaz için uygun model görselle uyumlu tşk,Pozitif
Kumaşı dokusu çok güzel yazlık için başarılı rahat kullanışlı dekoltesi de yok gögüs kısmında açıklık görünmüyo 53 kiloya 36 beden oldu sade şık kaliteli görüntüsü oldukca hoş,5,Kadın Ekru V Yaka Bluz 9YAK63545EW,Koton,kumaşı dokusu çok güzel yazlık için başarılı rahat kullanışlı dekoltesi de yok gögüs kısmında açıklık görünmüyo kiloya beden oldu sade şık kaliteli görüntüsü oldukca hoş,Pozitif
Ürün tam yazlık ince pamuklu kumaşı var kalıbı çık geniş değil 57 kg m beden tam oldu,5,Abbey Duman Gri Gold Icon Jean Tulum 1410025-81266,Mavi,ürün tam yazlık ince pamuklu kumaşı var kalıbı çık geniş değil kg m beden tam oldu,Pozitif
penyesi güzel pamuklu 👍,5,Kadın Warner Bros Lisanlı Bisiklet Yaka Baskılı Ekru Tişört 2sal10188ık 22y002463b0001,Koton,penyesi güzel pamuklu,Pozitif
ürün görselinde viskon pamuk yazıyor ama %100 polyester geldi..,1,Kadın Gömlek 0yak68007pw272 0YAK68007PW,Koton,ürün görselinde viskon pamuk yazıyor ama polyester geldi,Negatif
Çok beğendim 😊,5,Slim Fit Bisiklet Yaka Pamuklu Atlet I1059AZ22SM,Defacto,çok beğendim,Pozitif
kesinlikle alın bir beden büyük.tercih edebilirsiniz,5,Slim Fit Bisiklet Yaka Pamuklu Atlet I1059AZ22SM,Defacto,kesinlikle alın bir beden büyüktercih edebilirsiniz,Pozitif
Süper renk,5,Slim Fit Bisiklet Yaka Pamuklu Atlet I1059AZ22SM,Defacto,süper renk,Pozitif
Çok güzel ama biraz dar,5,Slim Fit Bisiklet Yaka Pamuklu Atlet I1059AZ22SM,Defacto,çok güzel ama biraz dar,Pozitif
defactonun bu atletleri harika her rengini aldım 65 kg xl aldım slim fit olduğu için biraz yapışıyor aşirı kaliteli bir ürün tavsiye edilir,5,Slim Fit Bisiklet Yaka Pamuklu Atlet I1059AZ22SM,Defacto,defactonun bu atletleri harika her rengini aldım kg xl aldım slim fit olduğu için biraz yapışıyor aşirı kaliteli bir ürün tavsiye edilir,Pozitif
Kumaşı rengi duruşu harika,4,Slim Fit Bisiklet Yaka Pamuklu Atlet I1059AZ22SM,Defacto,kumaşı rengi duruşu harika,Pozitif
hem kumaşı hem de bedeni çok güzel,5,Slim Fit Bisiklet Yaka Pamuklu Atlet I1059AZ22SM,Defacto,hem kumaşı hem de bedeni çok güzel,Pozitif
Penyesi güzel. Dar kalıp olduğu için 1 ya da 2 beden büyük alabilirsiniz... Çok beğendim. Rengi göründüğü gibi...,5,Slim Fit Bisiklet Yaka Pamuklu Atlet I1059AZ22SM,Defacto,penyesi güzel dar kalıp olduğu için ya da beden büyük alabilirsiniz çok beğendim rengi göründüğü gibi,Pozitif
beğendim günlük güzel,5,Slim Fit Bisiklet Yaka Pamuklu Atlet I1059AZ22SM,Defacto,beğendim günlük güzel,Pozitif
Yüzdeyüz pamuklu olması çok güzel beğendim,5,Regular Fit Kısa Kollu Gömlek M9432AZ22SP,Defacto,yüzdeyüz pamuklu olması çok güzel beğendim,Pozitif
Kardeşime aldım cok begendi,5,Slim Fit Bisiklet Yaka Şal Desenli Kısa Kollu Pamuklu Penye Tişört W4369AZ21HS,Defacto,kardeşime aldım cok begendi,Pozitif
güzel ürün,5,Slim Fit Bisiklet Yaka Şal Desenli Kısa Kollu Pamuklu Penye Tişört W4369AZ21HS,Defacto,güzel ürün,Pozitif
görselce göründüğü gibi güzel,5,Slim Fit Bisiklet Yaka Şal Desenli Kısa Kollu Pamuklu Penye Tişört W4369AZ21HS,Defacto,görselce göründüğü gibi güzel,Pozitif
Ürün çok çok güzel çok memnun kaldım,5,Slim Fit Bisiklet Yaka Şal Desenli Kısa Kollu Pamuklu Penye Tişört W4369AZ21HS,Defacto,ürün çok çok güzel çok memnun kaldım,Pozitif
Çok güzel kaliteli,5,Slim Fit Bisiklet Yaka Şal Desenli Kısa Kollu Pamuklu Penye Tişört W4369AZ21HS,Defacto,çok güzel kaliteli,Pozitif
Kaliteli güzel,5,Slim Fit Bisiklet Yaka Şal Desenli Kısa Kollu Pamuklu Penye Tişört W4369AZ21HS,Defacto,kaliteli güzel,Pozitif
eşime aldım hediye çok güzel oldu. 178 boy 86 kilo ve göbekli olmasına rağmen L benden çok güzel oldu,5,Slim Fit Bisiklet Yaka Şal Desenli Kısa Kollu Pamuklu Penye Tişört W4369AZ21HS,Defacto,eşime aldım hediye çok güzel oldu boy kilo ve göbekli olmasına rağmen l benden çok güzel oldu,Pozitif
ürün fiyat performans ürünü boy 170 kg 60 s aldim ama m de olurmuş,5,Slim Fit Bisiklet Yaka Şal Desenli Kısa Kollu Pamuklu Penye Tişört W4369AZ21HS,Defacto,ürün fiyat performans ürünü boy kg s aldim ama m de olurmuş,Pozitif
super kalite,5,Slim Fit Bisiklet Yaka Şal Desenli Kısa Kollu Pamuklu Penye Tişört W4369AZ21HS,Defacto,super kalite,Pozitif
kumasi guzel sadce soyle bur durum var xxl xl gibi onun disinda baskisi ve durusu guzel,5,Slim Fit Bisiklet Yaka Şal Desenli Kısa Kollu Pamuklu Penye Tişört W4369AZ21HS,Defacto,kumasi guzel sadce soyle bur durum var xxl xl gibi onun disinda baskisi ve durusu guzel,Pozitif
Eşim için aldım. Kendi bedenini alabilirsiniz.,4,Slim Fit Bisiklet Yaka Şal Desenli Kısa Kollu Pamuklu Penye Tişört W4369AZ21HS,Defacto,eşim için aldım kendi bedenini alabilirsiniz,Pozitif
Renk doku tasarım gayet güzel fiyat performans ürünü,5,Slim Fit Bisiklet Yaka Şal Desenli Kısa Kollu Pamuklu Penye Tişört W4369AZ21HS,Defacto,renk doku tasarım gayet güzel fiyat performans ürünü,Pozitif
"Gayet güzel kumaşı kalıtelı , bıraz kalıp büyük sankı",5,Slim Fit Bisiklet Yaka Şal Desenli Kısa Kollu Pamuklu Penye Tişört W4369AZ21HS,Defacto,gayet güzel kumaşı kalıtelı bıraz kalıp büyük sankı,Pozitif
Deseni çok güzel rengi fotoğraflardan daha iyi,5,Slim Fit Bisiklet Yaka Şal Desenli Kısa Kollu Pamuklu Penye Tişört W4369AZ21HS,Defacto,deseni çok güzel rengi fotoğraflardan daha iyi,Pozitif
ürün fiyatına göre güzel değil simleri var çok parlıyor pamuk oranı hiç yok,1,Uzun Kollu Parlak Çizgili Gömlek 0YAK68371PW,Koton,ürün fiyatına göre güzel değil simleri var çok parlıyor pamuk oranı hiç yok,Negatif
Alınır iiiiiyyiii,5,Oversize Fit Bisiklet Yaka Basic Kısa Kollu Pamuklu Penye Tişört V2384AZ21SM,Defacto,alınır iiiiiyyiii,Pozitif
Güzel tişört,5,Oversize Fit Bisiklet Yaka Basic Kısa Kollu Pamuklu Penye Tişört V2384AZ21SM,Defacto,güzel tişört,Pozitif
Kalitesi çok iyi,5,Oversize Fit Bisiklet Yaka Basic Kısa Kollu Pamuklu Penye Tişört V2384AZ21SM,Defacto,kalitesi çok iyi,Pozitif
giydiğiniz bedenin bir küçüğünü alın rengi güzel,5,Oversize Fit Bisiklet Yaka Basic Kısa Kollu Pamuklu Penye Tişört V2384AZ21SM,Defacto,giydiğiniz bedenin bir küçüğünü alın rengi güzel,Pozitif
Bekledıgımden daha kalıtelı cıktı degerlendırwbılırsınız,5,Oversize Fit Bisiklet Yaka Basic Kısa Kollu Pamuklu Penye Tişört V2384AZ21SM,Defacto,bekledıgımden daha kalıtelı cıktı degerlendırwbılırsınız,Pozitif
Biraz bol ve büyük olabilir,4,Oversize Fit Bisiklet Yaka Basic Kısa Kollu Pamuklu Penye Tişört V2384AZ21SM,Defacto,biraz bol ve büyük olabilir,Pozitif
çok guzelmis bayildim,5,Oversize Fit Bisiklet Yaka Basic Kısa Kollu Pamuklu Penye Tişört V2384AZ21SM,Defacto,çok guzelmis bayildim,Pozitif
Bedeninizden bi küçüğünü alın fazla oversize,5,Oversize Fit Bisiklet Yaka Basic Kısa Kollu Pamuklu Penye Tişört V2384AZ21SM,Defacto,bedeninizden bi küçüğünü alın fazla oversize,Pozitif
daha once baska rengini de alip memnun kalmistim..hepsi harika,5,Oversize Fit Bisiklet Yaka Basic Kısa Kollu Pamuklu Penye Tişört V2384AZ21SM,Defacto,daha once baska rengini de alip memnun kalmistimhepsi harika,Pozitif
Oversıze ama gayet kaliteli,5,Oversize Fit Bisiklet Yaka Basic Kısa Kollu Pamuklu Penye Tişört V2384AZ21SM,Defacto,oversıze ama gayet kaliteli,Pozitif
Fazla bol bi ürün oversize dedik de bu kadar da değil,3,Oversize Fit Bisiklet Yaka Basic Kısa Kollu Pamuklu Penye Tişört V2384AZ21SM,Defacto,fazla bol bi ürün oversize dedik de bu kadar da değil,Nötr
Kalitesi fena degil ama çok ama çok bol,3,Oversize Fit Bisiklet Yaka Basic Kısa Kollu Pamuklu Penye Tişört V2384AZ21SM,Defacto,kalitesi fena degil ama çok ama çok bol,Nötr
rengi tam fotodaki gibi çok rahat,5,Oversize Fit Bisiklet Yaka Basic Kısa Kollu Pamuklu Penye Tişört V2384AZ21SM,Defacto,rengi tam fotodaki gibi çok rahat,Pozitif
guzel ama aşırı bol,4,Oversize Fit Bisiklet Yaka Basic Kısa Kollu Pamuklu Penye Tişört V2384AZ21SM,Defacto,guzel ama aşırı bol,Pozitif
çook büyük oldu xl aldım urun 2xl den bile büyük,1,Oversize Fit Bisiklet Yaka Basic Kısa Kollu Pamuklu Penye Tişört V2384AZ21SM,Defacto,çook büyük oldu xl aldım urun xl den bile büyük,Negatif
Pamuk kumaş ve tam yazlık,5,Oversize Fit Bisiklet Yaka Basic Kısa Kollu Pamuklu Penye Tişört V2384AZ21SM,Defacto,pamuk kumaş ve tam yazlık,Pozitif
ürün güzel ama bu rengi biraz bol geldi,4,Oversize Fit Bisiklet Yaka Basic Kısa Kollu Pamuklu Penye Tişört V2384AZ21SM,Defacto,ürün güzel ama bu rengi biraz bol geldi,Pozitif
"Kumaşı çok güzel , kesimde genişlik iyi ama boy biraz kısa , yani boy ve genişlik orantılı değil.Kilolu ve boyu uzun olan kişilere kalıp uyar ama kısa gelebilir.",4,Oversize Fit Bisiklet Yaka Basic Kısa Kollu Pamuklu Penye Tişört V2384AZ21SM,Defacto,kumaşı çok güzel kesimde genişlik iyi ama boy biraz kısa yani boy ve genişlik orantılı değilkilolu ve boyu uzun olan kişilere kalıp uyar ama kısa gelebilir,Pozitif
Rengi kalitesi mükemmel,5,Oversize Fit Bisiklet Yaka Basic Kısa Kollu Pamuklu Penye Tişört V2384AZ21SM,Defacto,rengi kalitesi mükemmel,Pozitif
soluk gibi rengi.magazadaki daha canli duruyordu,1,Erkek %100 Pamuk Koyu Pembe Polo Yaka Baskılı T-shirt A21Y1097,Avva,soluk gibi rengimagazadaki daha canli duruyordu,Negatif
Rengi çok güzel. Resimdekinden biraz daha koyu bir renk. Kumaşı çok ince ve ferah yaz için çok iyi.,5,Erkek %100 Pamuk Koyu Pembe Polo Yaka Baskılı T-shirt A21Y1097,Avva,rengi çok güzel resimdekinden biraz daha koyu bir renk kumaşı çok ince ve ferah yaz için çok iyi,Pozitif
Güzel ürün. Kendi bedeninizi alın,5,Erkek %100 Pamuk Koyu Pembe Polo Yaka Baskılı T-shirt A21Y1097,Avva,güzel ürün kendi bedeninizi alın,Pozitif
rahat bir ürün,5,Regular Fit Beli Bağcıklı Pamuklu Penye Şort U5044AZ21SM,Defacto,rahat bir ürün,Pozitif
çok güzel ürün 183 boy 70 kg M bende tam hafif rahat ama tam oldu,5,Regular Fit Beli Bağcıklı Pamuklu Penye Şort U5044AZ21SM,Defacto,çok güzel ürün boy kg m bende tam hafif rahat ama tam oldu,Pozitif
Çok güzel rahat kalıp kendi bedeniniz tercih edebilirsiniz,5,Regular Fit Beli Bağcıklı Pamuklu Penye Şort U5044AZ21SM,Defacto,çok güzel rahat kalıp kendi bedeniniz tercih edebilirsiniz,Pozitif
68 kg yim s beden iyi oldu. Üstündekiyle beraber aldım tam takım çok hoş,5,Regular Fit Beli Bağcıklı Pamuklu Penye Şort U5044AZ21SM,Defacto,kg yim s beden iyi oldu üstündekiyle beraber aldım tam takım çok hoş,Pozitif
rengi ve kumaşı güzel,5,Regular Fit Beli Bağcıklı Pamuklu Penye Şort U5044AZ21SM,Defacto,rengi ve kumaşı güzel,Pozitif
Kumaşı kaliteli yaza uygun iç göstermiyor tam beden alın,5,Regular Fit Beli Bağcıklı Pamuklu Penye Şort U5044AZ21SM,Defacto,kumaşı kaliteli yaza uygun iç göstermiyor tam beden alın,Pozitif
urun gercekten beyendim s giysemde xs aldim.yinede azca bol durdu ama guzel shik urun,5,Firfir Detayli Kisa Kollu Tisört Pamuklu 1YAL18042OK,Koton,urun gercekten beyendim s giysemde xs aldimyinede azca bol durdu ama guzel shik urun,Pozitif
Çok tatlı bayıldım,5,Firfir Detayli Kisa Kollu Tisört Pamuklu 1YAL18042OK,Koton,çok tatlı bayıldım,Pozitif
çok hoş beyendim,4,Firfir Detayli Kisa Kollu Tisört Pamuklu 1YAL18042OK,Koton,çok hoş beyendim,Pozitif
güzel bir ürun indirimde 69 liraya aldim,5,Firfir Detayli Kisa Kollu Tisört Pamuklu 1YAL18042OK,Koton,güzel bir ürun indirimde liraya aldim,Pozitif
Güzel ve rahat,4,Firfir Detayli Kisa Kollu Tisört Pamuklu 1YAL18042OK,Koton,güzel ve rahat,Pozitif
harika görünüyor tavsiye ederim,5,Firfir Detayli Kisa Kollu Tisört Pamuklu 1YAL18042OK,Koton,harika görünüyor tavsiye ederim,Pozitif
Şık ve güzel,5,Firfir Detayli Kisa Kollu Tisört Pamuklu 1YAL18042OK,Koton,şık ve güzel,Pozitif
beğendim ürünü,5,Firfir Detayli Kisa Kollu Tisört Pamuklu 1YAL18042OK,Koton,beğendim ürünü,Pozitif
sade ve yaz için kurtarıcı bı ürün her şeyle uyar,4,Firfir Detayli Kisa Kollu Tisört Pamuklu 1YAL18042OK,Koton,sade ve yaz için kurtarıcı bı ürün her şeyle uyar,Pozitif
Gayet güzel ve şık bir ürün,5,Firfir Detayli Kisa Kollu Tisört Pamuklu 1YAL18042OK,Koton,gayet güzel ve şık bir ürün,Pozitif
ürün gerçekten çok güzel tam yazlık harikaa😍,5,Firfir Detayli Kisa Kollu Tisört Pamuklu 1YAL18042OK,Koton,ürün gerçekten çok güzel tam yazlık harikaa,Pozitif
çok güzel çok beğendim 👌,2,Firfir Detayli Kisa Kollu Tisört Pamuklu 1YAL18042OK,Koton,çok güzel çok beğendim,Negatif
güzel beğendim,4,Firfir Detayli Kisa Kollu Tisört Pamuklu 1YAL18042OK,Koton,güzel beğendim,Pozitif
Çok güzel bir ürün,4,Firfir Detayli Kisa Kollu Tisört Pamuklu 1YAL18042OK,Koton,çok güzel bir ürün,Pozitif
"ürün gayet güzel,tatlış bi tişört beğendim",5,Firfir Detayli Kisa Kollu Tisört Pamuklu 1YAL18042OK,Koton,ürün gayet güzeltatlış bi tişört beğendim,Pozitif
Artık pazarda bile 40 yl ye tişört yok. Ki bu ürün mağaza kalitesinde. Kesinlikle alın.,5,Firfir Detayli Kisa Kollu Tisört Pamuklu 1YAL18042OK,Koton,artık pazarda bile yl ye tişört yok ki bu ürün mağaza kalitesinde kesinlikle alın,Pozitif
Ürün çok tatlı duruşu var,5,Firfir Detayli Kisa Kollu Tisört Pamuklu 1YAL18042OK,Koton,ürün çok tatlı duruşu var,Pozitif
170 ve 82 kiloyum L aldım ve çok güzel oldu fiyatına göre gayet uygun,4,Firfir Detayli Kisa Kollu Tisört Pamuklu 1YAL18042OK,Koton,ve kiloyum l aldım ve çok güzel oldu fiyatına göre gayet uygun,Pozitif
Modelini cok begendim,5,Firfir Detayli Kisa Kollu Tisört Pamuklu 1YAL18042OK,Koton,modelini cok begendim,Pozitif
Güzel beğendim ama kalıbı biraz bol benim için sorun değil,4,Firfir Detayli Kisa Kollu Tisört Pamuklu 1YAL18042OK,Koton,güzel beğendim ama kalıbı biraz bol benim için sorun değil,Pozitif
çok da iyi amma malesef iç gösteriyor yine de teşekkürler,3,Firfir Detayli Kisa Kollu Tisört Pamuklu 1YAL18042OK,Koton,çok da iyi amma malesef iç gösteriyor yine de teşekkürler,Nötr
qolun alti cox aciq,4,Firfir Detayli Kisa Kollu Tisört Pamuklu 1YAL18042OK,Koton,qolun alti cox aciq,Pozitif
güzel idare eder çok bi şey beklemeyin,4,Firfir Detayli Kisa Kollu Tisört Pamuklu 1YAL18042OK,Koton,güzel idare eder çok bi şey beklemeyin,Pozitif
Baya güzel gayet de uygun,3,Firfir Detayli Kisa Kollu Tisört Pamuklu 1YAL18042OK,Koton,baya güzel gayet de uygun,Nötr
fiyat performans urunu,4,Firfir Detayli Kisa Kollu Tisört Pamuklu 1YAL18042OK,Koton,fiyat performans urunu,Pozitif
Çok güzel kırık beyaz tam kalıp kendi bedeninizi alabilirsiniz,5,Firfir Detayli Kisa Kollu Tisört Pamuklu 1YAL18042OK,Koton,çok güzel kırık beyaz tam kalıp kendi bedeninizi alabilirsiniz,Pozitif
48 kilo xs aldm salas bi tişört kol altı cok acık parca diktdrm ben bu fyta cok sık bi rurun,4,Firfir Detayli Kisa Kollu Tisört Pamuklu 1YAL18042OK,Koton,kilo xs aldm salas bi tişört kol altı cok acık parca diktdrm ben bu fyta cok sık bi rurun,Pozitif
guzel fakat koltuk alti cok acik,4,Firfir Detayli Kisa Kollu Tisört Pamuklu 1YAL18042OK,Koton,guzel fakat koltuk alti cok acik,Pozitif
bedeninizi alın,5,Firfir Detayli Kisa Kollu Tisört Pamuklu 1YAL18042OK,Koton,bedeninizi alın,Pozitif
"90 lirayken aldım, bluza bakınca fiyatı yüksek ama artık böyle düz tişörtlere yüksek paralar vermeye mahkum edildik malesef. Bedeni tam ve şirin günlük bir tişört",4,Firfir Detayli Kisa Kollu Tisört Pamuklu 1YAL18042OK,Koton,lirayken aldım bluza bakınca fiyatı yüksek ama artık böyle düz tişörtlere yüksek paralar vermeye mahkum edildik malesef bedeni tam ve şirin günlük bir tişört,Pozitif
babama ve kardeşime aldım harika severek kullanıyorlsr,5,Erkek %100 Pamuk Gri Hakim Yaka Düz T-Shirt E001030,Avva,babama ve kardeşime aldım harika severek kullanıyorlsr,Pozitif
Babama aldım çok begendi,5,Erkek %100 Pamuk Gri Hakim Yaka Düz T-Shirt E001030,Avva,babama aldım çok begendi,Pozitif
174 CM BOY 98 KİLO XXL OLDU KALİTESİDE GÜZEL,5,Erkek %100 Pamuk Gri Hakim Yaka Düz T-Shirt E001030,Avva,cm boy kilo xxl oldu kaliteside güzel,Pozitif
Ürün kaliteli,5,Erkek %100 Pamuk Gri Hakim Yaka Düz T-Shirt E001030,Avva,ürün kaliteli,Pozitif
Biz çok beğendik,5,Erkek %100 Pamuk Gri Hakim Yaka Düz T-Shirt E001030,Avva,biz çok beğendik,Pozitif
Başarılı :))),5,Erkek %100 Pamuk Gri Hakim Yaka Düz T-Shirt E001030,Avva,başarılı,Pozitif
Harika çok beğendik eşim için almıştım 😍,5,Erkek %100 Pamuk Gri Hakim Yaka Düz T-Shirt E001030,Avva,harika çok beğendik eşim için almıştım,Pozitif
Çok güzel bir ürün kumaşı duruşu yani herşeyi çok ama çok güzel kesinlikle alınmalı,5,Erkek %100 Pamuk Gri Hakim Yaka Düz T-Shirt E001030,Avva,çok güzel bir ürün kumaşı duruşu yani herşeyi çok ama çok güzel kesinlikle alınmalı,Pozitif
kalitesi ortalama,4,Erkek %100 Pamuk Gri Hakim Yaka Düz T-Shirt E001030,Avva,kalitesi ortalama,Pozitif
kalıbında duruşunda bir tuhaflık var formunu çok beğenmedik. kalitesi güzel,4,Erkek %100 Pamuk Gri Hakim Yaka Düz T-Shirt E001030,Avva,kalıbında duruşunda bir tuhaflık var formunu çok beğenmedik kalitesi güzel,Pozitif
Rengi dokusu gayet guzel bir beden buyuk alınabilir kaliteli ve şık bir ürün,5,Erkek %100 Pamuk Gri Hakim Yaka Düz T-Shirt E001030,Avva,rengi dokusu gayet guzel bir beden buyuk alınabilir kaliteli ve şık bir ürün,Pozitif
"çok güzel, kaliteli bir ürün.. paketlenmesi de özenli ve güzeldi kusursuz bir şekilde elime ulaştı",5,Erkek %100 Pamuk Gri Hakim Yaka Düz T-Shirt E001030,Avva,çok güzel kaliteli bir ürün paketlenmesi de özenli ve güzeldi kusursuz bir şekilde elime ulaştı,Pozitif
spor rahat güzel ürün,5,Erkek %100 Pamuk Gri Hakim Yaka Düz T-Shirt E001030,Avva,spor rahat güzel ürün,Pozitif
Ürün göründüğü gibi geldi teşekkürler Avva...,5,Erkek %100 Pamuk Gri Hakim Yaka Düz T-Shirt E001030,Avva,ürün göründüğü gibi geldi teşekkürler avva,Pozitif
dokusu kumaşı çok iyi,5,Erkek %100 Pamuk Gri Hakim Yaka Düz T-Shirt E001030,Avva,dokusu kumaşı çok iyi,Pozitif
cok güzel gorünüyor ama hafif yıkamada bile sonuç vasat,2,Erkek %100 Pamuk Gri Hakim Yaka Düz T-Shirt E001030,Avva,cok güzel gorünüyor ama hafif yıkamada bile sonuç vasat,Negatif
Tam kalıp tavsiye ediyorum,5,Erkek %100 Pamuk Gri Hakim Yaka Düz T-Shirt E001030,Avva,tam kalıp tavsiye ediyorum,Pozitif
kendi bedeninizi alabilirsiniz tavisye ederim.,5,Erkek %100 Pamuk Gri Hakim Yaka Düz T-Shirt E001030,Avva,kendi bedeninizi alabilirsiniz tavisye ederim,Pozitif
Rengi dokusu kalitesiyle gayet uygun fiyatıyla çok beğendim kumaşı ve duruşu cok hosuma gitti,5,Erkek %100 Pamuk Gri Hakim Yaka Düz T-Shirt E001030,Avva,rengi dokusu kalitesiyle gayet uygun fiyatıyla çok beğendim kumaşı ve duruşu cok hosuma gitti,Pozitif
"Sürekli polo ve yuvarlak yaka giyen eşime değişiklik olsun diye aldım,. Model, doku, kalıp güzel. 1.88 boy, 110 kg 3xl gayet rahat oldu. yıkama sonrası renk şekil değişikliği yok ve çok kırışmayan hatta ütü gerekmeden el düzeltmesiyle bile kullanılabilecek bir ürün, çok beğendik. İndirimde bulursam diğer renklerini de alacağım. Emeği geçenlere teşekkürler",5,Erkek %100 Pamuk Gri Hakim Yaka Düz T-Shirt E001030,Avva,sürekli polo ve yuvarlak yaka giyen eşime değişiklik olsun diye aldım model doku kalıp güzel boy kg xl gayet rahat oldu yıkama sonrası renk şekil değişikliği yok ve çok kırışmayan hatta ütü gerekmeden el düzeltmesiyle bile kullanılabilecek bir ürün çok beğendik indirimde bulursam diğer renklerini de alacağım emeği geçenlere teşekkürler,Pozitif
Ürünler güzel ama firma yaptığı hatayı kabul etmemesi çok ayıp iade gönderdim resimde görülen kesikler var diye bizden kaynaklı değil diyor ben niye yapayım veya nasıl yapayım benden kaynaklı olsa neden iade edeyim 130 TL için hak yenir mi hiç Allahtan korkarım.,1,Erkek %100 Pamuk Gri Hakim Yaka Düz T-Shirt E001030,Avva,ürünler güzel ama firma yaptığı hatayı kabul etmemesi çok ayıp iade gönderdim resimde görülen kesikler var diye bizden kaynaklı değil diyor ben niye yapayım veya nasıl yapayım benden kaynaklı olsa neden iade edeyim tl için hak yenir mi hiç allahtan korkarım,Negatif
Babama aldim tam oldu ustune rengide tam resimdeki gibi geldi 👍🏼👍🏼👍🏼tam beden almanizi tavsiyye ederim,5,Erkek %100 Pamuk Gri Hakim Yaka Düz T-Shirt E001030,Avva,babama aldim tam oldu ustune rengide tam resimdeki gibi geldi tam beden almanizi tavsiyye ederim,Pozitif
%100 pamuk yazısına aldanmayın. %60 pamuk %40 polyester. resmen insanları kandırıyorsunuz.,4,Erkek %100 Pamuk Gri Hakim Yaka Düz T-Shirt E001030,Avva,pamuk yazısına aldanmayın pamuk polyester resmen insanları kandırıyorsunuz,Pozitif
ürünü eşime aldım 3xl beden olarak büyük ama kısa geldi o yüzden ben de abime hediye ettim penye kalitesi kaliteli gayet güzel,5,Erkek %100 Pamuk Gri Hakim Yaka Düz T-Shirt E001030,Avva,ürünü eşime aldım xl beden olarak büyük ama kısa geldi o yüzden ben de abime hediye ettim penye kalitesi kaliteli gayet güzel,Pozitif
Tam bedeninizi alabilirsiniz kumaşı kalitesi harika. 175 boy 95 kilo xl tam oldu çekme yapmiyor,5,Erkek %100 Pamuk Gri Hakim Yaka Düz T-Shirt E001030,Avva,tam bedeninizi alabilirsiniz kumaşı kalitesi harika boy kilo xl tam oldu çekme yapmiyor,Pozitif
bir beden küçük alınabilir güzel ürün,5,Erkek %100 Pamuk Gri Hakim Yaka Düz T-Shirt E001030,Avva,bir beden küçük alınabilir güzel ürün,Pozitif
Ürünün kesimini beğenmedim. İnsanın üzerinde tuhaf duruyor. İade.,1,Erkek %100 Pamuk Gri Hakim Yaka Düz T-Shirt E001030,Avva,ürünün kesimini beğenmedim insanın üzerinde tuhaf duruyor iade,Negatif
fena değil,4,Erkek %100 Pamuk Gri Hakim Yaka Düz T-Shirt E001030,Avva,fena değil,Pozitif
"Yüzde yüz pamuk, yumuşacık bir ürün. Bütün t-shirtlerimi hummel almayı düşünüyorum artık. Harika.",5,Digna Kısa Kollu Tişört 910969,HUMMEL,yüzde yüz pamuk yumuşacık bir ürün bütün tshirtlerimi hummel almayı düşünüyorum artık harika,Pozitif
tarz ve rahat bir ürün,5,Erkek %100 Pamuk Vizon Hakim Yaka Düz T-Shirt E001030,Avva,tarz ve rahat bir ürün,Pozitif
babama aldım güzel begendi,5,Erkek %100 Pamuk Vizon Hakim Yaka Düz T-Shirt E001030,Avva,babama aldım güzel begendi,Pozitif
Babam için aldım severek kullanıyor.,5,Erkek %100 Pamuk Vizon Hakim Yaka Düz T-Shirt E001030,Avva,babam için aldım severek kullanıyor,Pozitif
Beğendik güzrl ürün,5,Erkek %100 Pamuk Vizon Hakim Yaka Düz T-Shirt E001030,Avva,beğendik güzrl ürün,Pozitif
Kalitesi dokusu harika,5,Erkek %100 Pamuk Vizon Hakim Yaka Düz T-Shirt E001030,Avva,kalitesi dokusu harika,Pozitif
kaliteli güzel dokusu var,4,Erkek %100 Pamuk Vizon Hakim Yaka Düz T-Shirt E001030,Avva,kaliteli güzel dokusu var,Pozitif
ürün çok güzel tam kalibinizi alın,5,Erkek %100 Pamuk Vizon Hakim Yaka Düz T-Shirt E001030,Avva,ürün çok güzel tam kalibinizi alın,Pozitif
cok şık cok güzel,5,Erkek %100 Pamuk Vizon Hakim Yaka Düz T-Shirt E001030,Avva,cok şık cok güzel,Pozitif
tam geldi süper tavsiye ediyorum,5,Erkek %100 Pamuk Vizon Hakim Yaka Düz T-Shirt E001030,Avva,tam geldi süper tavsiye ediyorum,Pozitif
Her rengini aldim tavsiye ederim kaliteli,5,Erkek %100 Pamuk Vizon Hakim Yaka Düz T-Shirt E001030,Avva,her rengini aldim tavsiye ederim kaliteli,Pozitif
markali ürünlerden aldığım en iyi tişört,5,Erkek %100 Pamuk Vizon Hakim Yaka Düz T-Shirt E001030,Avva,markali ürünlerden aldığım en iyi tişört,Pozitif
çokkk sevdim,4,Erkek %100 Pamuk Vizon Hakim Yaka Düz T-Shirt E001030,Avva,çokkk sevdim,Pozitif
bayildimm cok kaliteli,5,Erkek %100 Pamuk Vizon Hakim Yaka Düz T-Shirt E001030,Avva,bayildimm cok kaliteli,Pozitif
üründen memnun olurum,5,Erkek %100 Pamuk Vizon Hakim Yaka Düz T-Shirt E001030,Avva,üründen memnun olurum,Pozitif
çok güzel tavsiye ederim,5,Erkek %100 Pamuk Vizon Hakim Yaka Düz T-Shirt E001030,Avva,çok güzel tavsiye ederim,Pozitif
kesinlikle tavsiye ederim çok beğendim 🥰🌹,5,Erkek %100 Pamuk Vizon Hakim Yaka Düz T-Shirt E001030,Avva,kesinlikle tavsiye ederim çok beğendim,Pozitif
çok güzel babalar günü hediyesi aldım çok beğendi 174 93 kg L rahat oldu,5,Erkek %100 Pamuk Vizon Hakim Yaka Düz T-Shirt E001030,Avva,çok güzel babalar günü hediyesi aldım çok beğendi kg l rahat oldu,Pozitif
Ürün güzeldi rengi falan iyiydi,4,Erkek %100 Pamuk Vizon Hakim Yaka Düz T-Shirt E001030,Avva,ürün güzeldi rengi falan iyiydi,Pozitif
Avva kalitesi çok güzel bayıldım tam kalıp,5,Erkek %100 Pamuk Vizon Hakim Yaka Düz T-Shirt E001030,Avva,avva kalitesi çok güzel bayıldım tam kalıp,Pozitif
harika eşim çok beğendi 3 tane aldım,5,Erkek %100 Pamuk Vizon Hakim Yaka Düz T-Shirt E001030,Avva,harika eşim çok beğendi tane aldım,Pozitif
gerçekten gayet istediğim gibi geldi Emeğiniz için teşekkür ediyorum Sizlere Tam istediğim gibi,5,Erkek %100 Pamuk Vizon Hakim Yaka Düz T-Shirt E001030,Avva,gerçekten gayet istediğim gibi geldi emeğiniz için teşekkür ediyorum sizlere tam istediğim gibi,Pozitif
bedeninizi alın,5,Erkek %100 Pamuk Vizon Hakim Yaka Düz T-Shirt E001030,Avva,bedeninizi alın,Pozitif
kumaşı cok guzel,5,Erkek %100 Pamuk Vizon Hakim Yaka Düz T-Shirt E001030,Avva,kumaşı cok guzel,Pozitif
tam kalip cok begendik,5,Erkek %100 Pamuk Vizon Hakim Yaka Düz T-Shirt E001030,Avva,tam kalip cok begendik,Pozitif
rengi fotograftakinden biraz daha soluk duruyor fakat yine de beğendik babam için almıştım severek giyiyor,5,Erkek %100 Pamuk Vizon Hakim Yaka Düz T-Shirt E001030,Avva,rengi fotograftakinden biraz daha soluk duruyor fakat yine de beğendik babam için almıştım severek giyiyor,Pozitif
ürün bekledigimden de güzel geldi ve çok kaliteli teşekkür kusursuz 👍👍👍👍👍,5,Erkek %100 Pamuk Vizon Hakim Yaka Düz T-Shirt E001030,Avva,ürün bekledigimden de güzel geldi ve çok kaliteli teşekkür kusursuz,Pozitif
Çok kaliteli kumaş,5,Erkek %100 Pamuk Vizon Hakim Yaka Düz T-Shirt E001030,Avva,çok kaliteli kumaş,Pozitif
rengi duruşu kaliteli,5,Erkek %100 Pamuk Vizon Hakim Yaka Düz T-Shirt E001030,Avva,rengi duruşu kaliteli,Pozitif
Rengi fotoğrafta Göründüğünden daha koyu geldi,3,Erkek %100 Pamuk Vizon Hakim Yaka Düz T-Shirt E001030,Avva,rengi fotoğrafta göründüğünden daha koyu geldi,Nötr
Çok teşekkür ederim öncelikle çok şık güzel bedenini ve modelini Avvada giyip öyle sipariş verdim fiyat olarakda 60 TL daha uyguna aldım aynı ürünü. Bedeniniz ne ise onu alın.,5,Erkek %100 Pamuk Vizon Hakim Yaka Düz T-Shirt E001030,Avva,çok teşekkür ederim öncelikle çok şık güzel bedenini ve modelini avvada giyip öyle sipariş verdim fiyat olarakda tl daha uyguna aldım aynı ürünü bedeniniz ne ise onu alın,Pozitif
Yakası okadsr acik ki aşırı derin bi dekolte asla mankendeki gibi degil. 1.69 boy 55 kiloyum s beden almama rağmen böyle saçma durdu. Tavsiye etmiyorum.,1,Regular Fit V Yaka Kısa Kollu Tişört TYC00427411546,Defacto,yakası okadsr acik ki aşırı derin bi dekolte asla mankendeki gibi degil boy kiloyum s beden almama rağmen böyle saçma durdu tavsiye etmiyorum,Negatif
Kargo ve paketlemesinden memnun kaldım.Rengi de güzel fakat kumaşı %100 pamuk olsa daha da güzel olurdu.Bedeninde cok tereddüt ettim 38 bedenim 40 beden aldım iyi ki 40 beden almışım tam istedigim gibi oldu.,4,Kahverengi Kadın Gömlek G082GL004.000.1383563,US Polo Assn,kargo ve paketlemesinden memnun kaldımrengi de güzel fakat kumaşı pamuk olsa daha da güzel olurdubedeninde cok tereddüt ettim bedenim beden aldım iyi ki beden almışım tam istedigim gibi oldu,Pozitif
ürün güzel sırt dekolteli,3,Kadın Ekru Fırfır Detaylı Kare Yaka Crop Bluz 1YAK68183PW,Koton,ürün güzel sırt dekolteli,Nötr
çok tatlı ve güzel bir bluz arka dekoltesi biraz fazla ama yine de duruşu çok güzel,5,Kadın Ekru Fırfır Detaylı Kare Yaka Crop Bluz 1YAK68183PW,Koton,çok tatlı ve güzel bir bluz arka dekoltesi biraz fazla ama yine de duruşu çok güzel,Pozitif
çok güzel salaş durmasını istiyorsanız 1 beden büyük alabilirsiniz ama çabuk pamuklanıyor,5,Jogger Standart Fit Normal Bel Cepli Viskon Pantolon X0140AZ22SM,Defacto,çok güzel salaş durmasını istiyorsanız beden büyük alabilirsiniz ama çabuk pamuklanıyor,Pozitif
"Tam yazlık, çok rahat",5,Erkek %100 Pamuk Lacivert Düz Alttan Britli Yaka Regular Fit Kısa Kol Vual Gömlek E002210,Avva,tam yazlık çok rahat,Pozitif
"Babama babalar günü hediyesi olarak aldım. Çok beğendi ,kumaşı kaliteli tavsiye ederim .",3,Erkek %100 Pamuk Lacivert Düz Alttan Britli Yaka Regular Fit Kısa Kol Vual Gömlek E002210,Avva,babama babalar günü hediyesi olarak aldım çok beğendi kumaşı kaliteli tavsiye ederim,Nötr
begendim baya guzel paketlenmisti,5,Erkek %100 Pamuk Lacivert Düz Alttan Britli Yaka Regular Fit Kısa Kol Vual Gömlek E002210,Avva,begendim baya guzel paketlenmisti,Pozitif
ürün çok kaliteli ve şık paketleme iyiydi,5,Erkek %100 Pamuk Lacivert Düz Alttan Britli Yaka Regular Fit Kısa Kol Vual Gömlek E002210,Avva,ürün çok kaliteli ve şık paketleme iyiydi,Pozitif
Avva kalitesi👍,5,Erkek %100 Pamuk Lacivert Düz Alttan Britli Yaka Regular Fit Kısa Kol Vual Gömlek E002210,Avva,avva kalitesi,Pozitif
transparan olarak girebilirsiniz,1,Erkek %100 Pamuk Lacivert Düz Alttan Britli Yaka Regular Fit Kısa Kol Vual Gömlek E002210,Avva,transparan olarak girebilirsiniz,Negatif
Harikam 99 TL iken aldım çok beğendi eşim,5,Erkek %100 Pamuk Lacivert Düz Alttan Britli Yaka Regular Fit Kısa Kol Vual Gömlek E002210,Avva,harikam tl iken aldım çok beğendi eşim,Pozitif
Kumaşı o kadar güzel rahat ki hediye aldım cok beğenildi,5,Erkek %100 Pamuk Lacivert Düz Alttan Britli Yaka Regular Fit Kısa Kol Vual Gömlek E002210,Avva,kumaşı o kadar güzel rahat ki hediye aldım cok beğenildi,Pozitif
Fiyatına göre güzel bir ürün,5,Erkek %100 Pamuk Lacivert Düz Alttan Britli Yaka Regular Fit Kısa Kol Vual Gömlek E002210,Avva,fiyatına göre güzel bir ürün,Pozitif
fiyatına göre çok guzel,5,Erkek %100 Pamuk Lacivert Düz Alttan Britli Yaka Regular Fit Kısa Kol Vual Gömlek E002210,Avva,fiyatına göre çok guzel,Pozitif
babalar günü için aldım babam çok beğendi tam yazlık incecik,5,Erkek %100 Pamuk Lacivert Düz Alttan Britli Yaka Regular Fit Kısa Kol Vual Gömlek E002210,Avva,babalar günü için aldım babam çok beğendi tam yazlık incecik,Pozitif
Her zamanki gibi AVVA kalitesi 💘,5,Erkek %100 Pamuk Lacivert Düz Alttan Britli Yaka Regular Fit Kısa Kol Vual Gömlek E002210,Avva,her zamanki gibi avva kalitesi,Pozitif
kaliteli..,5,Erkek %100 Pamuk Lacivert Düz Alttan Britli Yaka Regular Fit Kısa Kol Vual Gömlek E002210,Avva,kaliteli,Pozitif
çok iyi güzel tşk...,5,Erkek %100 Pamuk Lacivert Düz Alttan Britli Yaka Regular Fit Kısa Kol Vual Gömlek E002210,Avva,çok iyi güzel tşk,Pozitif
Teşekkürler başarılı ürün :))),5,Erkek %100 Pamuk Lacivert Düz Alttan Britli Yaka Regular Fit Kısa Kol Vual Gömlek E002210,Avva,teşekkürler başarılı ürün,Pozitif
harika mikemmel,5,Erkek %100 Pamuk Lacivert Düz Alttan Britli Yaka Regular Fit Kısa Kol Vual Gömlek E002210,Avva,harika mikemmel,Pozitif
Teşekkür ederim güzel ben beyendim,5,Erkek %100 Pamuk Lacivert Düz Alttan Britli Yaka Regular Fit Kısa Kol Vual Gömlek E002210,Avva,teşekkür ederim güzel ben beyendim,Pozitif
Sanırım en güzel ürün Tiril tiril alın aldırın,5,Erkek %100 Pamuk Lacivert Düz Alttan Britli Yaka Regular Fit Kısa Kol Vual Gömlek E002210,Avva,sanırım en güzel ürün tiril tiril alın aldırın,Pozitif
Harikaaaa 👍,5,Erkek %100 Pamuk Lacivert Düz Alttan Britli Yaka Regular Fit Kısa Kol Vual Gömlek E002210,Avva,harikaaaa,Pozitif
Çok güzel bir gömlek,5,Erkek %100 Pamuk Lacivert Düz Alttan Britli Yaka Regular Fit Kısa Kol Vual Gömlek E002210,Avva,çok güzel bir gömlek,Pozitif
babalar günü için almıştım babam çok beğendi,5,Erkek %100 Pamuk Lacivert Düz Alttan Britli Yaka Regular Fit Kısa Kol Vual Gömlek E002210,Avva,babalar günü için almıştım babam çok beğendi,Pozitif
Abime hediye aldım çok güzel,5,Erkek %100 Pamuk Lacivert Düz Alttan Britli Yaka Regular Fit Kısa Kol Vual Gömlek E002210,Avva,abime hediye aldım çok güzel,Pozitif
Güzel yazlık bir kumaşı var,4,Erkek %100 Pamuk Lacivert Düz Alttan Britli Yaka Regular Fit Kısa Kol Vual Gömlek E002210,Avva,güzel yazlık bir kumaşı var,Pozitif
Süper Bi Ürün Kaçırmayın,5,Erkek %100 Pamuk Lacivert Düz Alttan Britli Yaka Regular Fit Kısa Kol Vual Gömlek E002210,Avva,süper bi ürün kaçırmayın,Pozitif
görsek ile aynı geldi beğendim,5,Erkek %100 Pamuk Lacivert Düz Alttan Britli Yaka Regular Fit Kısa Kol Vual Gömlek E002210,Avva,görsek ile aynı geldi beğendim,Pozitif
Çok şık rengi güzel,5,Erkek %100 Pamuk Lacivert Düz Alttan Britli Yaka Regular Fit Kısa Kol Vual Gömlek E002210,Avva,çok şık rengi güzel,Pozitif
Babama aldım günlerce dua etti,5,Erkek %100 Pamuk Lacivert Düz Alttan Britli Yaka Regular Fit Kısa Kol Vual Gömlek E002210,Avva,babama aldım günlerce dua etti,Pozitif
Güzel ürün hızlı kargo başarılı düşünmeden alabilirsiniz,5,Erkek %100 Pamuk Lacivert Düz Alttan Britli Yaka Regular Fit Kısa Kol Vual Gömlek E002210,Avva,güzel ürün hızlı kargo başarılı düşünmeden alabilirsiniz,Pozitif
ürün çok güzel,5,Erkek %100 Pamuk Lacivert Düz Alttan Britli Yaka Regular Fit Kısa Kol Vual Gömlek E002210,Avva,ürün çok güzel,Pozitif
Çok güzel bedeninizi alın,5,Erkek %100 Pamuk Lacivert Düz Alttan Britli Yaka Regular Fit Kısa Kol Vual Gömlek E002210,Avva,çok güzel bedeninizi alın,Pozitif
Esime aldim 2 rengini de cok sevdik saf pamuk oldugu icin arkadaslari da nerden aldigini soruyor kesin tavsiyeli bir tshirt👍,5,V Yaka Lacivert Basic Tişört Fitted / Vücuda Oturan Kesim 061313-25723,Mavi,esime aldim rengini de cok sevdik saf pamuk oldugu icin arkadaslari da nerden aldigini soruyor kesin tavsiyeli bir tshirt,Pozitif
gayet iyi,5,Regular Fit Kargo Cepli Bermuda Pamuklu Penye Şort W2467AZ21HS,Defacto,gayet iyi,Pozitif
yumuşak rahat bedeninizi alin,5,Regular Fit Kargo Cepli Bermuda Pamuklu Penye Şort W2467AZ21HS,Defacto,yumuşak rahat bedeninizi alin,Pozitif
Ürünün rengi çok güzel tavsiye ederim,5,Regular Fit Kargo Cepli Bermuda Pamuklu Penye Şort W2467AZ21HS,Defacto,ürünün rengi çok güzel tavsiye ederim,Pozitif
iki rengini de aldim cok iyi,5,Regular Fit Kargo Cepli Bermuda Pamuklu Penye Şort W2467AZ21HS,Defacto,iki rengini de aldim cok iyi,Pozitif
Yeşili seven birisi olarak bayıldım ve de çok rahat.,5,Regular Fit Kargo Cepli Bermuda Pamuklu Penye Şort W2467AZ21HS,Defacto,yeşili seven birisi olarak bayıldım ve de çok rahat,Pozitif
Rengi biraz koyu,4,Regular Fit Kargo Cepli Bermuda Pamuklu Penye Şort W2467AZ21HS,Defacto,rengi biraz koyu,Pozitif
bayıldım kardeşime hediye almıştım oda çok sevdi rengi kumaşı çok guzel,5,Regular Fit Kargo Cepli Bermuda Pamuklu Penye Şort W2467AZ21HS,Defacto,bayıldım kardeşime hediye almıştım oda çok sevdi rengi kumaşı çok guzel,Pozitif
"Çok kaliteli, tam kalıp. Çok beğendim.",5,Regular Fit Kargo Cepli Bermuda Pamuklu Penye Şort W2467AZ21HS,Defacto,çok kaliteli tam kalıp çok beğendim,Pozitif
"kocama aldim. cook begendi. cook guzel sort. Kumasi cook kaliteli,efso.10yildiz olsaydi verirdim. alin..aldirin.tam beden alin.",5,Regular Fit Kargo Cepli Bermuda Pamuklu Penye Şort W2467AZ21HS,Defacto,kocama aldim cook begendi cook guzel sort kumasi cook kaliteliefsoyildiz olsaydi verirdim alinaldirintam beden alin,Pozitif
yeşil olanın dokusu duruşu güzel gri olan bi tık daha kumaşı tok duruyo ama ikisinide beğendim,5,Regular Fit Kargo Cepli Bermuda Pamuklu Penye Şort W2467AZ21HS,Defacto,yeşil olanın dokusu duruşu güzel gri olan bi tık daha kumaşı tok duruyo ama ikisinide beğendim,Pozitif
"Çok iyi, rahat ceplerini fermuarlı olmasını sevdim, tamkalıp",5,Regular Fit Kargo Cepli Bermuda Pamuklu Penye Şort W2467AZ21HS,Defacto,çok iyi rahat ceplerini fermuarlı olmasını sevdim tamkalıp,Pozitif
kumasi harika ince rahat tam yazlik. XL aldim 1.80 boy 93 kilo gobekli birine tam oldu.,5,Regular Fit Kargo Cepli Bermuda Pamuklu Penye Şort W2467AZ21HS,Defacto,kumasi harika ince rahat tam yazlik xl aldim boy kilo gobekli birine tam oldu,Pozitif
ürünün rengi ve kumaşı çok güzel,5,Regular Fit Kargo Cepli Bermuda Pamuklu Penye Şort W2467AZ21HS,Defacto,ürünün rengi ve kumaşı çok güzel,Pozitif
Güler hanımın tavsiyesi ile aldım mütiş ürün tavsiye ederim keten pamuk karışımı,5,Regular Fit Çizgili Hakim Yaka Poplin Gömlek L7967AZ22SM,Defacto,güler hanımın tavsiyesi ile aldım mütiş ürün tavsiye ederim keten pamuk karışımı,Pozitif
pamuklu kumaş bedeninizi alabilirsiniz çok güzel,4,Regular Fit Çizgili Hakim Yaka Poplin Gömlek L7967AZ22SM,Defacto,pamuklu kumaş bedeninizi alabilirsiniz çok güzel,Pozitif
"Çok hızlı elime ulaştı. Maviden giymekte olduğum kot bedeninden sipariş vermiştim. Üzerime tam oldu. Yalnız evdeki mavi marka kotumun dokusu çok yumuşaktı, pamuk gibi bir hissi vardı. Bu pantolonun kumaşı orta sertlikteydi.",5,Kadın Alissa Super Gold Jean Pantolon 1067827260,Mavi,çok hızlı elime ulaştı maviden giymekte olduğum kot bedeninden sipariş vermiştim üzerime tam oldu yalnız evdeki mavi marka kotumun dokusu çok yumuşaktı pamuk gibi bir hissi vardı bu pantolonun kumaşı orta sertlikteydi,Pozitif
pamuklu ve çok güzem dokusu var,5,Kadın Siyah Comfort Slip Külot ST6835601B,Suwen,pamuklu ve çok güzem dokusu var,Pozitif
urun pamuklu penyeden...bence pamuklu olması daha iyi terletmez...sadece yikandiginda formu bozulur mu bilmiyorum.henuz kullanmadık.,5,T-shirt Erkek T-shirt Whıte/black Gl3733 GL3733,adidas,urun pamuklu penyedenbence pamuklu olması daha iyi terletmezsadece yikandiginda formu bozulur mu bilmiyorumhenuz kullanmadık,Pozitif
ogluma aldım cok kaliteli,5,Oversize Fit Bisiklet Yaka Basic Kısa Kollu Pamuklu Penye Tişört V2384AZ21SM,Defacto,ogluma aldım cok kaliteli,Pozitif
aşırı büyük 2 beden küçük alsanız anca olur,1,Oversize Fit Bisiklet Yaka Basic Kısa Kollu Pamuklu Penye Tişört V2384AZ21SM,Defacto,aşırı büyük beden küçük alsanız anca olur,Negatif
Harika bir ürün alın pişman olmazsınız,5,Oversize Fit Bisiklet Yaka Basic Kısa Kollu Pamuklu Penye Tişört V2384AZ21SM,Defacto,harika bir ürün alın pişman olmazsınız,Pozitif
güzel bir yaz giyinmelik ama bir süre sonra giyilmekten ve yıkanmaktan dolayı alt taraftan kaymalar yapıyor saçma bir şekil aldı,3,Oversize Fit Bisiklet Yaka Basic Kısa Kollu Pamuklu Penye Tişört V2384AZ21SM,Defacto,güzel bir yaz giyinmelik ama bir süre sonra giyilmekten ve yıkanmaktan dolayı alt taraftan kaymalar yapıyor saçma bir şekil aldı,Nötr
Tişört iyi ama s bile bol,4,Oversize Fit Bisiklet Yaka Basic Kısa Kollu Pamuklu Penye Tişört V2384AZ21SM,Defacto,tişört iyi ama s bile bol,Pozitif
çok güzell,5,Oversize Fit Bisiklet Yaka Basic Kısa Kollu Pamuklu Penye Tişört V2384AZ21SM,Defacto,çok güzell,Pozitif
tesekkurler,5,Oversize Fit Bisiklet Yaka Basic Kısa Kollu Pamuklu Penye Tişört V2384AZ21SM,Defacto,tesekkurler,Pozitif
"ürün gayet iyi, teşekkür ederim",5,Oversize Fit Bisiklet Yaka Basic Kısa Kollu Pamuklu Penye Tişört V2384AZ21SM,Defacto,ürün gayet iyi teşekkür ederim,Pozitif
çok kaliteli bir ürün gayet tok ve rengide tam istediğim gibi,5,Oversize Fit Bisiklet Yaka Basic Kısa Kollu Pamuklu Penye Tişört V2384AZ21SM,Defacto,çok kaliteli bir ürün gayet tok ve rengide tam istediğim gibi,Pozitif
Ürün güzel ancak boy olarak çok uzun en olarak tam oldu,3,Oversize Fit Bisiklet Yaka Basic Kısa Kollu Pamuklu Penye Tişört V2384AZ21SM,Defacto,ürün güzel ancak boy olarak çok uzun en olarak tam oldu,Nötr
idare eder,4,Oversize Fit Bisiklet Yaka Basic Kısa Kollu Pamuklu Penye Tişört V2384AZ21SM,Defacto,idare eder,Pozitif
çok bol küçük beden alin,3,Oversize Fit Bisiklet Yaka Basic Kısa Kollu Pamuklu Penye Tişört V2384AZ21SM,Defacto,çok bol küçük beden alin,Nötr
çok iyi fiyatına göre daha iyi,5,Oversize Fit Bisiklet Yaka Basic Kısa Kollu Pamuklu Penye Tişört V2384AZ21SM,Defacto,çok iyi fiyatına göre daha iyi,Pozitif
Kalıp mükemmel teşekkürler,5,Oversize Fit Bisiklet Yaka Basic Kısa Kollu Pamuklu Penye Tişört V2384AZ21SM,Defacto,kalıp mükemmel teşekkürler,Pozitif
güzel beğendim S beden aldım 177 72,5,Oversize Fit Bisiklet Yaka Basic Kısa Kollu Pamuklu Penye Tişört V2384AZ21SM,Defacto,güzel beğendim s beden aldım,Pozitif
çok güzel ve kaliteli geldi tam beden alınmalı,5,Oversize Fit Bisiklet Yaka Basic Kısa Kollu Pamuklu Penye Tişört V2384AZ21SM,Defacto,çok güzel ve kaliteli geldi tam beden alınmalı,Pozitif
Beyaz ve bu renkten aldım çok memnun kaldım teşekkürler trendyol ve defacto,5,Oversize Fit Bisiklet Yaka Basic Kısa Kollu Pamuklu Penye Tişört V2384AZ21SM,Defacto,beyaz ve bu renkten aldım çok memnun kaldım teşekkürler trendyol ve defacto,Pozitif
Çok bol ona göre alın,4,Oversize Fit Bisiklet Yaka Basic Kısa Kollu Pamuklu Penye Tişört V2384AZ21SM,Defacto,çok bol ona göre alın,Pozitif
Çok bol oldu,1,Oversize Fit Bisiklet Yaka Basic Kısa Kollu Pamuklu Penye Tişört V2384AZ21SM,Defacto,çok bol oldu,Negatif
Oğluma almıştım beğendi. kumaşı güzel yumuşak,5,Oversize Fit Bisiklet Yaka Basic Kısa Kollu Pamuklu Penye Tişört V2384AZ21SM,Defacto,oğluma almıştım beğendi kumaşı güzel yumuşak,Pozitif
güzel fakat 1 beden büyükngönderdiler iade ettim,3,Oversize Fit Bisiklet Yaka Basic Kısa Kollu Pamuklu Penye Tişört V2384AZ21SM,Defacto,güzel fakat beden büyükngönderdiler iade ettim,Nötr
Evde giymek ıcın aldım ındırımden alın aldırın yazlık. Beden kalıpları büyük ona göre alın.,5,Oversize Fit Bisiklet Yaka Basic Kısa Kollu Pamuklu Penye Tişört V2384AZ21SM,Defacto,evde giymek ıcın aldım ındırımden alın aldırın yazlık beden kalıpları büyük ona göre alın,Pozitif
xs si bile çok büyük ona göre alın,2,Oversize Fit Bisiklet Yaka Basic Kısa Kollu Pamuklu Penye Tişört V2384AZ21SM,Defacto,xs si bile çok büyük ona göre alın,Negatif
kumaşı fena değil begendim,5,Oversize Fit Bisiklet Yaka Basic Kısa Kollu Pamuklu Penye Tişört V2384AZ21SM,Defacto,kumaşı fena değil begendim,Pozitif
Tam beden kumaşı güzel,5,Oversize Fit Bisiklet Yaka Basic Kısa Kollu Pamuklu Penye Tişört V2384AZ21SM,Defacto,tam beden kumaşı güzel,Pozitif
Kalıbı çok geniş,5,Oversize Fit Bisiklet Yaka Basic Kısa Kollu Pamuklu Penye Tişört V2384AZ21SM,Defacto,kalıbı çok geniş,Pozitif
Kumaşı falan güzel ama çox çok büyük S bile çuval oldu,4,Oversize Fit Bisiklet Yaka Basic Kısa Kollu Pamuklu Penye Tişört V2384AZ21SM,Defacto,kumaşı falan güzel ama çox çok büyük s bile çuval oldu,Pozitif
Ürün çok güzel ama aşırı bol bi tişört 2 beden küçüğünü almalısınız o yüzden,5,Oversize Fit Bisiklet Yaka Basic Kısa Kollu Pamuklu Penye Tişört V2384AZ21SM,Defacto,ürün çok güzel ama aşırı bol bi tişört beden küçüğünü almalısınız o yüzden,Pozitif
Bir beden küçük alın kesinlikle dar olsun isteyenler 2 beden bile küçük alabilir yeri güzel yaz için serin,4,Oversize Fit Bisiklet Yaka Basic Kısa Kollu Pamuklu Penye Tişört V2384AZ21SM,Defacto,bir beden küçük alın kesinlikle dar olsun isteyenler beden bile küçük alabilir yeri güzel yaz için serin,Pozitif
guzel urun ama boyle oversize urunlerde kendi bedeninizden kucuk olcu alin,5,Oversize Fit Bisiklet Yaka Basic Kısa Kollu Pamuklu Penye Tişört V2384AZ21SM,Defacto,guzel urun ama boyle oversize urunlerde kendi bedeninizden kucuk olcu alin,Pozitif
M beden giymeme rağmen büyük geldi. Fakat çok güzel bir tshirt. Tşk ederim.,4,Regular Fit Desenli Bisiklet Yaka Kolsuz Pamuklu Penye Tişört W2461AZ21HS,Defacto,m beden giymeme rağmen büyük geldi fakat çok güzel bir tshirt tşk ederim,Pozitif
M beden giymeme rağmen büyük geldi. Fakat çok güzel bir tshirt. Tşk ederim.,4,Regular Fit Desenli Bisiklet Yaka Kolsuz Pamuklu Penye Tişört W2461AZ21HS,Defacto,m beden giymeme rağmen büyük geldi fakat çok güzel bir tshirt tşk ederim,Pozitif
Yakası okadsr acik ki aşırı derin bi dekolte asla mankendeki gibi degil. 1.69 boy 55 kiloyum s beden almama rağmen böyle saçma durdu. Tavsiye etmiyorum.,1,Regular Fit V Yaka Kısa Kollu Tişört TYC00427411546,Defacto,yakası okadsr acik ki aşırı derin bi dekolte asla mankendeki gibi degil boy kiloyum s beden almama rağmen böyle saçma durdu tavsiye etmiyorum,Negatif
daha iyileri değerlendirilebilir. üç dört yıkama sonra pamuklanıyor. renk canlı hoş. normal bedenimi aldım.,3,Logo Baskılı Sarı Tişört Slim Fit / Dar Kesim 065781-33408,Mavi,daha iyileri değerlendirilebilir üç dört yıkama sonra pamuklanıyor renk canlı hoş normal bedenimi aldım,Nötr
muazzam bir şort keşke indirimde alsaymisim yarı fiyatına düşmüş,4,Kareli Şort Kemerli Pamuklu 1YAK01434UW,Koton,muazzam bir şort keşke indirimde alsaymisim yarı fiyatına düşmüş,Pozitif
Çok cici piti kareli krem açık yeşil tonlu soğuk tarçın renkleri ama kibar 65 kilo 40 beden alınmalı yoksa sıkabilir kumaşı sert ama pileleri kötü durmuyor hatta hafif etek gibi pileler güzel,4,Kareli Şort Kemerli Pamuklu 1YAK01434UW,Koton,çok cici piti kareli krem açık yeşil tonlu soğuk tarçın renkleri ama kibar kilo beden alınmalı yoksa sıkabilir kumaşı sert ama pileleri kötü durmuyor hatta hafif etek gibi pileler güzel,Pozitif
"Kalıbı iyi değil, giyince ön tarafı çuval gibi duruyor, pileli olması ön tarafını balon gibi göstermiş, beden tam ancak üstte iyi durmuyor. iade ettim.",1,Kareli Şort Kemerli Pamuklu 1YAK01434UW,Koton,kalıbı iyi değil giyince ön tarafı çuval gibi duruyor pileli olması ön tarafını balon gibi göstermiş beden tam ancak üstte iyi durmuyor iade ettim,Negatif
yumuşak kumasi guzel,4,3 Lü Pamuklu Dantelli Hipster Külot ST0044603,Suwen,yumuşak kumasi guzel,Pozitif
"Çok güzel kumaşı, yumuşacık, bedeninden 1 beden küçük tercih edebilirsiniz",4,3 Lü Pamuklu Dantelli Hipster Külot ST0044603,Suwen,çok güzel kumaşı yumuşacık bedeninden beden küçük tercih edebilirsiniz,Pozitif
Kumaşı çok güzeldi.,3,3 Lü Pamuklu Dantelli Hipster Külot ST0044603,Suwen,kumaşı çok güzeldi,Nötr
Pamuklu yumuşak bir ürün yıkayınca biraz çekebilir o yüzden bir beden büyük alınabilir.,4,Relax Fit Bisiklet Yaka Kısa Kollu Tişört W7299AZ22SM,Defacto,pamuklu yumuşak bir ürün yıkayınca biraz çekebilir o yüzden bir beden büyük alınabilir,Pozitif
Ürünün açıklamasında %100 pamuk diyor ancak polyester iade edeceğim.. Neden insanları uğraştırıyorsunuz anlamıyorum gerçekten.,1,Relax Fit Bisiklet Yaka Kısa Kollu Tişört W7299AZ22SM,Defacto,ürünün açıklamasında pamuk diyor ancak polyester iade edeceğim neden insanları uğraştırıyorsunuz anlamıyorum gerçekten,Negatif
berbat bir ürün almayın bence,1,Slim Fit V Yaka Basic Pamuklu Penye Tişört M7668AZ21SP,Defacto,berbat bir ürün almayın bence,Negatif
rengi kumaşı gayet güzel babam için aldım 1.72 boy 80 kilo L beden oldu.,4,Slim Fit V Yaka Basic Pamuklu Penye Tişört M7668AZ21SP,Defacto,rengi kumaşı gayet güzel babam için aldım boy kilo l beden oldu,Pozitif
harika bı ürün,1,Slim Fit V Yaka Basic Pamuklu Penye Tişört M7668AZ21SP,Defacto,harika bı ürün,Negatif
babam için almıştım. ben bir beden büyük oldum. duruşundan ve kalitesinden memnunuz,4,Slim Fit V Yaka Basic Pamuklu Penye Tişört M7668AZ21SP,Defacto,babam için almıştım ben bir beden büyük oldum duruşundan ve kalitesinden memnunuz,Pozitif
İndirimdeyken alınır güzel,4,Slim Fit V Yaka Basic Pamuklu Penye Tişört M7668AZ21SP,Defacto,indirimdeyken alınır güzel,Pozitif
bir beden büyük geldi normalde diğer kıyafetlerim xl bunuda öyle aldım demek ki kıyafetten kıyafete fark varmış,4,Slim Fit V Yaka Basic Pamuklu Penye Tişört M7668AZ21SP,Defacto,bir beden büyük geldi normalde diğer kıyafetlerim xl bunuda öyle aldım demek ki kıyafetten kıyafete fark varmış,Pozitif
Ürünün gönderim süresi ve dokusu güzeldi fakat dekolte kısmı derin olduğu için iade etmek zorunda kaldım,4,Kadın Parlak Tüvit Elbise 0KAK88158PW,Koton,ürünün gönderim süresi ve dokusu güzeldi fakat dekolte kısmı derin olduğu için iade etmek zorunda kaldım,Pozitif
Aslinda urun guzel ama giyebilmek icin asiri zayif olmaniz gerekebilir :( 51 kiloyum 1.56 boyum var ama bana yakismadi maalesef,3,Kadın Beyaz Pamuklu Kisa Kollu Brode Bluz 0YAL68061IW,Koton,aslinda urun guzel ama giyebilmek icin asiri zayif olmaniz gerekebilir kiloyum boyum var ama bana yakismadi maalesef,Nötr
aşırı tatlı bir bluz tek sorun yakası fazla açık maalesef,4,Kadın Beyaz Pamuklu Kisa Kollu Brode Bluz 0YAL68061IW,Koton,aşırı tatlı bir bluz tek sorun yakası fazla açık maalesef,Pozitif
çok güzel ürün yalnız biraz dar bir beden büyük almanız daha iyi olur,4,Kadın Beyaz Pamuklu Kisa Kollu Brode Bluz 0YAL68061IW,Koton,çok güzel ürün yalnız biraz dar bir beden büyük almanız daha iyi olur,Pozitif
ürün aslinda harika ama kollarinin alti o kadar dar kii. kollarınız kalinsa hayatta geçmiyor lastikli olsa süper olurdu. IADE😔,3,Kadın Beyaz Pamuklu Kisa Kollu Brode Bluz 0YAL68061IW,Koton,ürün aslinda harika ama kollarinin alti o kadar dar kii kollarınız kalinsa hayatta geçmiyor lastikli olsa süper olurdu iade,Nötr
Dekoltesi çok fazla,2,Basic V Yaka Atlet R5605AZ21SM,Defacto,dekoltesi çok fazla,Negatif
pamuklu rahat,3,Regular Fit Bisiklet Yaka Slogan Baskılı Kısa Kollu Tişört W9824AZ22SM,Defacto,pamuklu rahat,Nötr
"Ürünün materyali güzel. Pamuk oranı oldukça yüksek ama renk olarak çok düz, daha gölgeli olmasını isterdim.",4,Ada Açık 90s Jean Pantolon 1020581249,Mavi,ürünün materyali güzel pamuk oranı oldukça yüksek ama renk olarak çok düz daha gölgeli olmasını isterdim,Pozitif
Kumaşı falan çok kaliteli ama desenleri çok canlı etiketi kesik geldi ön dekoltesi de bana uygun olmadığı için yâd ettim,3,Kadın Turuncu Desenli Gömlek 1YAK63880EW,Koton,kumaşı falan çok kaliteli ama desenleri çok canlı etiketi kesik geldi ön dekoltesi de bana uygun olmadığı için yd ettim,Nötr
Ürünün gönderim süresi ve dokusu güzeldi fakat dekolte kısmı derin olduğu için iade etmek zorunda kaldım,4,Kadın Parlak Tüvit Elbise 0KAK88158PW,Koton,ürünün gönderim süresi ve dokusu güzeldi fakat dekolte kısmı derin olduğu için iade etmek zorunda kaldım,Pozitif
keainlikle küçük beden alınmalı ben normalde m giyen biriyim s aldım o bile çok büyük geldi,3,Kadın Baskili Tisört Pamuklu 1YAL18224UK,Koton,keainlikle küçük beden alınmalı ben normalde m giyen biriyim s aldım o bile çok büyük geldi,Nötr
kaliteli ürün ama ben dekoltesini sevmediğim için iade ettim,4,Önü Burgulu Desenli Bikini Üst SB22160P,Suwen,kaliteli ürün ama ben dekoltesini sevmediğim için iade ettim,Pozitif
Beden uymuyor.,2,%100 Pamuk Düğmeli Beyaz Erkek Boxer Şort U80S0P54,US Polo Assn,beden uymuyor,Negatif
"1,65 m ve 66 kg için40 bden tercih ettim. 1 beden küşüğü alınabilir. kilolu gösterdi. Dekoltesi benim için uygun değil.rengi çok güzel.",4,Kadın Yeşil Desenli Elbise 1YAK88294PW,Koton,m ve kg için bden tercih ettim beden küşüğü alınabilir kilolu gösterdi dekoltesi benim için uygun değilrengi çok güzel,Pozitif
Güzel ürün s tam oldu,3,Slim Fit Halter Yaka Pamuklu Crop Top U0357AZ21SP,Defacto,güzel ürün s tam oldu,Nötr
Güzel alınız,4,Slim Fit Halter Yaka Pamuklu Crop Top U0357AZ21SP,Defacto,güzel alınız,Pozitif
1.60 46 kiloyum s aldim tam du. kaliteli rengi biraz daha koyu,4,Slim Fit Halter Yaka Pamuklu Crop Top U0357AZ21SP,Defacto,kiloyum s aldim tam du kaliteli rengi biraz daha koyu,Pozitif
çok güzel bir beden büyük alabilirsiniz rahat etmek istiyorsanız,4,Slim Fit Halter Yaka Pamuklu Crop Top U0357AZ21SP,Defacto,çok güzel bir beden büyük alabilirsiniz rahat etmek istiyorsanız,Pozitif
Tam beden harika,4,Slim Fit Halter Yaka Pamuklu Crop Top U0357AZ21SP,Defacto,tam beden harika,Pozitif
Ütün göründüğü gibi teşekkürler,4,Slim Fit Halter Yaka Pamuklu Crop Top U0357AZ21SP,Defacto,ütün göründüğü gibi teşekkürler,Pozitif
memnun kaldım,3,Regular Fit Bisiklet Yaka Basic Kısa Kollu Pamuklu Penye Tişört M7666AZ21SP,Defacto,memnun kaldım,Nötr
Güzel ürün,4,Regular Fit Bisiklet Yaka Basic Kısa Kollu Pamuklu Penye Tişört M7666AZ21SP,Defacto,güzel ürün,Pozitif
Rengi hoş ve giyimi rahat. Tekrar sipariş edebilirim. Kendi kalıbınızı alabilirsiniz.,4,Regular Fit Bisiklet Yaka Basic Kısa Kollu Pamuklu Penye Tişört M7666AZ21SP,Defacto,rengi hoş ve giyimi rahat tekrar sipariş edebilirim kendi kalıbınızı alabilirsiniz,Pozitif
Çok tatlı rengi var hala solmadı yazdan beri,4,Regular Fit Bisiklet Yaka Basic Kısa Kollu Pamuklu Penye Tişört M7666AZ21SP,Defacto,çok tatlı rengi var hala solmadı yazdan beri,Pozitif
Norrmaalll,3,Yazılı Baskılı Atlet Bisiklet Yaka Pamuklu Tanktop 1YAL38027IK,Koton,norrmaalll,Nötr
çok iyi değil,1,Yazılı Baskılı Atlet Bisiklet Yaka Pamuklu Tanktop 1YAL38027IK,Koton,çok iyi değil,Negatif
İade sadece ptt kargoyla 👎🏻👎🏻,2,Yazılı Baskılı Atlet Bisiklet Yaka Pamuklu Tanktop 1YAL38027IK,Koton,iade sadece ptt kargoyla,Negatif
Yaz günleri için birebir,4,Yazılı Baskılı Atlet Bisiklet Yaka Pamuklu Tanktop 1YAL38027IK,Koton,yaz günleri için birebir,Pozitif
göründüğü gibi güzel,4,Yazılı Baskılı Atlet Bisiklet Yaka Pamuklu Tanktop 1YAL38027IK,Koton,göründüğü gibi güzel,Pozitif
Begenmedım çok,2,Discovery Lisanslı Oversize Fit Bisiklet Yaka Pamuklu Penye Tişört X4411AZ22SM,Defacto,begenmedım çok,Negatif
aşırı bol iade,2,Discovery Lisanslı Oversize Fit Bisiklet Yaka Pamuklu Penye Tişört X4411AZ22SM,Defacto,aşırı bol iade,Negatif
Çok güzel yazlık bir elbise dekoltesi bi tık fazla ama kapattırılır ayrıca çok rahat ben beğendim,4,Kadın Elbise 1yak88609pw97v 1YAK88609PW,Koton,çok güzel yazlık bir elbise dekoltesi bi tık fazla ama kapattırılır ayrıca çok rahat ben beğendim,Pozitif
ürün görselinde viskon pamuk yazıyor ama %100 polyester geldi..,1,Kadın Gömlek 0yak68007pw272 0YAK68007PW,Koton,ürün görselinde viskon pamuk yazıyor ama polyester geldi,Negatif
Aşırı sevimli bir elbise,4,Kadın Pembe Poplin Balon Kollu Mini Pamuklu Elbise 1YAK82174UW,Koton,aşırı sevimli bir elbise,Pozitif
Aşırı tatlı bir elbise rengi falan harika,4,Kadın Pembe Poplin Balon Kollu Mini Pamuklu Elbise 1YAK82174UW,Koton,aşırı tatlı bir elbise rengi falan harika,Pozitif
"Boyum 1.65 kilom 59, 38 beden çok güzel oldu tam bedeninizde alın bence ama ürünün tek sıkıntısı mağazada ki daha şeker pembeydi bu biraz daha toz pembe o yüzden bir puan kırdım",4,Kadın Pembe Poplin Balon Kollu Mini Pamuklu Elbise 1YAK82174UW,Koton,boyum kilom beden çok güzel oldu tam bedeninizde alın bence ama ürünün tek sıkıntısı mağazada ki daha şeker pembeydi bu biraz daha toz pembe o yüzden bir puan kırdım,Pozitif
44 beden kıyafet giyen biriyim aşırı kilolu durduyor almayın,1,Kadın Pembe Poplin Balon Kollu Mini Pamuklu Elbise 1YAK82174UW,Koton,beden kıyafet giyen biriyim aşırı kilolu durduyor almayın,Negatif
Ürün güzel dalar rengi o kadar canlı değil,4,Kadın Pembe Poplin Balon Kollu Mini Pamuklu Elbise 1YAK82174UW,Koton,ürün güzel dalar rengi o kadar canlı değil,Pozitif
Gayet güzel bir elbise önerilir,4,Kısa Kollu Elbise Pamuklu Poplin 1YAL88053IW,Koton,gayet güzel bir elbise önerilir,Pozitif
İç gösteriyor,2,Kısa Kollu Elbise Pamuklu Poplin 1YAL88053IW,Koton,iç gösteriyor,Negatif
Kalıbı büyük bir ürün 65 kg m beden bile gayet bol oldu,3,Kısa Kollu Elbise Pamuklu Poplin 1YAL88053IW,Koton,kalıbı büyük bir ürün kg m beden bile gayet bol oldu,Nötr
rengi göründüğünden biraz daha açık. çok genis bir model,3,Kısa Kollu Elbise Pamuklu Poplin 1YAL88053IW,Koton,rengi göründüğünden biraz daha açık çok genis bir model,Nötr
"Babama babalar günü hediyesi olarak aldım. Çok beğendi ,kumaşı kaliteli tavsiye ederim .",3,Erkek %100 Pamuk Lacivert Düz Alttan Britli Yaka Regular Fit Kısa Kol Vual Gömlek E002210,Avva,babama babalar günü hediyesi olarak aldım çok beğendi kumaşı kaliteli tavsiye ederim,Nötr
transparan olarak girebilirsiniz,1,Erkek %100 Pamuk Lacivert Düz Alttan Britli Yaka Regular Fit Kısa Kol Vual Gömlek E002210,Avva,transparan olarak girebilirsiniz,Negatif
Güzel yazlık bir kumaşı var,4,Erkek %100 Pamuk Lacivert Düz Alttan Britli Yaka Regular Fit Kısa Kol Vual Gömlek E002210,Avva,güzel yazlık bir kumaşı var,Pozitif
%100 pamuk yazıp polyester içeren ürün satamazsınız. Müşteri ilişkilerini umursamıyorsunuz sanırım.,1,Relax Fit Bisiklet Yaka Kısa Kollu Tişört W7299AZ22SM,Defacto,pamuk yazıp polyester içeren ürün satamazsınız müşteri ilişkilerini umursamıyorsunuz sanırım,Negatif
"3 adet t-shirt aldım hepsine 100% pamuk yazmışlardı ama değil, sentetik karışımı var hepsinin.",1,Relax Fit Bisiklet Yaka Kısa Kollu Tişört W7299AZ22SM,Defacto,adet tshirt aldım hepsine pamuk yazmışlardı ama değil sentetik karışımı var hepsinin,Negatif
Rengi çok güzel fakat dekoltesi var,3,U Yaka Kısa Kollu Tişört 0YAK13796EK,Koton,rengi çok güzel fakat dekoltesi var,Nötr
Güzel bir tulum ama bedenleri tam değil,3,Sortlu Tulum Pamuklu 1YAK48104PW,Koton,güzel bir tulum ama bedenleri tam değil,Nötr
Cok şık cok güzel ama şort kısmı cok kıssa ama rahatsi olmayan alabilir,4,Sortlu Tulum Pamuklu 1YAK48104PW,Koton,cok şık cok güzel ama şort kısmı cok kıssa ama rahatsi olmayan alabilir,Pozitif
Potluk var ben sevemedim,3,Sortlu Tulum Pamuklu 1YAK48104PW,Koton,potluk var ben sevemedim,Nötr
çok güzel rahat,3,Sortlu Tulum Pamuklu 1YAK48104PW,Koton,çok güzel rahat,Nötr
Ürünü mağazada görüp denemiştim normalde 38 beden giyiyorum ancak biraz büyük geldi 36 aldım tam oldu. Hem şık hem spor kombin yapılabilecek güzel bir parça aynı zamanda kumaşı da çok kaliteli,3,Sortlu Tulum Pamuklu 1YAK48104PW,Koton,ürünü mağazada görüp denemiştim normalde beden giyiyorum ancak biraz büyük geldi aldım tam oldu hem şık hem spor kombin yapılabilecek güzel bir parça aynı zamanda kumaşı da çok kaliteli,Nötr
kızıma aldım 38 beden. ona olmadı 42 bedenim ve bana oldu beden olarak çok buyuk,3,Sortlu Tulum Pamuklu 1YAK48104PW,Koton,kızıma aldım beden ona olmadı bedenim ve bana oldu beden olarak çok buyuk,Nötr
rengi iş forması gibi bişi,3,Sortlu Tulum Pamuklu 1YAK48104PW,Koton,rengi iş forması gibi bişi,Nötr
etiketsiz yolladılar,1,Sortlu Tulum Pamuklu 1YAK48104PW,Koton,etiketsiz yolladılar,Negatif
"salaş modelmiş, M aldım, L gibi durdu ama güzel",4,Kadın Baskili Tisört Bisiklet Yaka Pamuklu 1YAL18583IK,Koton,salaş modelmiş m aldım l gibi durdu ama güzel,Pozitif
Çok guzel ve rahat ❤️❤️❤️,4,Kadın Baskili Tisört Bisiklet Yaka Pamuklu 1YAL18583IK,Koton,çok guzel ve rahat,Pozitif
gorundugu gibi geldi,4,Kadın Baskili Tisört Bisiklet Yaka Pamuklu 1YAL18583IK,Koton,gorundugu gibi geldi,Pozitif
gündelik giymeye gayet güzel,4,Kadın Baskili Tisört Bisiklet Yaka Pamuklu 1YAL18583IK,Koton,gündelik giymeye gayet güzel,Pozitif
birakin 40 tl yi 5 tl etmez begenmedim,2,Kadın Baskili Tisört Bisiklet Yaka Pamuklu 1YAL18583IK,Koton,birakin tl yi tl etmez begenmedim,Negatif
çok güzel rengi canlı,4,Kadın Baskili Tisört Bisiklet Yaka Pamuklu 1YAL18583IK,Koton,çok güzel rengi canlı,Pozitif
Teşekkürler 🤩,4,Kadın Baskili Tisört Bisiklet Yaka Pamuklu 1YAL18583IK,Koton,teşekkürler,Pozitif
penyesi güzel fiyatına göre,3,Kadın Baskili Tisört Bisiklet Yaka Pamuklu 1YAL18583IK,Koton,penyesi güzel fiyatına göre,Nötr
"eşim evde giymek için almıştı,doğru tercihmiş. tshirt diye alırsanız bilin ki gerçekten dışarıda giyilmez.bildiğiniz pijama üstü çünkü.",2,Kadın Baskili Tisört Bisiklet Yaka Pamuklu 1YAL18583IK,Koton,eşim evde giymek için almıştıdoğru tercihmiş tshirt diye alırsanız bilin ki gerçekten dışarıda giyilmezbildiğiniz pijama üstü çünkü,Negatif
Biraz geniş kalıp,4,Kadın Baskili Tisört Bisiklet Yaka Pamuklu 1YAL18583IK,Koton,biraz geniş kalıp,Pozitif
Her yeri pamuklanmış ürün yollamak nedir ya? Hiç mi kontrol edilmiyor bunlar?,1,Slim Fit Basic Tişört 2SAM10389HK,Koton,her yeri pamuklanmış ürün yollamak nedir ya hiç mi kontrol edilmiyor bunlar,Negatif
Elbise pamuklu yazlık kumaş. Elbisenin astarı yok. Astarsız kesinlikle giyilmez. Kargolama çok hızlı idi.,4,Kadın Pembe Çizgili Elbise 0YAK88668PW,Koton,elbise pamuklu yazlık kumaş elbisenin astarı yok astarsız kesinlikle giyilmez kargolama çok hızlı idi,Pozitif
çok geniş kalıp,4,Fit Relax Fit Floral Pamuklu Plaj Kıyafeti W2985AZ21HS,Defacto,çok geniş kalıp,Pozitif
Tam beden alınabilir ortalam bir ürün,4,Slim Fit Bisiklet Yaka Pamuklu Atlet I1059AZ22SM,Defacto,tam beden alınabilir ortalam bir ürün,Pozitif
M giyiyorum dar olur diye l aldım keşke kendi bedenimi alsaydım,3,Slim Fit Bisiklet Yaka Pamuklu Atlet I1059AZ22SM,Defacto,m giyiyorum dar olur diye l aldım keşke kendi bedenimi alsaydım,Nötr
Gorseldekiyle alakasi olmayan farkli bi renk gonderilmis,1,Slim Fit Bisiklet Yaka Pamuklu Atlet I1059AZ22SM,Defacto,gorseldekiyle alakasi olmayan farkli bi renk gonderilmis,Negatif
dar cok dar,2,Slim Fit Bisiklet Yaka Pamuklu Atlet I1059AZ22SM,Defacto,dar cok dar,Negatif
Boyu biraz uzun nişanlım için almıştık ama geri gönderdik,3,Erkek Siyah Swoosh Yazlık Ince Pamuklu Şort 905421-010TWC,Nike,boyu biraz uzun nişanlım için almıştık ama geri gönderdik,Nötr
Kumaşın pek beğenemedim ama üstte güzel duruyor,2,Erkek Siyah Swoosh Yazlık Ince Pamuklu Şort 905421-010TWC,Nike,kumaşın pek beğenemedim ama üstte güzel duruyor,Negatif
Kumaşı marka orjinalinden epey daha kalın.,1,Nefes Istanbul X Regular Fit Desenli Pamuklu Kimono X9178AZ22HS,Defacto,kumaşı marka orjinalinden epey daha kalın,Negatif
beğendik çok rahat,4,Erkek %100 Pamuk Beyaz Bisiklet Yaka Düz T-Shirt E001028,Avva,beğendik çok rahat,Pozitif
beş para etmez. bildiğin atlet,1,Erkek %100 Pamuk Beyaz Bisiklet Yaka Düz T-Shirt E001028,Avva,beş para etmez bildiğin atlet,Negatif
vasat bir ürün avva ile hıç alakası yok iade ettim almayın derim👎,2,Erkek %100 Pamuk Beyaz Bisiklet Yaka Düz T-Shirt E001028,Avva,vasat bir ürün avva ile hıç alakası yok iade ettim almayın derim,Negatif
Ekranda göründüğü gibi değil.,2,Erkek %100 Pamuk Beyaz Bisiklet Yaka Düz T-Shirt E001028,Avva,ekranda göründüğü gibi değil,Negatif
Tek yıldızı dahi haketmiyor paranıza yazık etmeyin .!,1,Erkek %100 Pamuk Beyaz Bisiklet Yaka Düz T-Shirt E001028,Avva,tek yıldızı dahi haketmiyor paranıza yazık etmeyin,Negatif
fotoğraftaki ürünle hiç alakasj yok sosyete pazarından gelmiş gibi ürün.,1,Erkek %100 Pamuk Beyaz Bisiklet Yaka Düz T-Shirt E001028,Avva,fotoğraftaki ürünle hiç alakasj yok sosyete pazarından gelmiş gibi ürün,Negatif
Görselde ki ürün gelmedi. Ürün Long Fit. Ona göre sipariş verin.,1,Erkek %100 Pamuk Beyaz Bisiklet Yaka Düz T-Shirt E001028,Avva,görselde ki ürün gelmedi ürün long fit ona göre sipariş verin,Negatif
Aynı ürün gelmediği için iade ettim,1,Erkek %100 Pamuk Beyaz Bisiklet Yaka Düz T-Shirt E001028,Avva,aynı ürün gelmediği için iade ettim,Negatif
Ürün beş para etmez bildiğin atlet sayfadakiyle alakası yok madem sayfadaki ürünü göndermeyeceksiniz neden başka ürün gönderiyorsunuz insanlarla dalga geçmeyin avva kalitesine yakışmıyor yazık,1,Erkek %100 Pamuk Beyaz Bisiklet Yaka Düz T-Shirt E001028,Avva,ürün beş para etmez bildiğin atlet sayfadakiyle alakası yok madem sayfadaki ürünü göndermeyeceksiniz neden başka ürün gönderiyorsunuz insanlarla dalga geçmeyin avva kalitesine yakışmıyor yazık,Negatif
çok kötü değil elbise niyetine giyilebilir s beden,1,Erkek %100 Pamuk Beyaz Bisiklet Yaka Düz T-Shirt E001028,Avva,çok kötü değil elbise niyetine giyilebilir s beden,Negatif
Bana gelen t-shirt AVVA arması yok,1,Erkek %100 Pamuk Beyaz Bisiklet Yaka Düz T-Shirt E001028,Avva,bana gelen tshirt avva arması yok,Negatif
sol göğüsteki ablem yok . içlik olarak giyilen yaşlı amcalarin atleti gibi durdu teşekkürler avva bu sondu . kargoyla uğraşmak istemiyorum.,1,Erkek %100 Pamuk Beyaz Bisiklet Yaka Düz T-Shirt E001028,Avva,sol göğüsteki ablem yok içlik olarak giyilen yaşlı amcalarin atleti gibi durdu teşekkürler avva bu sondu kargoyla uğraşmak istemiyorum,Negatif
arkdas ben boyle bir beden kalıbı görmedim M aldik Xl kalıp geldi resmen,1,Erkek %100 Pamuk Beyaz Bisiklet Yaka Düz T-Shirt E001028,Avva,arkdas ben boyle bir beden kalıbı görmedim m aldik xl kalıp geldi resmen,Negatif
kalitesi hoşuma gitmedi bide defolu ürün kargoda geç. geldi iade sürem dolduğundan dolayı iadede edemedim,1,Erkek %100 Pamuk Beyaz Bisiklet Yaka Düz T-Shirt E001028,Avva,kalitesi hoşuma gitmedi bide defolu ürün kargoda geç geldi iade sürem dolduğundan dolayı iadede edemedim,Negatif
Alırıken resimde avva logosu vardı tışort logosuz gelmiş 2 adet tişort,1,Erkek %100 Pamuk Beyaz Bisiklet Yaka Düz T-Shirt E001028,Avva,alırıken resimde avva logosu vardı tışort logosuz gelmiş adet tişort,Negatif
Ürün çok bol iade edildi,3,Erkek %100 Pamuk Beyaz Bisiklet Yaka Düz T-Shirt E001028,Avva,ürün çok bol iade edildi,Nötr
Bedeni çok büyük ürün resimdekilerden fafklı logosu yok,1,Erkek %100 Pamuk Beyaz Bisiklet Yaka Düz T-Shirt E001028,Avva,bedeni çok büyük ürün resimdekilerden fafklı logosu yok,Negatif
Atlet kumaşı gibi çok ince beğenmedim,1,Erkek %100 Pamuk Beyaz Bisiklet Yaka Düz T-Shirt E001028,Avva,atlet kumaşı gibi çok ince beğenmedim,Negatif
Ürünün kumaş kalitesi oldukça iyi. 185cm boy 93 kg için L beden tercih ettik.,4,Erkek %100 Pamuk Beyaz Bisiklet Yaka Düz T-Shirt E001028,Avva,ürünün kumaş kalitesi oldukça iyi cm boy kg için l beden tercih ettik,Pozitif
"Daha önce aldığımı severek giyiyordum. Tekrar aldım fakat öncekiyle alakası yok, Logosu yok, kalıp farklı. 1.80 boyum var M beden dizlerime geldi neredeyse. İADE.. Zaman kaybı.",1,Erkek %100 Pamuk Beyaz Bisiklet Yaka Düz T-Shirt E001028,Avva,daha önce aldığımı severek giyiyordum tekrar aldım fakat öncekiyle alakası yok logosu yok kalıp farklı boyum var m beden dizlerime geldi neredeyse iade zaman kaybı,Negatif
Kaliteli ama uzun geldiği için iade ettik,3,Erkek %100 Pamuk Beyaz Bisiklet Yaka Düz T-Shirt E001028,Avva,kaliteli ama uzun geldiği için iade ettik,Nötr
güzel ürün,4,Coool Oversize Fit Bisiklet Yaka Baskılı Pamuklu Penye Tişört X3927AZ22SM,Defacto,güzel ürün,Pozitif
Güzeldi kaliteli beğendim,3,Coool Oversize Fit Bisiklet Yaka Baskılı Pamuklu Penye Tişört X3927AZ22SM,Defacto,güzeldi kaliteli beğendim,Nötr
İdare eder. Bol giyim ürünlere göre tasarım pek iyi değil.,3,Coool Oversize Fit Bisiklet Yaka Baskılı Pamuklu Penye Tişört X3927AZ22SM,Defacto,idare eder bol giyim ürünlere göre tasarım pek iyi değil,Nötr
"Urun cok guzel fakat bir beden kucuk almama ragmen bile cok bol oldu, bu yuzden iade etmek zorunda kaldim.",4,Coool Oversize Fit Bisiklet Yaka Baskılı Pamuklu Penye Tişört X3927AZ22SM,Defacto,urun cok guzel fakat bir beden kucuk almama ragmen bile cok bol oldu bu yuzden iade etmek zorunda kaldim,Pozitif
yani bir çuval misali adeta. Hani ağzını büzüp kurutmalıkları ya da yünü yıkayıp koyabilir miyim diye düşündüm de. Yok valla ona bile büyük bu kadar ne yünğm ne de kurutmalık alacak param var. Hani abartıdız 120 kilo ve üstü S bedene çok rahat sığabilir.,1,Coool Oversize Fit Bisiklet Yaka Baskılı Pamuklu Penye Tişört X3927AZ22SM,Defacto,yani bir çuval misali adeta hani ağzını büzüp kurutmalıkları ya da yünü yıkayıp koyabilir miyim diye düşündüm de yok valla ona bile büyük bu kadar ne yünğm ne de kurutmalık alacak param var hani abartıdız kilo ve üstü s bedene çok rahat sığabilir,Negatif
öncelikle kendi bedeninizi alınız gayet şık ve oversize duruyo ürünün kalitesine diyecek bir kelimem yok gayet hoş fakat bu baskıs kısmı biraz sıkıntılı 6-7 yıkamada soyulmaya başlar diye düşünüyorum ama kalite mükemmel,4,Coool Oversize Fit Bisiklet Yaka Baskılı Pamuklu Penye Tişört X3927AZ22SM,Defacto,öncelikle kendi bedeninizi alınız gayet şık ve oversize duruyo ürünün kalitesine diyecek bir kelimem yok gayet hoş fakat bu baskıs kısmı biraz sıkıntılı yıkamada soyulmaya başlar diye düşünüyorum ama kalite mükemmel,Pozitif
idare eder indirimde alına bilir,4,Modern Fit Polo Yaka Basic Kısa Kollu Pamuklu Penye Tişört W3910AZ21HS,Defacto,idare eder indirimde alına bilir,Pozitif
ürün güzel ama kargo çok yavaş,1,Modern Fit Polo Yaka Basic Kısa Kollu Pamuklu Penye Tişört W3910AZ21HS,Defacto,ürün güzel ama kargo çok yavaş,Negatif
çok kaliteli değil,1,Modern Fit Polo Yaka Basic Kısa Kollu Pamuklu Penye Tişört W3910AZ21HS,Defacto,çok kaliteli değil,Negatif
Kumaşını beğenmedim polyester bir ürün,1,Modern Fit Polo Yaka Basic Kısa Kollu Pamuklu Penye Tişört W3910AZ21HS,Defacto,kumaşını beğenmedim polyester bir ürün,Negatif
esime tam oldu kendi bedeninden 1 beden buyuk aldim kumasi kalitesi cok guzel,4,Modern Fit Polo Yaka Basic Kısa Kollu Pamuklu Penye Tişört W3910AZ21HS,Defacto,esime tam oldu kendi bedeninden beden buyuk aldim kumasi kalitesi cok guzel,Pozitif
garip bir kumaşı var.gri gibi duruyor ve iç gösteriyor,3,Modern Fit Polo Yaka Basic Kısa Kollu Pamuklu Penye Tişört W3910AZ21HS,Defacto,garip bir kumaşı vargri gibi duruyor ve iç gösteriyor,Nötr
güzel bence,4,Omuz Dekolteli Baskili Kisa Kollu Bliz 0YAK63411EW,Koton,güzel bence,Pozitif
Çok guzel bayıldım,3,Omuz Dekolteli Baskili Kisa Kollu Bliz 0YAK63411EW,Koton,çok guzel bayıldım,Nötr
eh işte fiyatina gore güzel daha yüksek bir fiyati hakketmiyor,3,Omuz Dekolteli Baskili Kisa Kollu Bliz 0YAK63411EW,Koton,eh işte fiyatina gore güzel daha yüksek bir fiyati hakketmiyor,Nötr
"Yaz için ideal bir parça, renkleri de hoş.",3,Omuz Dekolteli Baskili Kisa Kollu Bliz 0YAK63411EW,Koton,yaz için ideal bir parça renkleri de hoş,Nötr
güzel ama çok kısa ve küçük beden,4,Omuz Dekolteli Baskili Kisa Kollu Bliz 0YAK63411EW,Koton,güzel ama çok kısa ve küçük beden,Pozitif
ürün güzel ama boyu kısa olduğu için iade edicem,4,Omuz Dekolteli Baskili Kisa Kollu Bliz 0YAK63411EW,Koton,ürün güzel ama boyu kısa olduğu için iade edicem,Pozitif
Renkleri görseldeki gibi omuz kısmı lastikleri gayet sıkı kıpırdamaz yapmaz diye düşünüyorum. Fiyat olarak alınabilecek bir ürün indirimde almanız tavsiye ederim. Daha fazla fiyat ederi olan bir ürün değil. Ben 75 kg 42 beden tam oldu hafif bol durdu. alacaklar olanlar ona göre dikkat edebilir,4,Omuz Dekolteli Baskili Kisa Kollu Bliz 0YAK63411EW,Koton,renkleri görseldeki gibi omuz kısmı lastikleri gayet sıkı kıpırdamaz yapmaz diye düşünüyorum fiyat olarak alınabilecek bir ürün indirimde almanız tavsiye ederim daha fazla fiyat ederi olan bir ürün değil ben kg beden tam oldu hafif bol durdu alacaklar olanlar ona göre dikkat edebilir,Pozitif
yıkamadan sonra beyaz beyaz çizgi oluştu,3,Omuz Dekolteli Baskili Kisa Kollu Bliz 0YAK63411EW,Koton,yıkamadan sonra beyaz beyaz çizgi oluştu,Nötr
Daha çok pamuklu olmasını isterdik eşime aldım bayıldı,4,Fred Kapüşonlu Gri Erkek Sweatshirt 920899,HUMMEL,daha çok pamuklu olmasını isterdik eşime aldım bayıldı,Pozitif
kesinlikle tavsiye etmiyorum.giydiginiz zaman pamuklu herhangi birşeye oturamiyorsunuz.kesinlikle başka markadan bakın siyah renk için bin pişmanım aldığıma.,1,Leo Siyah Jean Pantolon 0076223313,Mavi,kesinlikle tavsiye etmiyorumgiydiginiz zaman pamuklu herhangi birşeye oturamiyorsunuzkesinlikle başka markadan bakın siyah renk için bin pişmanım aldığıma,Negatif
"Ürün aynı fotoğrafta göründüğü gibi, kalıbı biraz bol, 159 cm boyundayım, paça boyunu kısalttırmam gerekti, onun haricinde gayet güzel bir ürün. ürün acayip pamuk döküyor. SON BIR GUNCELLEME KESINLIKLE TAVSİYE ETMİYORUM, HENUZ ILK YIKANMASI VE KUMAŞI PARÇAŞANIYOR VE FERMUARI PATLADI, ÇOK YAZIK",1,Kadın Lila Jeans 2WAL40018MW,Koton,ürün aynı fotoğrafta göründüğü gibi kalıbı biraz bol cm boyundayım paça boyunu kısalttırmam gerekti onun haricinde gayet güzel bir ürün ürün acayip pamuk döküyor son bir guncelleme kesinlikle tavsiye etmiyorum henuz ilk yikanmasi ve kumaşi parçaşaniyor ve fermuari patladi çok yazik,Negatif
Beğenmedim iyi durmuyo,1,Minimal Yazı Baskılı Organik Pamuklu&nbsp;oversize Fit&nbsp;tişört T7793AZ21SM,Defacto,beğenmedim iyi durmuyo,Negatif
Fena değildi,3,Minimal Yazı Baskılı Organik Pamuklu&nbsp;oversize Fit&nbsp;tişört T7793AZ21SM,Defacto,fena değildi,Nötr
çok bol ama kaliteli bir beden küçük alınabilir,3,Minimal Yazı Baskılı Organik Pamuklu&nbsp;oversize Fit&nbsp;tişört T7793AZ21SM,Defacto,çok bol ama kaliteli bir beden küçük alınabilir,Nötr
cok beğendim,4,Minimal Yazı Baskılı Organik Pamuklu&nbsp;oversize Fit&nbsp;tişört T7793AZ21SM,Defacto,cok beğendim,Pozitif
gayet şık ve rahat,4,Minimal Yazı Baskılı Organik Pamuklu&nbsp;oversize Fit&nbsp;tişört T7793AZ21SM,Defacto,gayet şık ve rahat,Pozitif
Güzel tişört beğendim S beden aldım 160 boy 50 kiloyum tam güzel oldu yani aynı resimdekiyle ic falan göstermiyor fazla,4,Minimal Yazı Baskılı Organik Pamuklu&nbsp;oversize Fit&nbsp;tişört T7793AZ21SM,Defacto,güzel tişört beğendim s beden aldım boy kiloyum tam güzel oldu yani aynı resimdekiyle ic falan göstermiyor fazla,Pozitif
Çocuklarıma aldım,4,Minimal Yazı Baskılı Organik Pamuklu&nbsp;oversize Fit&nbsp;tişört T7793AZ21SM,Defacto,çocuklarıma aldım,Pozitif
Kalitesi güzel ama bol kalıp bir beden küçük alınılabilir,4,Minimal Yazı Baskılı Organik Pamuklu&nbsp;oversize Fit&nbsp;tişört T7793AZ21SM,Defacto,kalitesi güzel ama bol kalıp bir beden küçük alınılabilir,Pozitif
alacak olan bir beden küçük alsın aşırı bol,3,Minimal Yazı Baskılı Organik Pamuklu&nbsp;oversize Fit&nbsp;tişört T7793AZ21SM,Defacto,alacak olan bir beden küçük alsın aşırı bol,Nötr
Kalıbı duruşu rengi çok güzel,3,Düğmeli Ekose Kaban 2KAK23238EW,Koton,kalıbı duruşu rengi çok güzel,Nötr
kalıbını beğenmedim iade edicem,2,Düğmeli Ekose Kaban 2KAK23238EW,Koton,kalıbını beğenmedim iade edicem,Negatif
40 beden olmama ragmen 38 aldim yinede cox buyuk oldu.kalitesi kalinligi her sey cok guzel fakat cok asiri bol.oversize gibi durmuyor mecburen terzide hall edicem,4,Düğmeli Ekose Kaban 2KAK23238EW,Koton,beden olmama ragmen aldim yinede cox buyuk oldukalitesi kalinligi her sey cok guzel fakat cok asiri boloversize gibi durmuyor mecburen terzide hall edicem,Pozitif
çok kalın battaniye gibi,3,Düğmeli Ekose Kaban 2KAK23238EW,Koton,çok kalın battaniye gibi,Nötr
Bekledıgımden kalın çok güzel,4,Düğmeli Ekose Kaban 2KAK23238EW,Koton,bekledıgımden kalın çok güzel,Pozitif
Beğenerek kullanıyorum. Fotoğrafda göründüğü gibi geldi.,3,Düğmeli Ekose Kaban 2KAK23238EW,Koton,beğenerek kullanıyorum fotoğrafda göründüğü gibi geldi,Nötr
Burada göründüğü gibi değil. Kötü. Ön dekolte biçimsiz.,1,Kadın Mavi Desenli Elbise 0YAL88109IW,Koton,burada göründüğü gibi değil kötü ön dekolte biçimsiz,Negatif
beğendim gayet başarılı,4,Regular Fit Beli Bağcıklı Pamuklu Penye Şort V2293AZ21SM,Defacto,beğendim gayet başarılı,Pozitif
duruşu çok guzel,4,Pamuklu Şort 1YAM41230BW,Koton,duruşu çok guzel,Pozitif
Güzel pamuklu,4,2yal18508ık Kadın T-shirt Bordo 22YY59000146,Koton,güzel pamuklu,Pozitif
göründüğü gibi geliyor xs söylememe rağmen yine de boldu salaş bir model alınabilir güzel,4,Pamuklu Bisiklet Yaka Kisa Kollu Vatkali Tisört 1YAL18542IK,Koton,göründüğü gibi geliyor xs söylememe rağmen yine de boldu salaş bir model alınabilir güzel,Pozitif
beğenmedim istediğim gibi degildi,1,Pamuklu Bisiklet Yaka Kisa Kollu Vatkali Tisört 1YAL18542IK,Koton,beğenmedim istediğim gibi degildi,Negatif
fena degil,4,Pamuklu Bisiklet Yaka Kisa Kollu Vatkali Tisört 1YAL18542IK,Koton,fena degil,Pozitif
Yani indirimde aldım o yüzden beğendim 25 lira üstü etmez kumaşı kötü,3,Pamuklu Bisiklet Yaka Kisa Kollu Vatkali Tisört 1YAL18542IK,Koton,yani indirimde aldım o yüzden beğendim lira üstü etmez kumaşı kötü,Nötr
yani evde giymelik tişört,2,Slim Fit Bisiklet Yaka Çizgi Desenli Kısa Kollu Pamuklu Penye Tişört X3783AZ22SM,Defacto,yani evde giymelik tişört,Negatif
Dekoltesi baya var tam yazlık,4,Kadın Siyah Dantel Detayli Elbise 0YAK88013PW,Koton,dekoltesi baya var tam yazlık,Pozitif
ön dekoltesi biraz fazla ama çok güzel,4,Kadın Siyah Dantel Detayli Elbise 0YAK88013PW,Koton,ön dekoltesi biraz fazla ama çok güzel,Pozitif
harika bi bluz ama omuz detayı bol baya 😔,4,Slim Fit Bisiklet Yaka Omuz Dekolteli Desenli Uzun Kollu Bluz Y0693AZ22SP,Defacto,harika bi bluz ama omuz detayı bol baya,Pozitif
xs olmadigi icin s almistim.ama boyuk qalirdi qollari. ciyin kismi dusuyordu. terzide hall etdim.,3,Slim Fit Bisiklet Yaka Omuz Dekolteli Desenli Uzun Kollu Bluz Y0693AZ22SP,Defacto,xs olmadigi icin s almistimama boyuk qalirdi qollari ciyin kismi dusuyordu terzide hall etdim,Nötr
Ürün güzel tek sorunu dekolte kısmında potluk oluyor.,4,Slim Fit Bisiklet Yaka Omuz Dekolteli Desenli Uzun Kollu Bluz Y0693AZ22SP,Defacto,ürün güzel tek sorunu dekolte kısmında potluk oluyor,Pozitif
Askısı sürekli düşüyor beğenmedim,2,Slim Fit Bisiklet Yaka Omuz Dekolteli Desenli Uzun Kollu Bluz Y0693AZ22SP,Defacto,askısı sürekli düşüyor beğenmedim,Negatif
Kalitesi güzel beklediğimden bir tık bol geldi.,4,Erkek %100 Pamuk Siyah Bisiklet Yaka Baskılı T-shirt A12Y1054,Avva,kalitesi güzel beklediğimden bir tık bol geldi,Pozitif
Pamuklu güzel bi tişört fakat rengi solacak gibi bir his uyandırıyor,3,Kadın Siyah T-shirt - Dp2361 DP2361,adidas,pamuklu güzel bi tişört fakat rengi solacak gibi bir his uyandırıyor,Nötr
kalıbı çok geniş yüksek bel 1 beden küçük alınmalı,3,Kadın Cepli Sort Pamuklu 1YAK02493EK,Koton,kalıbı çok geniş yüksek bel beden küçük alınmalı,Nötr
1.70 boyda boyu cok ideal kumasinda biraz polyester var ama terletecek kadar degil evlik bir sort,4,Kadın Cepli Sort Pamuklu 1YAK02493EK,Koton,boyda boyu cok ideal kumasinda biraz polyester var ama terletecek kadar degil evlik bir sort,Pozitif
164 boy 50 kilo s beli büyük oldu ama düşmüyor sadece benim istemediğim bir şekilde durdu içten lastik takacağım rengi çok güzel tam göründüğü gibi,4,Kadın Cepli Sort Pamuklu 1YAK02493EK,Koton,boy kilo s beli büyük oldu ama düşmüyor sadece benim istemediğim bir şekilde durdu içten lastik takacağım rengi çok güzel tam göründüğü gibi,Pozitif
Bedeni tam aslında ama göğüs dekoltesi fazla geldi,4,Volanlı Fırfır Detaylı V Yaka Mayo 2SAK20050BM,Koton,bedeni tam aslında ama göğüs dekoltesi fazla geldi,Pozitif
çok buyuk bir beden küçük alin,4,Fit Nba Lisanslı Pamuklu Penye Tişört V0773AZ22SM,Defacto,çok buyuk bir beden küçük alin,Pozitif
çok güzel tam bedeninizi alabilirsiniz,4,Coool Oversize Fit Sırt Baskılı Bisiklet Yaka Kısa Kollu Pamuklu Tişört X0967AZ22SM,Defacto,çok güzel tam bedeninizi alabilirsiniz,Pozitif
çok beğendim ama aşırı büyük s beden bile xl gibi ona göre alın,4,Coool Oversize Fit Sırt Baskılı Bisiklet Yaka Kısa Kollu Pamuklu Tişört X0967AZ22SM,Defacto,çok beğendim ama aşırı büyük s beden bile xl gibi ona göre alın,Pozitif
Bedenleri çook büyük m giyen xxs sipariş verebilir o derece,1,Coool Oversize Fit Sırt Baskılı Bisiklet Yaka Kısa Kollu Pamuklu Tişört X0967AZ22SM,Defacto,bedenleri çook büyük m giyen xxs sipariş verebilir o derece,Negatif
m beden aldım 1.60 boyundayım kolları iyi ama boyu uzun geldi biraz bana çok guzel ama zaten benim için sorun olmadı bol seviyorum ben tavsiye ederim,4,Coool Oversize Fit Sırt Baskılı Bisiklet Yaka Kısa Kollu Pamuklu Tişört X0967AZ22SM,Defacto,m beden aldım boyundayım kolları iyi ama boyu uzun geldi biraz bana çok guzel ama zaten benim için sorun olmadı bol seviyorum ben tavsiye ederim,Pozitif
Güzel ama çok büyük s bedeni xl gibi,3,Coool Oversize Fit Sırt Baskılı Bisiklet Yaka Kısa Kollu Pamuklu Tişört X0967AZ22SM,Defacto,güzel ama çok büyük s bedeni xl gibi,Nötr
Oversize e taytın üzerine çok güzel oluyor,4,Coool Oversize Fit Sırt Baskılı Bisiklet Yaka Kısa Kollu Pamuklu Tişört X0967AZ22SM,Defacto,oversize e taytın üzerine çok güzel oluyor,Pozitif
"yumusacikkkk bayildimmm , m bile bayagi oversize duruyor yalnizca beyazdan oturu iç gösteriyor",4,Coool Oversize Fit Sırt Baskılı Bisiklet Yaka Kısa Kollu Pamuklu Tişört X0967AZ22SM,Defacto,yumusacikkkk bayildimmm m bile bayagi oversize duruyor yalnizca beyazdan oturu iç gösteriyor,Pozitif
çok güzel bir dokuya sahip özellikle de modeli sadece fazla büyük ve beyaz ağırlıklı geldi bana yoksa model göründüğü gibi hoş ve rahat🤍,4,Coool Oversize Fit Sırt Baskılı Bisiklet Yaka Kısa Kollu Pamuklu Tişört X0967AZ22SM,Defacto,çok güzel bir dokuya sahip özellikle de modeli sadece fazla büyük ve beyaz ağırlıklı geldi bana yoksa model göründüğü gibi hoş ve rahat,Pozitif
Kısa boylular için malesef elbise gibi ama kalitesi güzel,4,Coool Oversize Fit Sırt Baskılı Bisiklet Yaka Kısa Kollu Pamuklu Tişört X0967AZ22SM,Defacto,kısa boylular için malesef elbise gibi ama kalitesi güzel,Pozitif
ya deseni harika ama kalıbı o kadar bol ki… yani tamam oversize oldugunu biliyorum ama bu ürün exxxttttrrraa oversize. beğenmedim:/,1,Coool Oversize Fit Sırt Baskılı Bisiklet Yaka Kısa Kollu Pamuklu Tişört X0967AZ22SM,Defacto,ya deseni harika ama kalıbı o kadar bol ki yani tamam oversize oldugunu biliyorum ama bu ürün exxxttttrrraa oversize beğenmedim,Negatif
Kumaşı çok ince 2 yıkama sonra ev tshirti olur :(,4,Coool Oversize Fit Sırt Baskılı Bisiklet Yaka Kısa Kollu Pamuklu Tişört X0967AZ22SM,Defacto,kumaşı çok ince yıkama sonra ev tshirti olur,Pozitif
Rengi dokusu çok iyi ama beden olarak büyük bu yüzden iade edip Bi küçüğünü alacam,3,Boxy Fit Bisiklet Yaka Baskılı Pamuklu Penye Tişört X5886AZ22SM,Defacto,rengi dokusu çok iyi ama beden olarak büyük bu yüzden iade edip bi küçüğünü alacam,Nötr
gelen tişört çok daha koyu bir mor. burdaki gibi tatlı bir mor değil. kumaşı güzel yumuşak ama model tam oversize gibi değil boxy fit ilk defa denedim boyu normalden uzun ve oversize a göre dar. beğenmediğim için iade edeceğim.,2,Boxy Fit Bisiklet Yaka Baskılı Pamuklu Penye Tişört X5886AZ22SM,Defacto,gelen tişört çok daha koyu bir mor burdaki gibi tatlı bir mor değil kumaşı güzel yumuşak ama model tam oversize gibi değil boxy fit ilk defa denedim boyu normalden uzun ve oversize a göre dar beğenmediğim için iade edeceğim,Negatif
Çok iyi Teşekkür ederim,4,Sportswear Tight Fit Bel Bantlı Yüksek Belli Pamuk Polyester Siyah Tayt DB3900-010 FS,Nike,çok iyi teşekkür ederim,Pozitif
tayt güzel epey topluyo hatta bazen tüm gün giyince karnımı ağrıtıyo,4,Sportswear Tight Fit Bel Bantlı Yüksek Belli Pamuk Polyester Siyah Tayt DB3900-010 FS,Nike,tayt güzel epey topluyo hatta bazen tüm gün giyince karnımı ağrıtıyo,Pozitif
çok kötü hayal kırıklığı resmen,1,Sportswear Tight Fit Bel Bantlı Yüksek Belli Pamuk Polyester Siyah Tayt DB3900-010 FS,Nike,çok kötü hayal kırıklığı resmen,Negatif
Acayip kotu nike kalitesiyle yakindan uzamtan ilgisi yok direk iade,1,Sportswear Tight Fit Bel Bantlı Yüksek Belli Pamuk Polyester Siyah Tayt DB3900-010 FS,Nike,acayip kotu nike kalitesiyle yakindan uzamtan ilgisi yok direk iade,Negatif
Her zamanki gibi super,4,Sportswear Tight Fit Bel Bantlı Yüksek Belli Pamuk Polyester Siyah Tayt DB3900-010 FS,Nike,her zamanki gibi super,Pozitif
Parasına göre çok kalitesiz iç gösteriyor ve iz yapıyor. İadeeeee,1,Sportswear Tight Fit Bel Bantlı Yüksek Belli Pamuk Polyester Siyah Tayt DB3900-010 FS,Nike,parasına göre çok kalitesiz iç gösteriyor ve iz yapıyor iadeeeee,Negatif
"155 boyum XS aldım. Cok uzun boylulara kısa gelecektir. Tayt orijinal mi diye yirmi kez tekrar supheye dustum, orijinalligini anlayamadım kumas kalitesi cok iyi degil dokununca kalitesiz hissettiriyo. Ama fizigi cok guzel gosteriyo, yuksek belli ve kolay kolay acılıp genislemeyecek gibi duruyor. İnceltme gibi bir sey beklemeyin ama kalıbı ve yuksek beliyle guzel gozukuyo.",3,Sportswear Tight Fit Bel Bantlı Yüksek Belli Pamuk Polyester Siyah Tayt DB3900-010 FS,Nike,boyum xs aldım cok uzun boylulara kısa gelecektir tayt orijinal mi diye yirmi kez tekrar supheye dustum orijinalligini anlayamadım kumas kalitesi cok iyi degil dokununca kalitesiz hissettiriyo ama fizigi cok guzel gosteriyo yuksek belli ve kolay kolay acılıp genislemeyecek gibi duruyor inceltme gibi bir sey beklemeyin ama kalıbı ve yuksek beliyle guzel gozukuyo,Nötr
Elbiseye aşık oldum muheysem bir yaz elbisesi,4,Kare Yaka Elbise Çizgili Pamuklu 1YAK83676EW,Koton,elbiseye aşık oldum muheysem bir yaz elbisesi,Pozitif
Bilerek gidip Koton mağazası’nda denedim burda bedenimi seçtim 34 tam oldu burda uygun diye buradan almak istedim ordakiyle alakası yok resmen kumaşı astarını azaltmışlar yeri falan ordakiyle alakasız bu beden 13 yaşındaki çocuğa bile olmaz. Eminimki güzel diyen arkadaşlar Mağazadakini denese bu şekilde ürüne güzel yazmazlar.,1,Kare Yaka Elbise Çizgili Pamuklu 1YAK83676EW,Koton,bilerek gidip koton mağazasında denedim burda bedenimi seçtim tam oldu burda uygun diye buradan almak istedim ordakiyle alakası yok resmen kumaşı astarını azaltmışlar yeri falan ordakiyle alakasız bu beden yaşındaki çocuğa bile olmaz eminimki güzel diyen arkadaşlar mağazadakini denese bu şekilde ürüne güzel yazmazlar,Negatif
çok beğendim ama göğüs kısmı kasdı maalesef iade,4,Kare Yaka Elbise Çizgili Pamuklu 1YAK83676EW,Koton,çok beğendim ama göğüs kısmı kasdı maalesef iade,Pozitif
üst kısım dar,2,Kare Yaka Elbise Çizgili Pamuklu 1YAK83676EW,Koton,üst kısım dar,Negatif
Güzel durmadı üst beden çok dar elbisede bi orantısızlık var,1,Kare Yaka Elbise Çizgili Pamuklu 1YAK83676EW,Koton,güzel durmadı üst beden çok dar elbisede bi orantısızlık var,Negatif
Yıkanınca küçüldü,3,Kare Yaka Elbise Çizgili Pamuklu 1YAK83676EW,Koton,yıkanınca küçüldü,Nötr
Elbise çok güzel de 40 beden aldım herkes dar demiş diye. 40 bile nasıl sıktı. Ki benim göğsüm öyle yoktur. Azıcık göğsü olan 42-44 alsın.,2,Kare Yaka Elbise Çizgili Pamuklu 1YAK83676EW,Koton,elbise çok güzel de beden aldım herkes dar demiş diye bile nasıl sıktı ki benim göğsüm öyle yoktur azıcık göğsü olan alsın,Negatif
Kumaş okey ama bedenleri iğrenç 36 bedenin rahatlıkla olabilmesi gerekir A kesim bir elbise ama göğüs ve o kadar dar ki asla olmuyor 38 bile sütyensiz oluyor daha yukarısına da erişim sağlamadım ama 3 beden büyük falan almak gerek göğsüm bu arada 75 A 163 54 kiloyum,1,Kare Yaka Elbise Çizgili Pamuklu 1YAK83676EW,Koton,kumaş okey ama bedenleri iğrenç bedenin rahatlıkla olabilmesi gerekir a kesim bir elbise ama göğüs ve o kadar dar ki asla olmuyor bile sütyensiz oluyor daha yukarısına da erişim sağlamadım ama beden büyük falan almak gerek göğsüm bu arada a kiloyum,Negatif
"51 kilo, 1.70 boyundayım. Göğüs ölçüm 75 olmasına rağmen göğüs altından çok fazla sıktı. 36 beden aldım iade edicem",2,Kare Yaka Elbise Çizgili Pamuklu 1YAK83676EW,Koton,kilo boyundayım göğüs ölçüm olmasına rağmen göğüs altından çok fazla sıktı beden aldım iade edicem,Negatif
güzel elbise berbat kalıp. yorumlara şimdi hak verdim. göğüs kısmı dar geldi gercekten 44 beden almama rağmen. 90 beden giyiyorum fermuari kapatamadım.,3,Kare Yaka Elbise Çizgili Pamuklu 1YAK83676EW,Koton,güzel elbise berbat kalıp yorumlara şimdi hak verdim göğüs kısmı dar geldi gercekten beden almama rağmen beden giyiyorum fermuari kapatamadım,Nötr
Elbiseyi bayılarak almıştım ama göğüs bölümü aşırı dar o nedenle iade ettim. Büyük beden alsam da kötü durur. Tasarımı problemli,2,Kare Yaka Elbise Çizgili Pamuklu 1YAK83676EW,Koton,elbiseyi bayılarak almıştım ama göğüs bölümü aşırı dar o nedenle iade ettim büyük beden alsam da kötü durur tasarımı problemli,Negatif
Ürün harika ama kalıp gerçekten ilginç. 36 kapandı ama gerdi. 38 aldım daha rahat oldu fakat giydikten sonra farkettim esniyor. 36yi iade etmemeliymisim 🤷‍♀️,4,Kare Yaka Elbise Çizgili Pamuklu 1YAK83676EW,Koton,ürün harika ama kalıp gerçekten ilginç kapandı ama gerdi aldım daha rahat oldu fakat giydikten sonra farkettim esniyor yi iade etmemeliymisim,Pozitif
Kumaşı kaliteli ama ön ve arka kısmı iyi durmadı potluklar vardı o nedenle iade ettim,3,Kare Yaka Elbise Çizgili Pamuklu 1YAK83676EW,Koton,kumaşı kaliteli ama ön ve arka kısmı iyi durmadı potluklar vardı o nedenle iade ettim,Nötr
Maalesef aokuk geldi 40 bedenim 42 tam oldu,3,Kare Yaka Elbise Çizgili Pamuklu 1YAK83676EW,Koton,maalesef aokuk geldi bedenim tam oldu,Nötr
44 bedenseniz tavsiye etmiyorum 38 gibi robası resimde uzun görünüyor bana gelen dört parmak büzgü göğsn üstünde dursa olmuyor altında dursa dar,1,Kare Yaka Elbise Çizgili Pamuklu 1YAK83676EW,Koton,bedenseniz tavsiye etmiyorum gibi robası resimde uzun görünüyor bana gelen dört parmak büzgü göğsn üstünde dursa olmuyor altında dursa dar,Negatif
Göğüs çok dar alt çok bol hiç hoş durmadı. İade.,2,Kare Yaka Elbise Çizgili Pamuklu 1YAK83676EW,Koton,göğüs çok dar alt çok bol hiç hoş durmadı iade,Negatif
ürün gayet güzel,4,Düğmeli Ekose Kaban 2KAK06442EW,Koton,ürün gayet güzel,Pozitif
"Çok iyi ürün, beden tam oldu. Boyu biraz uzun fakat kalitesi sıcak tutuşu harika",4,Düğmeli Ekose Kaban 2KAK06442EW,Koton,çok iyi ürün beden tam oldu boyu biraz uzun fakat kalitesi sıcak tutuşu harika,Pozitif
Kötü kesim,1,Düğmeli Ekose Kaban 2KAK06442EW,Koton,kötü kesim,Negatif
"Bence kaşesi ince, ama kaliteli görünüyor. Tam beden.",4,Düğmeli Ekose Kaban 2KAK06442EW,Koton,bence kaşesi ince ama kaliteli görünüyor tam beden,Pozitif
"Kendi bedeninizi alın, kaliteli ürün",4,Düğmeli Ekose Kaban 2KAK06442EW,Koton,kendi bedeninizi alın kaliteli ürün,Pozitif
çok beğenerek aldım fakat bedenim 38 ama büyük geldi iade edip 36 Alicam kalıbı kalitesi rengi çok güzel,4,Düğmeli Ekose Kaban 2KAK06442EW,Koton,çok beğenerek aldım fakat bedenim ama büyük geldi iade edip alicam kalıbı kalitesi rengi çok güzel,Pozitif
Duruşu güzel ama aşırı derecede beyaz pamuk topluyor makineye atınca kumaşında problem olduğunu düşünüyorum.,2,Kadın Siyah Cep Detayli Pantolon 0YAL48080IW,Koton,duruşu güzel ama aşırı derecede beyaz pamuk topluyor makineye atınca kumaşında problem olduğunu düşünüyorum,Negatif
Muhteşem ❤️❤️,4,Uzun Kollu Kareli Pamuklu Gömlek 2WAK60170PW,Koton,muhteşem,Pozitif
urun güzel ama daha kalın olmasını beklerdim,4,Uzun Kollu Kareli Pamuklu Gömlek 2WAK60170PW,Koton,urun güzel ama daha kalın olmasını beklerdim,Pozitif
mükemmel bir rengi var,4,Uzun Kollu Kareli Pamuklu Gömlek 2WAK60170PW,Koton,mükemmel bir rengi var,Pozitif
idare eder indirimli fiyatlı alınabilir,3,Uzun Kollu Kareli Pamuklu Gömlek 2WAK60170PW,Koton,idare eder indirimli fiyatlı alınabilir,Nötr
"Göründüğü gibi,serin",4,Slim Fit Bisiklet Yaka Pamuklu Atlet I1059AZ22SM,Defacto,göründüğü gibiserin,Pozitif
"Güzel ama dar ,ben iki beden büyük aldım rahat olsun diye.",4,Slim Fit Bisiklet Yaka Pamuklu Atlet I1059AZ22SM,Defacto,güzel ama dar ben iki beden büyük aldım rahat olsun diye,Pozitif
rengi güzel ama dar kalıp . çok yapıştı. ki large aldım,2,Slim Fit Bisiklet Yaka Pamuklu Atlet I1059AZ22SM,Defacto,rengi güzel ama dar kalıp çok yapıştı ki large aldım,Negatif
Naylon tarzı bişey bekliyordum ama pamuklu geldi pamuk oranı %100 fazla terletmiyor spor için ideal konforu sağlıyor tavsiye ederim,4,Rolf Siyah Erkek Şort 930846,HUMMEL,naylon tarzı bişey bekliyordum ama pamuklu geldi pamuk oranı fazla terletmiyor spor için ideal konforu sağlıyor tavsiye ederim,Pozitif
çok çok güzel bir crop. daha önceden mavisini almıştım mavisinin kumaşı daha sıkıydı bu biraz daha salık geldi ama ikisini de s aldım ve tam oldu 45kiloyum,4,Slim Fit Halter Yaka Pamuklu Crop Top U0357AZ21SP,Defacto,çok çok güzel bir crop daha önceden mavisini almıştım mavisinin kumaşı daha sıkıydı bu biraz daha salık geldi ama ikisini de s aldım ve tam oldu kiloyum,Pozitif
Çok sevdim kalitesi her şeyi güzel,4,Slim Fit Halter Yaka Pamuklu Crop Top U0357AZ21SP,Defacto,çok sevdim kalitesi her şeyi güzel,Pozitif
Güzel bir ürün,4,Slim Fit Halter Yaka Pamuklu Crop Top U0357AZ21SP,Defacto,güzel bir ürün,Pozitif
Çok güzel,4,Slim Fit Halter Yaka Pamuklu Crop Top U0357AZ21SP,Defacto,çok güzel,Pozitif
Bir ya da 2 beden büyük alınmalı ama onun dışında iyi,3,Slim Fit Halter Yaka Pamuklu Crop Top U0357AZ21SP,Defacto,bir ya da beden büyük alınmalı ama onun dışında iyi,Nötr
S aldım M gönderildi,1,Slim Fit Halter Yaka Pamuklu Crop Top U0357AZ21SP,Defacto,s aldım m gönderildi,Negatif
Bir beden büyük alınabilir,4,Slim Fit Halter Yaka Pamuklu Crop Top U0357AZ21SP,Defacto,bir beden büyük alınabilir,Pozitif
aşık oldum süper. 1 yıldızı biraz geç gelmesinden kırdım,4,Slim Fit Halter Yaka Pamuklu Crop Top U0357AZ21SP,Defacto,aşık oldum süper yıldızı biraz geç gelmesinden kırdım,Pozitif
M aldım 42 kilo 1.60 kumaşı yumuşak ama pamuklandı,4,Kadın Yazili Baskili Tisört 1YAK13395EK,Koton,m aldım kilo kumaşı yumuşak ama pamuklandı,Pozitif
"Renk daha koyu turkuaz güzel, bedeni de tam bedeninize uygun",4,Cepli Oversize Fit Pamuklu Poplin Gömlek Tunik V3984AZ22SM,Defacto,renk daha koyu turkuaz güzel bedeni de tam bedeninize uygun,Pozitif
Bir beden küçük alsanız bile oversize bir ürün ona göre alın. Dokusunu beğendim.,4,Cepli Oversize Fit Pamuklu Poplin Gömlek Tunik V3984AZ22SM,Defacto,bir beden küçük alsanız bile oversize bir ürün ona göre alın dokusunu beğendim,Pozitif
OVERSİZE AMA SERT,4,Cepli Oversize Fit Pamuklu Poplin Gömlek Tunik V3984AZ22SM,Defacto,oversize ama sert,Pozitif
S bedeni dahi asiri asiri genis,1,A Kesim Uzun Kollu Pamuklu Müslin Gömlek Tunik Y5733AZ22SM,Defacto,s bedeni dahi asiri asiri genis,Negatif
small beden bile large gibi çok büyük,1,A Kesim Uzun Kollu Pamuklu Müslin Gömlek Tunik Y5733AZ22SM,Defacto,small beden bile large gibi çok büyük,Negatif
Ürünün kumaşı çok güzel rengi de çok güzel ama aşırı büyük yorumları okuyup kendi bedenimi aldım ama o bile büyük oldu kolları aşırı uzun iade ettim üzülerek,4,A Kesim Uzun Kollu Pamuklu Müslin Gömlek Tunik Y5733AZ22SM,Defacto,ürünün kumaşı çok güzel rengi de çok güzel ama aşırı büyük yorumları okuyup kendi bedenimi aldım ama o bile büyük oldu kolları aşırı uzun iade ettim üzülerek,Pozitif
Normalde Xl giyiyoeum M beden bol bile oldu kalıbı oversize,3,Pamuklu Baskılı Kısa Örme Pijama Set 2YLK79466MK,Koton,normalde xl giyiyoeum m beden bol bile oldu kalıbı oversize,Nötr
ürün gayet güzel,4,Düğmeli Ekose Kaban 2KAK06442EW,Koton,ürün gayet güzel,Pozitif
"Çok iyi ürün, beden tam oldu. Boyu biraz uzun fakat kalitesi sıcak tutuşu harika",4,Düğmeli Ekose Kaban 2KAK06442EW,Koton,çok iyi ürün beden tam oldu boyu biraz uzun fakat kalitesi sıcak tutuşu harika,Pozitif
Kötü kesim,1,Düğmeli Ekose Kaban 2KAK06442EW,Koton,kötü kesim,Negatif
"Bence kaşesi ince, ama kaliteli görünüyor. Tam beden.",4,Düğmeli Ekose Kaban 2KAK06442EW,Koton,bence kaşesi ince ama kaliteli görünüyor tam beden,Pozitif
"Kendi bedeninizi alın, kaliteli ürün",4,Düğmeli Ekose Kaban 2KAK06442EW,Koton,kendi bedeninizi alın kaliteli ürün,Pozitif
çok beğenerek aldım fakat bedenim 38 ama büyük geldi iade edip 36 Alicam kalıbı kalitesi rengi çok güzel,4,Düğmeli Ekose Kaban 2KAK06442EW,Koton,çok beğenerek aldım fakat bedenim ama büyük geldi iade edip alicam kalıbı kalitesi rengi çok güzel,Pozitif
Yorumlarda küçük alın denmiş bence bi beden büyük alın. 36 giyiyorum S aldım basenlerden kastı. Sıkı bi penye çok esnemiyor çok kaliteli ve yumuşak,4,Cepli Şort Belden Bağlamalı Pamuklu 1YAL28079IK,Koton,yorumlarda küçük alın denmiş bence bi beden büyük alın giyiyorum s aldım basenlerden kastı sıkı bi penye çok esnemiyor çok kaliteli ve yumuşak,Pozitif
Dokusu çok güzel kaliteli ürün alın derim tam bedeninizi,4,Cepli Şort Belden Bağlamalı Pamuklu 1YAL28079IK,Koton,dokusu çok güzel kaliteli ürün alın derim tam bedeninizi,Pozitif
Ürün güzel rengi görseldeki gibi kumaşı biraz kalın fakat xs brit var xl etiket basmışlar kendime göre almıştım kızıma göre geldi 😂😂,3,Cepli Şort Belden Bağlamalı Pamuklu 1YAL28079IK,Koton,ürün güzel rengi görseldeki gibi kumaşı biraz kalın fakat xs brit var xl etiket basmışlar kendime göre almıştım kızıma göre geldi,Nötr
ürünler neden kontrol edilmiyor poşetlenirken? bacağında kocaman defo indirimden bu yüzden mi alıyoruz?,1,Cepli Şort Belden Bağlamalı Pamuklu 1YAL28079IK,Koton,ürünler neden kontrol edilmiyor poşetlenirken bacağında kocaman defo indirimden bu yüzden mi alıyoruz,Negatif
yaz için kumaşı çok kalın,3,Cepli Şort Belden Bağlamalı Pamuklu 1YAL28079IK,Koton,yaz için kumaşı çok kalın,Nötr
Kumaşı biraz kalın ama çok kullanışlı ☺️ tam beden aldım süper oldu,4,Cepli Şort Belden Bağlamalı Pamuklu 1YAL28079IK,Koton,kumaşı biraz kalın ama çok kullanışlı tam beden aldım süper oldu,Pozitif
Rengi güzel ancak modeli iyi durmadı .İade edeceğim.,1,Cepli Şort Belden Bağlamalı Pamuklu 1YAL28079IK,Koton,rengi güzel ancak modeli iyi durmadı iade edeceğim,Negatif
"Malesef yırtık çıktı, sonradan gördüğümden iade edemedim. Onun dışında güzel şort",1,Cepli Şort Belden Bağlamalı Pamuklu 1YAL28079IK,Koton,malesef yırtık çıktı sonradan gördüğümden iade edemedim onun dışında güzel şort,Negatif
urun gayet guzel sadece kumasi biraz kalin,4,Cepli Şort Belden Bağlamalı Pamuklu 1YAL28079IK,Koton,urun gayet guzel sadece kumasi biraz kalin,Pozitif
Mükemmel bir üst ve yumuşacık pamuk.Güvenle alabilirsiniz sadece kargo birkaç gün geç geldi.,4,Slim Fit Bisiklet Yaka Kısa Kollu Tişört K7064AZ22SM,Defacto,mükemmel bir üst ve yumuşacık pamukgüvenle alabilirsiniz sadece kargo birkaç gün geç geldi,Pozitif
Bir beden büyük alabilirsiniz,4,Fit Regular Fit Bisiklet Yaka Crop Fitilli Organik Pamuklu Kaşkorse Atlet X0178AZ22SP,Defacto,bir beden büyük alabilirsiniz,Pozitif
güzel ama ben s aldım yanlardan açılıyor sütyen görünüyor ben 75b giyiyorum. 158 55 kiloyum beli de hafif bol geldi.,3,Fit Regular Fit Bisiklet Yaka Crop Fitilli Organik Pamuklu Kaşkorse Atlet X0178AZ22SP,Defacto,güzel ama ben s aldım yanlardan açılıyor sütyen görünüyor ben b giyiyorum kiloyum beli de hafif bol geldi,Nötr
Fena değil. tavsiye ederim,4,Fit Regular Fit Bisiklet Yaka Crop Fitilli Organik Pamuklu Kaşkorse Atlet X0178AZ22SP,Defacto,fena değil tavsiye ederim,Pozitif
Bence pahalı,3,Fit Regular Fit Bisiklet Yaka Crop Fitilli Organik Pamuklu Kaşkorse Atlet X0178AZ22SP,Defacto,bence pahalı,Nötr
"Oversize modeli, 58 kilo s beden oldu. Boyu biraz uzun ama çok şık duruyor tavsiye ederim. Biraz kullandıktan sonra yorumumu güncelliyorum tüylenme yaptı çok çabuk",4,Yün Karışımlı Ekose Kaban 2KAK06830EW,Koton,oversize modeli kilo s beden oldu boyu biraz uzun ama çok şık duruyor tavsiye ederim biraz kullandıktan sonra yorumumu güncelliyorum tüylenme yaptı çok çabuk,Pozitif
Kaliteli ve şık bir kaban. Boyu biraz uzun. 1.73 boy 36 beden aldım dizaltı oldu.,4,Yün Karışımlı Ekose Kaban 2KAK06830EW,Koton,kaliteli ve şık bir kaban boyu biraz uzun boy beden aldım dizaltı oldu,Pozitif
ürün çok güzel renk göründüğü gibi 1.70 boy 55 kilo ya s beden aldım. fakat xs daha iyi olurmuş. Ben overize sevmeyenlerdenim bu arada.tam kalıpciyim,4,Yün Karışımlı Ekose Kaban 2KAK06830EW,Koton,ürün çok güzel renk göründüğü gibi boy kilo ya s beden aldım fakat xs daha iyi olurmuş ben overize sevmeyenlerdenim bu aradatam kalıpciyim,Pozitif
"Gerçekten çok güzel bir kaban, gayet sıcakta tutuyor . Harika bir kumaşı var .",4,Yün Karışımlı Ekose Kaban 2KAK06830EW,Koton,gerçekten çok güzel bir kaban gayet sıcakta tutuyor harika bir kumaşı var,Pozitif
Ürün güzel kalıp olarakta hoş duruyor.Fakat çizgili olması herseye uyum sağlaması açısından sorun olabilir.,4,Yün Karışımlı Ekose Kaban 2KAK06830EW,Koton,ürün güzel kalıp olarakta hoş duruyorfakat çizgili olması herseye uyum sağlaması açısından sorun olabilir,Pozitif
evet kumaşı kaliteli ama büyüklükten ziyade kalıpta bir sorun var gibi duruyor,1,Yün Karışımlı Ekose Kaban 2KAK06830EW,Koton,evet kumaşı kaliteli ama büyüklükten ziyade kalıpta bir sorun var gibi duruyor,Negatif
kalıbı çok büyük iade ettim,3,Yün Karışımlı Ekose Kaban 2KAK06830EW,Koton,kalıbı çok büyük iade ettim,Nötr
Kalıbını duruşunu hiç beğenmedim..iade..,2,Yün Karışımlı Ekose Kaban 2KAK06830EW,Koton,kalıbını duruşunu hiç beğenmedimiade,Negatif
Tam beden alınabilir gayet guzel,3,Slim Fit Bisiklet Yaka Basic Kısa Kollu Pamuklu Penye Tişört M4790AZ21SM,Defacto,tam beden alınabilir gayet guzel,Nötr
nişanlım için aldım ürün güzel geldi kargo mükemmel,4,Slim Fit Bisiklet Yaka Basic Kısa Kollu Pamuklu Penye Tişört M4790AZ21SM,Defacto,nişanlım için aldım ürün güzel geldi kargo mükemmel,Pozitif
Kendi bedeninizi almanız da yarar var. Kumaşı oldukça yumuşak,4,Slim Fit Bisiklet Yaka Basic Kısa Kollu Pamuklu Penye Tişört M4790AZ21SM,Defacto,kendi bedeninizi almanız da yarar var kumaşı oldukça yumuşak,Pozitif
Fiyat performans ürünü.,4,Slim Fit Bisiklet Yaka Basic Kısa Kollu Pamuklu Penye Tişört M4790AZ21SM,Defacto,fiyat performans ürünü,Pozitif
beğendim gayet başarılı,4,Regular Fit Beli Bağcıklı Pamuklu Penye Şort V2293AZ21SM,Defacto,beğendim gayet başarılı,Pozitif
Kendi bedeninizden 1 benden büyük almanızı tavsiye ederim,4,Slim Fit Bisiklet Yaka Sırt Dekolteli Uzun Kollu Tişört X7649AZ22SP,Defacto,kendi bedeninizden benden büyük almanızı tavsiye ederim,Pozitif
Ürün çok güzel fakat sırtı mankendeki kadar kalapı değil giyildiği zaman daha açık duruyor evet kollarında potluk var fakat olması gereken o bu sırt bağlamalı bi bluz 75c göğüslerim 1.65 50 kg yim S beden aldım,3,Slim Fit Bisiklet Yaka Sırt Dekolteli Uzun Kollu Tişört X7649AZ22SP,Defacto,ürün çok güzel fakat sırtı mankendeki kadar kalapı değil giyildiği zaman daha açık duruyor evet kollarında potluk var fakat olması gereken o bu sırt bağlamalı bi bluz c göğüslerim kg yim s beden aldım,Nötr
Kolları bol onun dışında güzel,4,Slim Fit Bisiklet Yaka Sırt Dekolteli Uzun Kollu Tişört X7649AZ22SP,Defacto,kolları bol onun dışında güzel,Pozitif
"Severek giyiyorum. İç gösteren bi parça, içine siyah bikini üstü giyince güzel duruyor.",4,Slim Fit Bisiklet Yaka Sırt Dekolteli Uzun Kollu Tişört X7649AZ22SP,Defacto,severek giyiyorum iç gösteren bi parça içine siyah bikini üstü giyince güzel duruyor,Pozitif
Kumaşı biran ince ama çok şık çok beğendim,4,Slim Fit Bisiklet Yaka Sırt Dekolteli Uzun Kollu Tişört X7649AZ22SP,Defacto,kumaşı biran ince ama çok şık çok beğendim,Pozitif
ürünün kumaşı terleten cinstden tül değil ama pamuklu da değil o yüzden iade edebilirim kollari falan bol geldi 45 kg s beden :|,3,Slim Fit Bisiklet Yaka Sırt Dekolteli Uzun Kollu Tişört X7649AZ22SP,Defacto,ürünün kumaşı terleten cinstden tül değil ama pamuklu da değil o yüzden iade edebilirim kollari falan bol geldi kg s beden,Nötr
Ben kumaşını beğenemedim naylonumsu,3,Slim Fit Bisiklet Yaka Sırt Dekolteli Uzun Kollu Tişört X7649AZ22SP,Defacto,ben kumaşını beğenemedim naylonumsu,Nötr
tam bedeninizi almalısınız. otursun diye küçük almayın zaten oturuyor. kolları kısa olmadı modeldeki gibi. güzel yani ben beğendim.,4,Slim Fit Bisiklet Yaka Sırt Dekolteli Uzun Kollu Tişört X7649AZ22SP,Defacto,tam bedeninizi almalısınız otursun diye küçük almayın zaten oturuyor kolları kısa olmadı modeldeki gibi güzel yani ben beğendim,Pozitif
Kumaşını pek sevmedim ama güzel,4,Slim Fit Bisiklet Yaka Sırt Dekolteli Uzun Kollu Tişört X7649AZ22SP,Defacto,kumaşını pek sevmedim ama güzel,Pozitif
Kolları bol duruyor sarmıyor o hiç hoşuma gitmedi bir de rengi cırtlak bir kahve o da hosuma gitmedi,2,Slim Fit Bisiklet Yaka Sırt Dekolteli Uzun Kollu Tişört X7649AZ22SP,Defacto,kolları bol duruyor sarmıyor o hiç hoşuma gitmedi bir de rengi cırtlak bir kahve o da hosuma gitmedi,Negatif
bel lastiği çok sıkı biraz iç gösteriyor rengi modeli kumaşı çok güzel yumuşacık pamuklu,4,Cepli Beli Lastikli Relax Fit Bermuda Şort V4428AZ21AU,Defacto,bel lastiği çok sıkı biraz iç gösteriyor rengi modeli kumaşı çok güzel yumuşacık pamuklu,Pozitif
l beden normal boyuttan büyük ona göre alın,2,Erkek %100 Pamuk Beyaz Bisiklet Yaka Baskılı T-shirt A21Y1107,Avva,l beden normal boyuttan büyük ona göre alın,Negatif
bel lastiği çok sıkı biraz iç gösteriyor rengi modeli kumaşı çok güzel yumuşacık pamuklu,4,Cepli Beli Lastikli Relax Fit Bermuda Şort V4428AZ21AU,Defacto,bel lastiği çok sıkı biraz iç gösteriyor rengi modeli kumaşı çok güzel yumuşacık pamuklu,Pozitif
l beden normal boyuttan büyük ona göre alın,2,Erkek %100 Pamuk Beyaz Bisiklet Yaka Baskılı T-shirt A21Y1107,Avva,l beden normal boyuttan büyük ona göre alın,Negatif
"2 Farklı renkte XL sipariş ettim, ikisinin de ebadı birbirinden farklıydı. Etiketlerinde XL yazmasına rağmen Antrasit renkli olan XXL gibi geldi. Kumaş dokusu olarak ise bu renk ile kumaş birbirine iyi oturmamış.",2,Erkek %100 Pamuk Antrasit Yandan Cepli Beli Lastikli Kordonlu Relaxed Fit Pantolon E003052,Avva,farklı renkte xl sipariş ettim ikisinin de ebadı birbirinden farklıydı etiketlerinde xl yazmasına rağmen antrasit renkli olan xxl gibi geldi kumaş dokusu olarak ise bu renk ile kumaş birbirine iyi oturmamış,Negatif
"ürün güzel kaliteli ve ince tam yazlık. esneme payı hiç yok, o biraz kötü ama daha kötüsü ürünün etiketi S beden ama gelen ürün L beden kalıbında, yani L bedene, S beden etiketi çakmışlar. 2 ürün aldığım için bunun farkına varabildim, tek bir ürün alsaydım bunun farkına varamayıp çuval gibi giymek zorunda kalabilirdim, olmaması gereken bir hata haliyle iade.",1,Erkek %100 Pamuk Antrasit Yandan Cepli Beli Lastikli Kordonlu Relaxed Fit Pantolon E003052,Avva,ürün güzel kaliteli ve ince tam yazlık esneme payı hiç yok o biraz kötü ama daha kötüsü ürünün etiketi s beden ama gelen ürün l beden kalıbında yani l bedene s beden etiketi çakmışlar ürün aldığım için bunun farkına varabildim tek bir ürün alsaydım bunun farkına varamayıp çuval gibi giymek zorunda kalabilirdim olmaması gereken bir hata haliyle iade,Negatif
kalite 5 üzerinden 3 benim görüşüm : umduğunuz gibi değil bulduğunuz gibi,2,Erkek %100 Pamuk Antrasit Yandan Cepli Beli Lastikli Kordonlu Relaxed Fit Pantolon E003052,Avva,kalite üzerinden benim görüşüm umduğunuz gibi değil bulduğunuz gibi,Negatif
%100 pamuk olmasi gerçekten çok iyi ben suwenin lohusa pijamalarini çok beğeniyorum çok rahat oluyor ve yumuşacık,4,Young Mother Hamile Lohusa Pijama Takımı SH22200660L,Suwen,pamuk olmasi gerçekten çok iyi ben suwenin lohusa pijamalarini çok beğeniyorum çok rahat oluyor ve yumuşacık,Pozitif
Bir beden küçük alınabilir,4,Fit Regular Fit Minimal Yazı Baskılı Sürdürülebilir Tişört T7793AZ22SM,Defacto,bir beden küçük alınabilir,Pozitif
İnce mevsimlik dedik ama buda çok İnce be kardeşim. Bol olsun dedim XXL aldım ama yine dar kesim ve kısa bir mont. fiyatı da ürüne göre çok fazla!,3,Kapüşonlu Pamuklu Mevsimlik Ince Mont M3064AZ21SP,Defacto,ince mevsimlik dedik ama buda çok ince be kardeşim bol olsun dedim xxl aldım ama yine dar kesim ve kısa bir mont fiyatı da ürüne göre çok fazla,Nötr
guzel olmak,4,Kapüşonlu Pamuklu Mevsimlik Ince Mont M3064AZ21SP,Defacto,guzel olmak,Pozitif
Çok güzelmiş eşim severek giyiyor ama çabuk kırışıyor,4,Kapüşonlu Pamuklu Mevsimlik Ince Mont M3064AZ21SP,Defacto,çok güzelmiş eşim severek giyiyor ama çabuk kırışıyor,Pozitif
Ürün gayet güzel ama kalıbı büyük,4,Kapüşonlu Pamuklu Mevsimlik Ince Mont M3064AZ21SP,Defacto,ürün gayet güzel ama kalıbı büyük,Pozitif
fiyatından kaynaklı berbat,2,Kapüşonlu Pamuklu Mevsimlik Ince Mont M3064AZ21SP,Defacto,fiyatından kaynaklı berbat,Negatif
"Cok cok ince bir mont,astari yok..",3,Kapüşonlu Pamuklu Mevsimlik Ince Mont M3064AZ21SP,Defacto,cok cok ince bir montastari yok,Nötr
Astarlı sanıyordum değilmiş onun haricinde rengi kalıbı çok güzel,4,Kapüşonlu Pamuklu Mevsimlik Ince Mont M3064AZ21SP,Defacto,astarlı sanıyordum değilmiş onun haricinde rengi kalıbı çok güzel,Pozitif
Güzel bedeni rahat ama indirim de Alınmalı,4,Kapüşonlu Pamuklu Mevsimlik Ince Mont M3064AZ21SP,Defacto,güzel bedeni rahat ama indirim de alınmalı,Pozitif
renk tonu resimde daha canlı ama güzel beğendik hediye almistim tam kendi bedeninizi almanızı tavsiye ederim,4,Kapüşonlu Pamuklu Mevsimlik Ince Mont M3064AZ21SP,Defacto,renk tonu resimde daha canlı ama güzel beğendik hediye almistim tam kendi bedeninizi almanızı tavsiye ederim,Pozitif
Ürün kalitesiz .Önermiyorum.,4,Kapüşonlu Pamuklu Mevsimlik Ince Mont M3064AZ21SP,Defacto,ürün kalitesiz önermiyorum,Pozitif
Kumaş hiç esnek değil. 34 beden küçük oldu. 36 da çok bol oldu belden.,3,Coool Slim Fit Dama Desenli Pamuklu Şort X4710AZ22SM,Defacto,kumaş hiç esnek değil beden küçük oldu da çok bol oldu belden,Nötr
Kumaşıok ince ve kalıbı büyük bu paraya bu kalite eş değer değil,2,3lü Paket Pamuklu Yüksek Bel Slip Külot ST0040601B,Suwen,kumaşıok ince ve kalıbı büyük bu paraya bu kalite eş değer değil,Negatif
kalıbı biraz dar ama sıcak tutuyor,4,Unisex Koala Baskılı Pamuklu Uzun Çorap Y0895AZNS,Defacto,kalıbı biraz dar ama sıcak tutuyor,Pozitif
Çok güzel bi ürün bayağı kaliteli. Pulları yapıştırma ama dökülcek gibi gelmedi. Bi de pulları rosegold gibi burda gümüş durmuş ama. Gümüş olsa daha mutlu olurdum biraz alaturkalaştırmış bakır. Yanlış kombinle avrupa yakası makbule olunabilir. 165 55 S aldım belden sardı zayıflarsam daha iyi olur ama gene saracak bi model. M olsaydı m alırdım. Dekolte giymiyorum bunun da kaldığı yer ideal,4,Kadın Pul Detayli Bluz 0KAK34493FK,Koton,çok güzel bi ürün bayağı kaliteli pulları yapıştırma ama dökülcek gibi gelmedi bi de pulları rosegold gibi burda gümüş durmuş ama gümüş olsa daha mutlu olurdum biraz alaturkalaştırmış bakır yanlış kombinle avrupa yakası makbule olunabilir s aldım belden sardı zayıflarsam daha iyi olur ama gene saracak bi model m olsaydı m alırdım dekolte giymiyorum bunun da kaldığı yer ideal,Pozitif
ürünün rengi ve kumaşı güzel ama aynı seriden karamel kahverengi gömleği ve bu gömleği xs aldım. Bu gömlek 64 cm kahverengisi 72 cm. Aynı seri olmasına rağmen uzunluk farklarını anlamadım. Kendisi zaten çok oversize ben s giyiyorum xs aldım diğer renkleri güzel durdu boyundan dolayı bunu iade ediyorum,4,Oversize Fit Pamuklu Uzun Kollu Poplin Gömlek T8735AZ21AU,Defacto,ürünün rengi ve kumaşı güzel ama aynı seriden karamel kahverengi gömleği ve bu gömleği xs aldım bu gömlek cm kahverengisi cm aynı seri olmasına rağmen uzunluk farklarını anlamadım kendisi zaten çok oversize ben s giyiyorum xs aldım diğer renkleri güzel durdu boyundan dolayı bunu iade ediyorum,Pozitif
garip bir gömlek 59 kiloyum 109 gibi oldum,2,Oversize Fit Pamuklu Uzun Kollu Poplin Gömlek T8735AZ21AU,Defacto,garip bir gömlek kiloyum gibi oldum,Negatif
kumaşı çok güzel bir beden küçük aldım daha güzel oldu,4,Oversize Fit Pamuklu Uzun Kollu Poplin Gömlek T8735AZ21AU,Defacto,kumaşı çok güzel bir beden küçük aldım daha güzel oldu,Pozitif
fotoğrafta hoş duruyor ama almasam da olurmuş çok beğenemedim,3,Oversize Fit Pamuklu Uzun Kollu Poplin Gömlek T8735AZ21AU,Defacto,fotoğrafta hoş duruyor ama almasam da olurmuş çok beğenemedim,Nötr
"Kumaşı duruşu çok güzel, kalıbı büyük kendi bedenim bile büyük oldu bedeninizden bi küçük tercih etmelisiniz rengi ise fotoğraftakinden daha koyu",4,Oversize Fit Pamuklu Uzun Kollu Poplin Gömlek T8735AZ21AU,Defacto,kumaşı duruşu çok güzel kalıbı büyük kendi bedenim bile büyük oldu bedeninizden bi küçük tercih etmelisiniz rengi ise fotoğraftakinden daha koyu,Pozitif
"Biraz ince ama rengi cok guzel, idare eder",4,Cepli Oversize Fit Pamuklu Poplin Gömlek Tunik V3984AZ22SM,Defacto,biraz ince ama rengi cok guzel idare eder,Pozitif
kızıma almıştım rengi hoşuna gitmedi,4,Kadın Lola Bunny Tisört Lisansli Pamuklu 1YAL18368IK,Koton,kızıma almıştım rengi hoşuna gitmedi,Pozitif
Şok hoş evde giymek için aldık,4,Baskılı Tişört Bisiklet Yaka Pamuklu 1YAL18909IK,Koton,şok hoş evde giymek için aldık,Pozitif
oversize sevdiğim için beğenemedim onun dışında giyilir,4,Baskılı Tişört Bisiklet Yaka Pamuklu 1YAL18909IK,Koton,oversize sevdiğim için beğenemedim onun dışında giyilir,Pozitif
rengi pek iyi değil idare eder,4,Baskılı Tişört Bisiklet Yaka Pamuklu 1YAL18909IK,Koton,rengi pek iyi değil idare eder,Pozitif
M beden giymeme rağmen büyük geldi. Fakat çok güzel bir tshirt. Tşk ederim.,4,Regular Fit Desenli Bisiklet Yaka Kolsuz Pamuklu Penye Tişört W2461AZ21HS,Defacto,m beden giymeme rağmen büyük geldi fakat çok güzel bir tshirt tşk ederim,Pozitif
trendyoldan 38 ve 40 beden olmak üzere 2 tane siparş verdik.Bir gün arayla geldi.Hangisi uygunsa onu alacaktık.Ancak birinci ürün çok kalitelive güzel gelmişkrn ikinci ürünün renginde ton farkı vardı.Sünmüştü.Sanki giyilmiş ve yukıkanmş pamukkarı sert sertti.İade edicem.Fotoprafını çekyim ışıktan dolayı fark çok anlaşılmıyor olabilr.Ama 2. ürün berbattı,1,Kadın Kahverengi Kaban 2WAK00081EW,Koton,trendyoldan ve beden olmak üzere tane siparş verdikbir gün arayla geldihangisi uygunsa onu alacaktıkancak birinci ürün çok kalitelive güzel gelmişkrn ikinci ürünün renginde ton farkı vardısünmüştüsanki giyilmiş ve yukıkanmş pamukkarı sert serttiiade edicemfotoprafını çekyim ışıktan dolayı fark çok anlaşılmıyor olabilrama ürün berbattı,Negatif
çok kabarık kilolu gösteriyor,1,Kadın Sarı Midi Etek Pamuklu 1YAK73407EW,Koton,çok kabarık kilolu gösteriyor,Negatif
Çok güzel şık bir ürün ancak iç gösteriyor ve ben takım olduğunu düşündüm. Sadece etek geldi. Ürünü iade etme sebebim hem küçük gelmesi hem de eteğin üstünün hiç bir yerde satılmıyor oluşu.,3,Kadın Sarı Midi Etek Pamuklu 1YAK73407EW,Koton,çok güzel şık bir ürün ancak iç gösteriyor ve ben takım olduğunu düşündüm sadece etek geldi ürünü iade etme sebebim hem küçük gelmesi hem de eteğin üstünün hiç bir yerde satılmıyor oluşu,Nötr
ürünün rengi göründüğü gibi dokusu kumaşı şık bedeni tam beden alinabilir.Benim boyum kısa olduğu için beni daha kısa ve kilolu gösterdi uzun boylu kişilerde mankendeki gibi durabilir.,4,Kadın Sarı Midi Etek Pamuklu 1YAK73407EW,Koton,ürünün rengi göründüğü gibi dokusu kumaşı şık bedeni tam beden alinabilirbenim boyum kısa olduğu için beni daha kısa ve kilolu gösterdi uzun boylu kişilerde mankendeki gibi durabilir,Pozitif
%81 pamuklu kumaş. Kalitesi iyi ama ince ve iç gösteriyor. Astarsız giyilmez. Kilolu gösteriyor ayrıca paraşüt gibi. Evde giyerim artık. Tam kalıp alınabilir. Kargo hızlı geldi teşekkürler.,4,Kadın Sarı Midi Etek Pamuklu 1YAK73407EW,Koton,pamuklu kumaş kalitesi iyi ama ince ve iç gösteriyor astarsız giyilmez kilolu gösteriyor ayrıca paraşüt gibi evde giyerim artık tam kalıp alınabilir kargo hızlı geldi teşekkürler,Pozitif
guzel pamuklu bir tisort ancak kisa. Ben salas ve daha uzun oldugunu dusunmustum. Bu fiyata degmeyecegini dusunuyorum,4,Alma Kısa Kollu Beyaz Tişört 910953,HUMMEL,guzel pamuklu bir tisort ancak kisa ben salas ve daha uzun oldugunu dusunmustum bu fiyata degmeyecegini dusunuyorum,Pozitif
"%100 Pamuk fakat esnemiyor ,bir beden büyük alınabilir",4,Hmlsabana Kadın Tişört 911023-9003 911023-1094,HUMMEL,pamuk fakat esnemiyor bir beden büyük alınabilir,Pozitif
Birkaç kullanmada pamuklanma yaptı ama rengi modeli hoş,1,Kadın Uzun Kollu Fermuar Detayli Bluz 0YAK68466PW,Koton,birkaç kullanmada pamuklanma yaptı ama rengi modeli hoş,Negatif
47 kiloyum s aldım ama sanki üstüme xl bir sweat giymiş gibi oldu. Kumaşı güzel içi pamuklu ama boyuda bana göre çok uzundu. Ben taytla değerlendirmeyi düşünüyorum.,3,Kapüşonlu Baskılı Sweatshirt 2KAL68707IK,Koton,kiloyum s aldım ama sanki üstüme xl bir sweat giymiş gibi oldu kumaşı güzel içi pamuklu ama boyuda bana göre çok uzundu ben taytla değerlendirmeyi düşünüyorum,Nötr
Normalde Xl giyiyoeum M beden bol bile oldu kalıbı oversize,3,Pamuklu Baskılı Kısa Örme Pijama Set 2YLK79466MK,Koton,normalde xl giyiyoeum m beden bol bile oldu kalıbı oversize,Nötr
tavsiye ederim,4,Pamuklu Basic Bisiklet Yaka Uzun Kollu Regular Fit Tişört 1KAM14559OK,Koton,tavsiye ederim,Pozitif
Gezmelik değil ev içi kullanımlık ona göre tercih edin,1,Pamuklu Basic Bisiklet Yaka Uzun Kollu Regular Fit Tişört 1KAM14559OK,Koton,gezmelik değil ev içi kullanımlık ona göre tercih edin,Negatif
Dokusu modeli 🙂,4,Pamuklu Basic Bisiklet Yaka Uzun Kollu Regular Fit Tişört 1KAM14559OK,Koton,dokusu modeli,Pozitif
Boğaz yaka kısmı çok bol onun dışında gayet güzel,4,Pamuklu Basic Bisiklet Yaka Uzun Kollu Regular Fit Tişört 1KAM14559OK,Koton,boğaz yaka kısmı çok bol onun dışında gayet güzel,Pozitif
Ürünün resimdekiyle alakası yok yakası geniş koları çok üzün ikinci el gibi beğenmedik birine hediye edicem artık birine,2,Pamuklu Basic Bisiklet Yaka Uzun Kollu Regular Fit Tişört 1KAM14559OK,Koton,ürünün resimdekiyle alakası yok yakası geniş koları çok üzün ikinci el gibi beğenmedik birine hediye edicem artık birine,Negatif
Küçücük kaldı ilk yıkamada attık,1,Pamuklu Basic Bisiklet Yaka Uzun Kollu Regular Fit Tişört 1KAM14559OK,Koton,küçücük kaldı ilk yıkamada attık,Negatif
cok dar oldu iade ettim.,2,Pamuklu Basic Bisiklet Yaka Uzun Kollu Regular Fit Tişört 1KAM14559OK,Koton,cok dar oldu iade ettim,Negatif
"Fena değil,ben penye olduğunu düşünmüştüm ama hafif delikli bir kumaşı var.",3,Pamuklu Basic Bisiklet Yaka Uzun Kollu Regular Fit Tişört 1KAM14559OK,Koton,fena değilben penye olduğunu düşünmüştüm ama hafif delikli bir kumaşı var,Nötr
Uyduruk biraz,1,Pamuklu Basic Bisiklet Yaka Uzun Kollu Regular Fit Tişört 1KAM14559OK,Koton,uyduruk biraz,Negatif
Beş para etmez defolu ürün göndermişler hiçmi kalite kontol yok . Yakası ayrı genişlikte omadsr genişki insanın bagrı gözüküyor. İdae ettim,1,Pamuklu Basic Bisiklet Yaka Uzun Kollu Regular Fit Tişört 1KAM14559OK,Koton,beş para etmez defolu ürün göndermişler hiçmi kalite kontol yok yakası ayrı genişlikte omadsr genişki insanın bagrı gözüküyor idae ettim,Negatif
Çok basit ince beyaz yerleri kötü,1,Pamuklu Basic Bisiklet Yaka Uzun Kollu Regular Fit Tişört 1KAM14559OK,Koton,çok basit ince beyaz yerleri kötü,Negatif
Ürünün resimdekiyle uzaktan yakından ilgisi yok. Boğaz kısmından iki kafa geçer.,1,Pamuklu Basic Bisiklet Yaka Uzun Kollu Regular Fit Tişört 1KAM14559OK,Koton,ürünün resimdekiyle uzaktan yakından ilgisi yok boğaz kısmından iki kafa geçer,Negatif
kalıbı çok geniş yüksek bel 1 beden küçük alınmalı,3,Kadın Cepli Sort Pamuklu 1YAK02493EK,Koton,kalıbı çok geniş yüksek bel beden küçük alınmalı,Nötr
1.70 boyda boyu cok ideal kumasinda biraz polyester var ama terletecek kadar degil evlik bir sort,4,Kadın Cepli Sort Pamuklu 1YAK02493EK,Koton,boyda boyu cok ideal kumasinda biraz polyester var ama terletecek kadar degil evlik bir sort,Pozitif
164 boy 50 kilo s beli büyük oldu ama düşmüyor sadece benim istemediğim bir şekilde durdu içten lastik takacağım rengi çok güzel tam göründüğü gibi,4,Kadın Cepli Sort Pamuklu 1YAK02493EK,Koton,boy kilo s beli büyük oldu ama düşmüyor sadece benim istemediğim bir şekilde durdu içten lastik takacağım rengi çok güzel tam göründüğü gibi,Pozitif
dekoltesi çok fazla,2,Kadın Desenli Elbise 0YAL88113OW,Koton,dekoltesi çok fazla,Negatif
"Göğsü fazla dekolteli, tadilat gerekiyor. Zayıf gösteriyor elbise belde bitmesi yüzünden. Tatlı bi elbise genel olarak",4,Kadın Desenli Elbise 0YAL88113OW,Koton,göğsü fazla dekolteli tadilat gerekiyor zayıf gösteriyor elbise belde bitmesi yüzünden tatlı bi elbise genel olarak,Pozitif
162 boya bir karış diz kapağımın üstünde oldu daha uzun boylular için uygun değil. Dekolte severim ama epey açık teğel ile tutturmam gerek. İnce kumaşı var yazın giymeye uygun fiyatı uygun iade etmeyeceğim,4,Kadın Desenli Elbise 0YAL88113OW,Koton,boya bir karış diz kapağımın üstünde oldu daha uzun boylular için uygun değil dekolte severim ama epey açık teğel ile tutturmam gerek ince kumaşı var yazın giymeye uygun fiyatı uygun iade etmeyeceğim,Pozitif
"Beğendim, sorun yaşamadım",4,Erkek Kırmızı Pamuklu Sort 1YAM41240BW,Koton,beğendim sorun yaşamadım,Pozitif
"Ürün güzeldi ama bedeni uymadı, sanırım biraz dar kesim",4,Erkek Kırmızı Pamuklu Sort 1YAM41240BW,Koton,ürün güzeldi ama bedeni uymadı sanırım biraz dar kesim,Pozitif
Aşırı büyük dede donu gibi oldu. Rengini sevmedim. Alican tarzı…,1,Erkek Kırmızı Pamuklu Sort 1YAM41240BW,Koton,aşırı büyük dede donu gibi oldu rengini sevmedim alican tarzı,Negatif
Beklediğim gibi çıkmadı,1,Erkek %100 Pamuk Gül Kurusu Düz Alttan Britli Yaka Regular Fit Kısa Kol Vual Gömlek E002210,Avva,beklediğim gibi çıkmadı,Negatif
Çok fazla kırışıyor,3,Erkek %100 Pamuk Gül Kurusu Düz Alttan Britli Yaka Regular Fit Kısa Kol Vual Gömlek E002210,Avva,çok fazla kırışıyor,Nötr
Malesef çok kırışıyo,3,Erkek %100 Pamuk Gül Kurusu Düz Alttan Britli Yaka Regular Fit Kısa Kol Vual Gömlek E002210,Avva,malesef çok kırışıyo,Nötr
cok ince ve kalitesiz alınmaz,1,Erkek %100 Pamuk Gül Kurusu Düz Alttan Britli Yaka Regular Fit Kısa Kol Vual Gömlek E002210,Avva,cok ince ve kalitesiz alınmaz,Negatif
Renk olarak daha açık pembe bekliyordum. Daha koyu bir renk geldi. Kalite ve incelik olarak güzel yazlık ama rengi de resimdeki gibi gelseydi memnun kalacaktık.,3,Erkek %100 Pamuk Gül Kurusu Düz Alttan Britli Yaka Regular Fit Kısa Kol Vual Gömlek E002210,Avva,renk olarak daha açık pembe bekliyordum daha koyu bir renk geldi kalite ve incelik olarak güzel yazlık ama rengi de resimdeki gibi gelseydi memnun kalacaktık,Nötr
ürün güzel incecik tam yazlik.kalıp biraz geniş gibi.,4,Erkek %100 Pamuk Gül Kurusu Düz Alttan Britli Yaka Regular Fit Kısa Kol Vual Gömlek E002210,Avva,ürün güzel incecik tam yazlikkalıp biraz geniş gibi,Pozitif
Kumaşı ince. Yıkanınca çok kırışıyor. Alınır mı bilmiyorum,3,Erkek %100 Pamuk Gül Kurusu Düz Alttan Britli Yaka Regular Fit Kısa Kol Vual Gömlek E002210,Avva,kumaşı ince yıkanınca çok kırışıyor alınır mı bilmiyorum,Nötr
Cok ince bir kumas biri cekse oan yırtılır asla bu parayı haketmiyor ve ütüsü cok zor,3,Erkek %100 Pamuk Gül Kurusu Düz Alttan Britli Yaka Regular Fit Kısa Kol Vual Gömlek E002210,Avva,cok ince bir kumas biri cekse oan yırtılır asla bu parayı haketmiyor ve ütüsü cok zor,Nötr
"Bedeni tam kalıp renk ve kumaş çok güzel hatta rengi resimden daha canlı,sadece kol kesimi diğer markalara göre biraz farklı ,çok hoşuma gitmedi kol duruşu",4,Erkek %100 Pamuk Gül Kurusu Düz Alttan Britli Yaka Regular Fit Kısa Kol Vual Gömlek E002210,Avva,bedeni tam kalıp renk ve kumaş çok güzel hatta rengi resimden daha canlısadece kol kesimi diğer markalara göre biraz farklı çok hoşuma gitmedi kol duruşu,Pozitif
Çok Tatlı pamuklu kumaş çok beğendim havalı oluyor beyaz çantayla güzel oluyor,4,Essntl Crp Icn -Kadın Siyah Günlük Siyah Tişört-BV6175-010-,Nike,çok tatlı pamuklu kumaş çok beğendim havalı oluyor beyaz çantayla güzel oluyor,Pozitif
İdare eder evde giyiyorum,4,Yazili Baskili Tisört Pamuklu 1YAL18094UK,Koton,idare eder evde giyiyorum,Pozitif
Tisort begendim idare eder eger alirsaniz bir beden buyuk alin evde giymelik ama parasini hak etmez,3,Yazili Baskili Tisört Pamuklu 1YAL18094UK,Koton,tisort begendim idare eder eger alirsaniz bir beden buyuk alin evde giymelik ama parasini hak etmez,Nötr
Kumaşıok ince ve kalıbı büyük bu paraya bu kalite eş değer değil,2,3lü Paket Pamuklu Yüksek Bel Slip Külot ST0040601B,Suwen,kumaşıok ince ve kalıbı büyük bu paraya bu kalite eş değer değil,Negatif
"Anneme aldım. İstek üzerine %100 pamuklu ama bu pamuklu gömleklerin ya kağıt gibi ya da keten gibi durması olayı biraz can sıkıcı. Pamukmuş iyiymiş ama dökümlü durmuyormuş kağıt gibiymiş haberiniz olsun. Tam kalıp, düğmeler siyah gibi gelmişti bana ama gold. Azıcık bile dökümlü duraydı 5 vereydim :( kdjfjfkg",4,Kadın Dügme Detayli Poplin Bluz 0YAK66078IW,Koton,anneme aldım istek üzerine pamuklu ama bu pamuklu gömleklerin ya kağıt gibi ya da keten gibi durması olayı biraz can sıkıcı pamukmuş iyiymiş ama dökümlü durmuyormuş kağıt gibiymiş haberiniz olsun tam kalıp düğmeler siyah gibi gelmişti bana ama gold azıcık bile dökümlü duraydı vereydim kdjfjfkg,Pozitif
Yani fiyatına göre değil,3,Erkek %100 Pamuk Lacivert Polo Yaka Baskılı T-shirt A21Y1096,Avva,yani fiyatına göre değil,Nötr
"Renkler güzel, biraz boyu uzun gibi.",4,Erkek %100 Pamuk Lacivert Polo Yaka Baskılı T-shirt A21Y1096,Avva,renkler güzel biraz boyu uzun gibi,Pozitif
Ceketin kumaşı pamuklu olmasına tagmen sert formu güzel durmuyor,2,Cep Ve Düğme Detaylı Ceket 0YAK52269UW,Koton,ceketin kumaşı pamuklu olmasına tagmen sert formu güzel durmuyor,Negatif
160 boy 63 kg 31 beden çok büyük geldi.28 yada 29 beden okur.çok bol olduğu için iade ettim .kumaşı ince değil .kışın giyilebilir pamuklu bir kumaş,3,891 Maya Orta Bel Daralan Paça Slim Fit Jean Kadın Jean Pantolon CL1051236,Colin’s,boy kg beden çok büyük geldi yada beden okurçok bol olduğu için iade ettim kumaşı ince değil kışın giyilebilir pamuklu bir kumaş,Nötr
Sonradan pamuklanma yapabiliyor ama gayet güzel ve parasını hakediyor,4,Kapüşonlu Sweatshirt Baskılı 2KAM74060OK,Koton,sonradan pamuklanma yapabiliyor ama gayet güzel ve parasını hakediyor,Pozitif
xxs siparis verdim gelen urun nerdeyse M bedendi. kalibi asiri bolmus malesef iade,3,Fit Slim Fit Cepli Sürdürülebilir Mini Şort U8375AZ22SM,Defacto,xxs siparis verdim gelen urun nerdeyse m bedendi kalibi asiri bolmus malesef iade,Nötr
Tam beden alınabilir ortalam bir ürün,4,Slim Fit Bisiklet Yaka Pamuklu Atlet I1059AZ22SM,Defacto,tam beden alınabilir ortalam bir ürün,Pozitif
M giyiyorum dar olur diye l aldım keşke kendi bedenimi alsaydım,3,Slim Fit Bisiklet Yaka Pamuklu Atlet I1059AZ22SM,Defacto,m giyiyorum dar olur diye l aldım keşke kendi bedenimi alsaydım,Nötr
Gorseldekiyle alakasi olmayan farkli bi renk gonderilmis,1,Slim Fit Bisiklet Yaka Pamuklu Atlet I1059AZ22SM,Defacto,gorseldekiyle alakasi olmayan farkli bi renk gonderilmis,Negatif
dar cok dar,2,Slim Fit Bisiklet Yaka Pamuklu Atlet I1059AZ22SM,Defacto,dar cok dar,Negatif
Tam beden alınabilir,4,Slim Fit Bisiklet Yaka Pamuklu Atlet I1059AZ22SM,Defacto,tam beden alınabilir,Pozitif
Normal kalıp evde giymek için uygun,4,Slim Fit Bisiklet Yaka Pamuklu Atlet I1059AZ22SM,Defacto,normal kalıp evde giymek için uygun,Pozitif
duruşu çok guzel,4,Pamuklu Şort 1YAM41230BW,Koton,duruşu çok guzel,Pozitif
Çok rahat bir 👗 elbise,3,Sırt Dekolteli Kolsuz Çiçek Desenli Mini Elbise 2SAK80143EK,Koton,çok rahat bir elbise,Nötr
kumaşı biraz kalın çok sıcaklarda giyilecek gibi değil,3,Sırt Dekolteli Kolsuz Çiçek Desenli Mini Elbise 2SAK80143EK,Koton,kumaşı biraz kalın çok sıcaklarda giyilecek gibi değil,Nötr
Kalıbı bol bir beden küçük alınabilir,4,Sırt Dekolteli Kolsuz Çiçek Desenli Mini Elbise 2SAK80143EK,Koton,kalıbı bol bir beden küçük alınabilir,Pozitif
Kalıp geniş ama rahat bir elbise,4,Sırt Dekolteli Kolsuz Çiçek Desenli Mini Elbise 2SAK80143EK,Koton,kalıp geniş ama rahat bir elbise,Pozitif
Çok güzel ama keşke arkası biraz daha kapalı olsaymış. Mecburen terziye düzelttirme yaptıracağım geri iade etmek istemedim. Kumaşı çok güzel,4,Sırt Dekolteli Kolsuz Çiçek Desenli Mini Elbise 2SAK80143EK,Koton,çok güzel ama keşke arkası biraz daha kapalı olsaymış mecburen terziye düzelttirme yaptıracağım geri iade etmek istemedim kumaşı çok güzel,Pozitif
renk kalıte super,4,Sırt Dekolteli Kolsuz Çiçek Desenli Mini Elbise 2SAK80143EK,Koton,renk kalıte super,Pozitif
gunluk guzel uste yapismayan boyu kisaltmaya gerek olmayan bir elbise :),4,Sırt Dekolteli Kolsuz Çiçek Desenli Mini Elbise 2SAK80143EK,Koton,gunluk guzel uste yapismayan boyu kisaltmaya gerek olmayan bir elbise,Pozitif
Yazlık elbisede bu kadar kalın kumaş niye acaba? Ayrıca arka tarafta ki o kadar dekolte çok anlamsız.,1,Sırt Dekolteli Kolsuz Çiçek Desenli Mini Elbise 2SAK80143EK,Koton,yazlık elbisede bu kadar kalın kumaş niye acaba ayrıca arka tarafta ki o kadar dekolte çok anlamsız,Negatif
Fotoğrafta ki aynı kumaşı rengi çok güzel 49 kiloyum s beden aldım yine de az büyük geldi iade etme gereği duymadım,4,Sırt Dekolteli Kolsuz Çiçek Desenli Mini Elbise 2SAK80143EK,Koton,fotoğrafta ki aynı kumaşı rengi çok güzel kiloyum s beden aldım yine de az büyük geldi iade etme gereği duymadım,Pozitif
Kalıbını ve kumaşını beğenmedim omuzları çok geniş duruyor iade maalesef,2,Sırt Dekolteli Kolsuz Çiçek Desenli Mini Elbise 2SAK80143EK,Koton,kalıbını ve kumaşını beğenmedim omuzları çok geniş duruyor iade maalesef,Negatif
Elbise çok güzel bir beden küçüğünü alacağım ama hızlı teslimat olmasına rağmen elime çok geç ulaştı artık şehir dışına çıkacağımız için bir beden küçüğünü bekleyemeyeceğim. 38 beden kol kısımlarından potlu durduğu için 36 beden alacağım. Elbise 5 yıldız ama bu 3 yıldız teslimatta uzun bir süre tuzla da beklediği için.,3,Pamuklu Fırfırlı Mini Elbise 2SAK80081PW,Koton,elbise çok güzel bir beden küçüğünü alacağım ama hızlı teslimat olmasına rağmen elime çok geç ulaştı artık şehir dışına çıkacağımız için bir beden küçüğünü bekleyemeyeceğim beden kol kısımlarından potlu durduğu için beden alacağım elbise yıldız ama bu yıldız teslimatta uzun bir süre tuzla da beklediği için,Nötr
Renk göründüğü gibi güzel ama aşırı bol kuşak ayarladım beline öyle giycem iade etmeyecem kumaş pamuklu olunca iyi çünkü fiyatta fena değil kalsın,3,Pamuklu Fırfırlı Mini Elbise 2SAK80081PW,Koton,renk göründüğü gibi güzel ama aşırı bol kuşak ayarladım beline öyle giycem iade etmeyecem kumaş pamuklu olunca iyi çünkü fiyatta fena değil kalsın,Nötr
modeli çok güzel bayıldim ama kesinlikle bir beden küçük alınmalı ben bazen small bazen medium giyen biriyim m aldım ama keşke s alsaydim eğer benim gibiyseniz s beden tercih edin,4,Pamuklu Kısa Kollu Pijama Takımı 2YLK79474MK,Koton,modeli çok güzel bayıldim ama kesinlikle bir beden küçük alınmalı ben bazen small bazen medium giyen biriyim m aldım ama keşke s alsaydim eğer benim gibiyseniz s beden tercih edin,Pozitif
Ürün güzel ama s bile büyük geldi. xs alsamda olurmuş,4,Pamuklu Kısa Kollu Pijama Takımı 2YLK79474MK,Koton,ürün güzel ama s bile büyük geldi xs alsamda olurmuş,Pozitif
"Harika bir pijama, ama kalıbı geniş",4,Pamuklu Kısa Kollu Pijama Takımı 2YLK79474MK,Koton,harika bir pijama ama kalıbı geniş,Pozitif
Bir beden küçüğü alınabilir,4,Pamuklu Kısa Kollu Pijama Takımı 2YLK79474MK,Koton,bir beden küçüğü alınabilir,Pozitif
ürün çok kaliteli fakat bir beden buyuk alinmali dar geldi bedenini almama ragmen,4,Pamuklu Dokuma Bermuda Şort 0YAM41458BW,Koton,ürün çok kaliteli fakat bir beden buyuk alinmali dar geldi bedenini almama ragmen,Pozitif
rengi hafif yeşile dönük bi sarı..kalitesi fiyatına göre iyi.,4,Pamuklu Dokuma Bermuda Şort 0YAM41458BW,Koton,rengi hafif yeşile dönük bi sarıkalitesi fiyatına göre iyi,Pozitif
Rengi fotoğrafla aynı değil. Çok çiğ bi sarı geldi,2,Pamuklu Dokuma Bermuda Şort 0YAM41458BW,Koton,rengi fotoğrafla aynı değil çok çiğ bi sarı geldi,Negatif
guzelmissss,4,Boxy Fit Bisiklet Yaka Pamuklu Penye Tişört X5860AZ22SM,Defacto,guzelmissss,Pozitif
Erkek arkadaşıma aldım süper,4,Boxy Fit Bisiklet Yaka Pamuklu Penye Tişört X5860AZ22SM,Defacto,erkek arkadaşıma aldım süper,Pozitif
guzel biraz bol,4,Boxy Fit Bisiklet Yaka Pamuklu Penye Tişört X5860AZ22SM,Defacto,guzel biraz bol,Pozitif
Kumaşını baskısını çok beğendim,4,Boxy Fit Bisiklet Yaka Pamuklu Penye Tişört X5860AZ22SM,Defacto,kumaşını baskısını çok beğendim,Pozitif
dar geldi kalıpları,2,Slim Fit Bisiklet Yaka Pamuklu Atlet I1059AZ22SM,Defacto,dar geldi kalıpları,Negatif
70 kiloyum. göbeğim de var. 2xl aldım. biraz üzerime oturdu ama soru etmedim.,4,Slim Fit Bisiklet Yaka Pamuklu Atlet I1059AZ22SM,Defacto,kiloyum göbeğim de var xl aldım biraz üzerime oturdu ama soru etmedim,Pozitif
Ürünün rengi çok güzel. S neden giyen biriyim ama s beden dar geldi bana o yüzden iade ettim,4,Slim Fit Bisiklet Yaka Pamuklu Atlet I1059AZ22SM,Defacto,ürünün rengi çok güzel s neden giyen biriyim ama s beden dar geldi bana o yüzden iade ettim,Pozitif
Dün giydiğimde herkes çok beğendi. Ürünün duruşu hakkında bir sıkıntı yok. Beden olarakta kendi bedenimi aldım ve tam oldu. Tek sorun içi pamuklu ve gerçekten çok terletiyor ama havalar soğudukça bu sorunda rahatsız etmez diye düşünüyorum. Birde pantolon biraz ağır.,4,Kadın Siyah Suni Deriden Beli Bağlamalı ve Büzgülü Pantolon 0YAL48342IW,Koton,dün giydiğimde herkes çok beğendi ürünün duruşu hakkında bir sıkıntı yok beden olarakta kendi bedenimi aldım ve tam oldu tek sorun içi pamuklu ve gerçekten çok terletiyor ama havalar soğudukça bu sorunda rahatsız etmez diye düşünüyorum birde pantolon biraz ağır,Pozitif
Çok beğendim kalitesi hızı dokusu çok güzeldi,4,Jean Gömlek Ceket Pamuklu 2kam53012ld,Koton,çok beğendim kalitesi hızı dokusu çok güzeldi,Pozitif
almayın sakın,1,Jean Gömlek Ceket Pamuklu 2kam53012ld,Koton,almayın sakın,Negatif
Hafif salaş duruyor kendi bedeninizi alın salaş dursun diye bir büyük beden almayın ürün çok güzel parasını hak etti,4,Jean Gömlek Ceket Pamuklu 2kam53012ld,Koton,hafif salaş duruyor kendi bedeninizi alın salaş dursun diye bir büyük beden almayın ürün çok güzel parasını hak etti,Pozitif
"Yapı olarak kalıbı büyük, beden olarak bir beden küçük almanızda yarar var.",4,Jean Gömlek Ceket Pamuklu 2kam53012ld,Koton,yapı olarak kalıbı büyük beden olarak bir beden küçük almanızda yarar var,Pozitif
Ürünün kalıbı çok geniş bir beden küçük alınmalı,4,Jean Gömlek Ceket Pamuklu 2kam53012ld,Koton,ürünün kalıbı çok geniş bir beden küçük alınmalı,Pozitif
Kalıbı çok büyük ona göre alın,2,Jean Gömlek Ceket Pamuklu 2kam53012ld,Koton,kalıbı çok büyük ona göre alın,Negatif
ceket güzel ama o kadar sorumsuzsunuz ki bi düğmesi yok,2,Jean Gömlek Ceket Pamuklu 2kam53012ld,Koton,ceket güzel ama o kadar sorumsuzsunuz ki bi düğmesi yok,Negatif
1 düğme eksik geldi..,1,Jean Gömlek Ceket Pamuklu 2kam53012ld,Koton,düğme eksik geldi,Negatif
Kolları biraz uzun geldi,4,Jean Gömlek Ceket Pamuklu 2kam53012ld,Koton,kolları biraz uzun geldi,Pozitif
güzel bir ürün biraz ince ve baya bol kesim,3,Jean Gömlek Ceket Pamuklu 2kam53012ld,Koton,güzel bir ürün biraz ince ve baya bol kesim,Nötr
Dışı bildiğiniz elyaf içi de naylon. Tamam yüze yüz pamuk beklemiyorduk da bu bildiğiniz geri dönüşüm çöpü,1,Renk Bloklu Peluş Işlemeli Sweatshirt 2KAL68063OK,Koton,dışı bildiğiniz elyaf içi de naylon tamam yüze yüz pamuk beklemiyorduk da bu bildiğiniz geri dönüşüm çöpü,Negatif
Ben çok beğendim kardeşime de aldım. Ben normalde s giyiyorum boş dursun istedim M aldım tamamen polyester içine pamuklu bişey giyilmezse koku yapabilir. Renkleri çok güzel tam kışlık,4,Renk Bloklu Peluş Işlemeli Sweatshirt 2KAL68063OK,Koton,ben çok beğendim kardeşime de aldım ben normalde s giyiyorum boş dursun istedim m aldım tamamen polyester içine pamuklu bişey giyilmezse koku yapabilir renkleri çok güzel tam kışlık,Pozitif
"Ürünün rengi,kumaşı,dokusu her şeyi harika … Tek kusuru var o da bedeni çooook büyük.. Salaş olsun diye ve en küçük beden o kaldığı için 38 aldım ama 190 erkek kardeşime kollari biraz kısa geldi. Umarım 34ü gelir de alırım :(",4,Düğme Detaylı Ekose Ceket 2KAK06838EW,Koton,ürünün rengikumaşıdokusu her şeyi harika tek kusuru var o da bedeni çooook büyük salaş olsun diye ve en küçük beden o kaldığı için aldım ama erkek kardeşime kollari biraz kısa geldi umarım ü gelir de alırım,Pozitif
Güzel sevdim,4,Düğme Detaylı Ekose Ceket 2KAK06838EW,Koton,güzel sevdim,Pozitif
gayet guzel oversize seven buyuk alabilir ama kalip genis,4,Düğme Detaylı Ekose Ceket 2KAK06838EW,Koton,gayet guzel oversize seven buyuk alabilir ama kalip genis,Pozitif
"Oversize dursun diye büyük almıştım ama aşırı oversize oldu , kendi bedeniniz güzel bollukta olacaktır .",3,Düğme Detaylı Ekose Ceket 2KAK06838EW,Koton,oversize dursun diye büyük almıştım ama aşırı oversize oldu kendi bedeniniz güzel bollukta olacaktır,Nötr
çok kalın biraz uzun diğer inditexlerden daha iyi.,4,Düğme Detaylı Ekose Ceket 2KAK06838EW,Koton,çok kalın biraz uzun diğer inditexlerden daha iyi,Pozitif
kalıbı çok büyük.kaba duruyor...,1,Düğme Detaylı Ekose Ceket 2KAK06838EW,Koton,kalıbı çok büyükkaba duruyor,Negatif
bayıldım 🤩kendi bedeninizi almanizi tavsiye ederim.,4,Fit Regular Fit Bisiklet Yaka Crop Fitilli Organik Pamuklu Kaşkorse Atlet X0178AZ22SP,Defacto,bayıldım kendi bedeninizi almanizi tavsiye ederim,Pozitif
Kalıbı dar bir beden büyük alınmalı ama duruşu güzel,4,Fit Regular Fit Bisiklet Yaka Crop Fitilli Organik Pamuklu Kaşkorse Atlet X0178AZ22SP,Defacto,kalıbı dar bir beden büyük alınmalı ama duruşu güzel,Pozitif
Sporda da günlük hayatta da kullanılabilir gayet güzel,4,Fit Regular Fit Bisiklet Yaka Crop Fitilli Organik Pamuklu Kaşkorse Atlet X0178AZ22SP,Defacto,sporda da günlük hayatta da kullanılabilir gayet güzel,Pozitif
rengi kumaşı güzel fakat koltuk altı genişliği çok fazla,4,Fit Regular Fit Bisiklet Yaka Crop Fitilli Organik Pamuklu Kaşkorse Atlet X0178AZ22SP,Defacto,rengi kumaşı güzel fakat koltuk altı genişliği çok fazla,Pozitif
"mavi kalitesi ,pamuklu ,yumuşak ,harika bir tişört ,tavsiye ederim",4,Logo Baskılı Kırmızı Tişört Slim Fit / Dar Kesim 065781-34535,Mavi,mavi kalitesi pamuklu yumuşak harika bir tişört tavsiye ederim,Pozitif
iç göstermiyor kumaşı kaliteli günlük kombinler için kurtarıcı bi elbise. 168 /58 kg s fotoğraftaki gibi duruyor.,4,Bodycon Basic Halter Yaka Pamuklu Midi Elbise U8106AZ22SM,Defacto,iç göstermiyor kumaşı kaliteli günlük kombinler için kurtarıcı bi elbise kg s fotoğraftaki gibi duruyor,Pozitif
Bu fiyata fazla gereksiz,2,Oversize Fit Pamuklu Uzun Kollu Poplin Gömlek T8735AZ22SM,Defacto,bu fiyata fazla gereksiz,Negatif
Renk cok guzel oversize 1.68 boy 67 kilo m aldım tam oldu,4,Oversize Fit Pamuklu Uzun Kollu Poplin Gömlek T8735AZ22SM,Defacto,renk cok guzel oversize boy kilo m aldım tam oldu,Pozitif
3 ürün aldım ikisi etiketsiz ve sigara kokusu içinde geldi. Kullanılmış mıdır nedir? İadeden etiketsiz diye dönmez umarım.,2,Oversize Fit Pamuklu Uzun Kollu Poplin Gömlek T8735AZ22SM,Defacto,ürün aldım ikisi etiketsiz ve sigara kokusu içinde geldi kullanılmış mıdır nedir iadeden etiketsiz diye dönmez umarım,Negatif
Rengi ve kalıbı çok güzel,4,Oversize Fit Pamuklu Uzun Kollu Poplin Gömlek T8735AZ22SM,Defacto,rengi ve kalıbı çok güzel,Pozitif
"38 bedenim , L tercih ettim salaş giymek icin. M de olabilirmis. Kalibi oversize oldugu icin bedeninizi tercih edebilirsiniz. Kalcayi kapatiyor.",4,Oversize Fit Pamuklu Uzun Kollu Poplin Gömlek T8735AZ22SM,Defacto,bedenim l tercih ettim salaş giymek icin m de olabilirmis kalibi oversize oldugu icin bedeninizi tercih edebilirsiniz kalcayi kapatiyor,Pozitif
"160 cm 58 kg small beden aldım sünnetlik gibi durdu, sadece boydan ve enden büyük değil, kolları da çok uzun oldu parmaklarıma kadar geldi. Rengi fotodakinden farklı bir yeşil, daha soluk bir ton, kumaşı güzel.",4,Oversize Fit Pamuklu Uzun Kollu Poplin Gömlek T8735AZ22SM,Defacto,cm kg small beden aldım sünnetlik gibi durdu sadece boydan ve enden büyük değil kolları da çok uzun oldu parmaklarıma kadar geldi rengi fotodakinden farklı bir yeşil daha soluk bir ton kumaşı güzel,Pozitif
Ürünün düğmeleri yeşil değil beyaz geliyor. Bu konuda satıcıdan yardım istiyorum.,3,Oversize Fit Pamuklu Uzun Kollu Poplin Gömlek T8735AZ22SM,Defacto,ürünün düğmeleri yeşil değil beyaz geliyor bu konuda satıcıdan yardım istiyorum,Nötr
indirimden aldim 17 tl civarı. göründüğü gibi kalıbı düzgün bişey değil.,2,Kadın Ekru Vatkalı Bisiklet Yaka Slogan Detaylı Pamuklu T-Shirt 1YAK13679EK,Koton,indirimden aldim tl civarı göründüğü gibi kalıbı düzgün bişey değil,Negatif
Çok hoş bir ürün,4,Kadın Ekru Vatkalı Bisiklet Yaka Slogan Detaylı Pamuklu T-Shirt 1YAK13679EK,Koton,çok hoş bir ürün,Pozitif
Üzerimde duruşunu beğenmedim çok da kaliteli durmuyor açıkçası uğraşmak istemediğimden iade etmeyeceğim,2,Kadın Ekru Vatkalı Bisiklet Yaka Slogan Detaylı Pamuklu T-Shirt 1YAK13679EK,Koton,üzerimde duruşunu beğenmedim çok da kaliteli durmuyor açıkçası uğraşmak istemediğimden iade etmeyeceğim,Negatif
koltuk altı aşırı aşağıda alınmaz.,3,Kadın Ekru Vatkalı Bisiklet Yaka Slogan Detaylı Pamuklu T-Shirt 1YAK13679EK,Koton,koltuk altı aşırı aşağıda alınmaz,Nötr
Defolu ve lekeli geldi.,1,Kadın Ekru Vatkalı Bisiklet Yaka Slogan Detaylı Pamuklu T-Shirt 1YAK13679EK,Koton,defolu ve lekeli geldi,Negatif
Kesimi biraz ilginç ve kalıbı bayagı büyük,3,Kadın Ekru Vatkalı Bisiklet Yaka Slogan Detaylı Pamuklu T-Shirt 1YAK13679EK,Koton,kesimi biraz ilginç ve kalıbı bayagı büyük,Nötr
Kolunun altı çok açık ama fena değil,4,Kadın Ekru Vatkalı Bisiklet Yaka Slogan Detaylı Pamuklu T-Shirt 1YAK13679EK,Koton,kolunun altı çok açık ama fena değil,Pozitif
Kumaşı kaliteli ama koltuk altı baya açık,4,Kadın Ekru Vatkalı Bisiklet Yaka Slogan Detaylı Pamuklu T-Shirt 1YAK13679EK,Koton,kumaşı kaliteli ama koltuk altı baya açık,Pozitif
"Vatkaya vatka demeye bin şahit ister hayatımda gördüğüm en paçavra Tshırt , hızlı yıkamaya attım 15 dk lık, ağzı yüzü yamuldu . Yıkadığım için iade edemeyeceğim , buna vereceğiniz paraya bi çocuk sevindirin cok daha hayra geçer",1,Kadın Ekru Vatkalı Bisiklet Yaka Slogan Detaylı Pamuklu T-Shirt 1YAK13679EK,Koton,vatkaya vatka demeye bin şahit ister hayatımda gördüğüm en paçavra tshırt hızlı yıkamaya attım dk lık ağzı yüzü yamuldu yıkadığım için iade edemeyeceğim buna vereceğiniz paraya bi çocuk sevindirin cok daha hayra geçer,Negatif
Kol altı çok çok açık ve bel boyu çok kısa,2,Kadın Ekru Vatkalı Bisiklet Yaka Slogan Detaylı Pamuklu T-Shirt 1YAK13679EK,Koton,kol altı çok çok açık ve bel boyu çok kısa,Negatif
hafif ve güzel bir parça şık duruyor 180 lira etmez indirimle almıştım,4,Cepli Şort Kemerli Pamuklu 1YAK03008MW,Koton,hafif ve güzel bir parça şık duruyor lira etmez indirimle almıştım,Pozitif
Beden sorunu dışında çok güzel bir sort👍,4,Cepli Şort Kemerli Pamuklu 1YAK03008MW,Koton,beden sorunu dışında çok güzel bir sort,Pozitif
Ürün gayet güzel fakat asla parasını hak etmiyor..,4,Cepli Şort Kemerli Pamuklu 1YAK03008MW,Koton,ürün gayet güzel fakat asla parasını hak etmiyor,Pozitif
Kalıp bir tık dar. Arada kalanlar büyük olanı tercihetsin.,3,Cepli Şort Kemerli Pamuklu 1YAK03008MW,Koton,kalıp bir tık dar arada kalanlar büyük olanı tercihetsin,Nötr
Urun tam beden 47 48 kg 160 34 beden aldim beli hafif bol ama almasam da olurmus,4,Cepli Şort Kemerli Pamuklu 1YAK03008MW,Koton,urun tam beden kg beden aldim beli hafif bol ama almasam da olurmus,Pozitif
model ve kumaşı çok hoş. bedeni bir beden büyük alın. kargosu da bir günde geldi.,4,Cepli Şort Kemerli Pamuklu 1YAK03008MW,Koton,model ve kumaşı çok hoş bedeni bir beden büyük alın kargosu da bir günde geldi,Pozitif
Çok güzel ama kalıbı dar bir beden büyük alın ben 38 giyiyorum 40 aldım ona rağmen olmadı geri iade edeceğim,3,Cepli Şort Kemerli Pamuklu 1YAK03008MW,Koton,çok güzel ama kalıbı dar bir beden büyük alın ben giyiyorum aldım ona rağmen olmadı geri iade edeceğim,Nötr
Aşırı güzel bi ürün ben kendi bedenimden 1 numara büyük aldım tam oldu modeli rengi çok güzel,4,Cepli Şort Kemerli Pamuklu 1YAK03008MW,Koton,aşırı güzel bi ürün ben kendi bedenimden numara büyük aldım tam oldu modeli rengi çok güzel,Pozitif
"Ürün kuşaksız gelmesine rağöen iade etmedim , satenimsi ve yırtmaçlı tenkleri canlı , gögüs dekoltesi hafif derin , terzite diktirdim .",3,Kadın Kırmızı Elbise 9KAK83240EW,Koton,ürün kuşaksız gelmesine rağöen iade etmedim satenimsi ve yırtmaçlı tenkleri canlı gögüs dekoltesi hafif derin terzite diktirdim,Nötr
iyi ve guzel kulanisli 🥰🥰🥰🥰🥰,4,Slim Fit V Yaka Basic Pamuklu Penye Tişört M7669AZ21SP,Defacto,iyi ve guzel kulanisli,Pozitif
15 liraya almıştık şimdi fiyatı uçmuş . Yüksek oranlı güzel indirimlerde alınır gayet iyi gündelik giyim ürünü. Büyük bedenler için güzel bir alternatif,4,Slim Fit V Yaka Basic Pamuklu Penye Tişört M7669AZ21SP,Defacto,liraya almıştık şimdi fiyatı uçmuş yüksek oranlı güzel indirimlerde alınır gayet iyi gündelik giyim ürünü büyük bedenler için güzel bir alternatif,Pozitif
"Tam kalıp , teşekkür ederım",4,Slim Fit V Yaka Basic Pamuklu Penye Tişört M7669AZ21SP,Defacto,tam kalıp teşekkür ederım,Pozitif
idare eder,3,Slim Fit V Yaka Basic Pamuklu Penye Tişört M7669AZ21SP,Defacto,idare eder,Nötr
Alınabilir güzel,3,Slim Fit V Yaka Basic Pamuklu Penye Tişört M7669AZ21SP,Defacto,alınabilir güzel,Nötr
Harika koton,3,Slim Fit V Yaka Basic Pamuklu Penye Tişört M7669AZ21SP,Defacto,harika koton,Nötr
iki hafta geç gelen kargom için 1 yıldız ürün biraz rahat kalip kumaşı güzel,1,Slim Fit V Yaka Basic Pamuklu Penye Tişört M7669AZ21SP,Defacto,iki hafta geç gelen kargom için yıldız ürün biraz rahat kalip kumaşı güzel,Negatif
Çok kötü kesinlikle tavsiye etmem,1,Slim Fit V Yaka Basic Pamuklu Penye Tişört M7669AZ21SP,Defacto,çok kötü kesinlikle tavsiye etmem,Negatif
Günlük kullanım için uygun,4,Slim Fit V Yaka Basic Pamuklu Penye Tişört M7669AZ21SP,Defacto,günlük kullanım için uygun,Pozitif
S beden giyerken M beden aldım yinede dekoltesi açık baya,3,Bel Bağlama Detaylı Crop Uzun Kollu Gömlek Y0831AZ22SP,Defacto,s beden giyerken m beden aldım yinede dekoltesi açık baya,Nötr
bel kısmı biraz kaba duruyor alacak olanlar göz önünde bulundursun...,3,Kadın WASABI Sirt Detayli Elbise Pamuklu 1YAK88400PW,Koton,bel kısmı biraz kaba duruyor alacak olanlar göz önünde bulundursun,Nötr
Yav etegi boyle nasil desem gereksiz bi kabarik,3,Kadın WASABI Sirt Detayli Elbise Pamuklu 1YAK88400PW,Koton,yav etegi boyle nasil desem gereksiz bi kabarik,Nötr
kumaşı idare eder modeli güzel,3,Kadın WASABI Sirt Detayli Elbise Pamuklu 1YAK88400PW,Koton,kumaşı idare eder modeli güzel,Nötr
Fiyatına değmezgüzel ama daha ucuz olabilirdi,4,Kadın WASABI Sirt Detayli Elbise Pamuklu 1YAK88400PW,Koton,fiyatına değmezgüzel ama daha ucuz olabilirdi,Pozitif
Ürün elime ulaşmadı.,1,Kadın WASABI Sirt Detayli Elbise Pamuklu 1YAK88400PW,Koton,ürün elime ulaşmadı,Negatif
38 beden giyerim normalde ama çok büyük geldi. İade,1,Kadın WASABI Sirt Detayli Elbise Pamuklu 1YAK88400PW,Koton,beden giyerim normalde ama çok büyük geldi iade,Negatif
Ürün sorunsuz geldi ama 34 beden aldığım halde sırt dekoltesi bol geldi iade edicem.,3,Kadın WASABI Sirt Detayli Elbise Pamuklu 1YAK88400PW,Koton,ürün sorunsuz geldi ama beden aldığım halde sırt dekoltesi bol geldi iade edicem,Nötr
Rezilllik ! 36 beden aldım görseldekiyle alakası yok lastiksiz saçma bi elbise yollamışlar,1,Kadın WASABI Sirt Detayli Elbise Pamuklu 1YAK88400PW,Koton,rezilllik beden aldım görseldekiyle alakası yok lastiksiz saçma bi elbise yollamışlar,Negatif
Ürün güzel kumaşı da kötü değil daha tok pamuklu bir kumaş bekliyordum ama fena değil bana fiyatı fazla geldi,4,Ess Cropped Logo Kadın T-shirt Beyaz 58686602,Puma,ürün güzel kumaşı da kötü değil daha tok pamuklu bir kumaş bekliyordum ama fena değil bana fiyatı fazla geldi,Pozitif
"Dokusunu çok beğendim saten gibi kaygan bir kumaş, hafif parlak ve çok tatlı bir lila. Lakin dekoltesi çok derin sürekli açılıyor, kıyafet bandıyla kullanılabilir",4,Kadın Lila T-Shirt 2KAK13442EK,Koton,dokusunu çok beğendim saten gibi kaygan bir kumaş hafif parlak ve çok tatlı bir lila lakin dekoltesi çok derin sürekli açılıyor kıyafet bandıyla kullanılabilir,Pozitif
"Dokusunu çok beğendim saten gibi kaygan bir kumaş, hafif parlak ve çok tatlı bir lila. Lakin dekoltesi çok derin sürekli açılıyor, kıyafet bandıyla kullanılabilir",4,Kadın Lila T-Shirt 2KAK13442EK,Koton,dokusunu çok beğendim saten gibi kaygan bir kumaş hafif parlak ve çok tatlı bir lila lakin dekoltesi çok derin sürekli açılıyor kıyafet bandıyla kullanılabilir,Pozitif
İçi pamuklu değil de havlu kumaşo gibi yazlık,4,Fit Nba Lisanslı Oversize Fit Kapüşonlu Kanguru Cepli Sweatshirt X2984AZ22SP,Defacto,içi pamuklu değil de havlu kumaşo gibi yazlık,Pozitif
çok güzel oldu.,4,Bugs Bunny Lisanslı Pamuklu Kısa Kollu Pijama Takımı 2YLK79343MK,Koton,çok güzel oldu,Pozitif
Çok kaliteli beyendim,4,Bugs Bunny Lisanslı Pamuklu Kısa Kollu Pijama Takımı 2YLK79343MK,Koton,çok kaliteli beyendim,Pozitif
Ürün güzel ama kalıbı büyük bir beden küçük alinabilir,4,Bugs Bunny Lisanslı Pamuklu Kısa Kollu Pijama Takımı 2YLK79343MK,Koton,ürün güzel ama kalıbı büyük bir beden küçük alinabilir,Pozitif
çok kaliteli bi ürün severek kullanıyorum,4,Bugs Bunny Lisanslı Pamuklu Kısa Kollu Pijama Takımı 2YLK79343MK,Koton,çok kaliteli bi ürün severek kullanıyorum,Pozitif
kumaşı yumuşak güzel. tam beden,4,Bugs Bunny Lisanslı Pamuklu Kısa Kollu Pijama Takımı 2YLK79343MK,Koton,kumaşı yumuşak güzel tam beden,Pozitif
çok güzel durdu ama göğüs kısmı dar gelebilir alırken dikkat edin,4,Kadın Mavi Ekoseli Elbise 2KAL88031OW,Koton,çok güzel durdu ama göğüs kısmı dar gelebilir alırken dikkat edin,Pozitif
Fiyat performansina gore kalitesi dusuk,1,Kadın Mavi Ekoseli Elbise 2KAL88031OW,Koton,fiyat performansina gore kalitesi dusuk,Negatif
"Bir beden büyük alsaydım daha iyi olabilirmiş ama bu şekilde de fena değil, güzel bi ürün",4,Kadın Mavi Ekoseli Elbise 2KAL88031OW,Koton,bir beden büyük alsaydım daha iyi olabilirmiş ama bu şekilde de fena değil güzel bi ürün,Pozitif
Fiyatına göre gayet güzel.,4,Kadın Mavi Ekoseli Elbise 2KAL88031OW,Koton,fiyatına göre gayet güzel,Pozitif
"Ürünün rengi ve kumaşı çok güzel. Ayrıca 2 gün içinde de bana ulaştı hızlı kargo. Ben normalde kotonda hep 34 beden giyen biri olarak bunda 34 beden dar oldu iade edip 36 söyledim o da bazı yerlerde potluk yaptı. Model konusunda bazı sıkıntılar var, kum saati yapısındaysanız pek de istediğini gibi olmayacak model ama yine de beğendim. Eğer kotonda belli bir bedeniniz varsa rahat etmek ve çok dar görünmemesi için ve de kazak üs",4,Kadın Mavi Ekoseli Elbise 2KAL88031OW,Koton,ürünün rengi ve kumaşı çok güzel ayrıca gün içinde de bana ulaştı hızlı kargo ben normalde kotonda hep beden giyen biri olarak bunda beden dar oldu iade edip söyledim o da bazı yerlerde potluk yaptı model konusunda bazı sıkıntılar var kum saati yapısındaysanız pek de istediğini gibi olmayacak model ama yine de beğendim eğer kotonda belli bir bedeniniz varsa rahat etmek ve çok dar görünmemesi için ve de kazak üs,Pozitif
gorselde daha guzel duruyor. giyince pek oyle durmadi. gogus dekoltesi fazla,3,Batik Desenli Beli Bağlamalı Midi Elbise 1YAL88192IW,Koton,gorselde daha guzel duruyor giyince pek oyle durmadi gogus dekoltesi fazla,Nötr
Yani fiyatına göre değil,3,Erkek %100 Pamuk Lacivert Polo Yaka Baskılı T-shirt A21Y1096,Avva,yani fiyatına göre değil,Nötr
"Renkler güzel, biraz boyu uzun gibi.",4,Erkek %100 Pamuk Lacivert Polo Yaka Baskılı T-shirt A21Y1096,Avva,renkler güzel biraz boyu uzun gibi,Pozitif
Rengi görselden bir tık daha koyu ama yine de güzel kumasıda yazlık güzel,4,Relax Fit Polo Yaka Pamuklu Penye Tişört X2927AZ22SM,Defacto,rengi görselden bir tık daha koyu ama yine de güzel kumasıda yazlık güzel,Pozitif
Kalıbının büyük olması dışında gayet güzel,4,Relax Fit Polo Yaka Pamuklu Penye Tişört X2927AZ22SM,Defacto,kalıbının büyük olması dışında gayet güzel,Pozitif
cok kalitesiz 90 lira etmez,1,Kadın Slogan Desenli Pamuklu Plaj Havlu W8308AZ22SM,Defacto,cok kalitesiz lira etmez,Negatif
muhteşem değil ama kullanılır 90 TL iken almıştım,3,Kadın Slogan Desenli Pamuklu Plaj Havlu W8308AZ22SM,Defacto,muhteşem değil ama kullanılır tl iken almıştım,Nötr
Normal pamuklu,4,Bej Yoga Çorabı 1900077-31303,Mavi,normal pamuklu,Pozitif
Normal pamuklu,4,Bej Yoga Çorabı 1900077-31303,Mavi,normal pamuklu,Pozitif
"Ben aldım indirime girdi,garibanın yüzü gülmüyor arkadaş.",1,Erkek %100 Pamuk Ekru Polo Yaka Jakarlı T-shirt A21Y1040,Avva,ben aldım indirime girdigaribanın yüzü gülmüyor arkadaş,Negatif
0 derecede yıkamama rağmen çekti ve küçük geliyor,1,Erkek %100 Pamuk Ekru Polo Yaka Jakarlı T-shirt A21Y1040,Avva,derecede yıkamama rağmen çekti ve küçük geliyor,Negatif
Ürün çok güzel ama 2 yerinde lekeli bir şekilde geldi. Yıkadıktan sonra biri çıktı diğeri hâlâ çıkmadı. Avva’ya yakıştıramamışım bir durum,1,Erkek %100 Pamuk Ekru Polo Yaka Jakarlı T-shirt A21Y1040,Avva,ürün çok güzel ama yerinde lekeli bir şekilde geldi yıkadıktan sonra biri çıktı diğeri hl çıkmadı avvaya yakıştıramamışım bir durum,Negatif
ben ürünü indirimden aldım kumaşı sert boyu kısa ben m beden aldım güzel oldu sadece kumaşı sert ve 80₺ fazla bir fiyat ama bu ekonomide iyi,3,Triko Kazak 0KAK92997HT,Koton,ben ürünü indirimden aldım kumaşı sert boyu kısa ben m beden aldım güzel oldu sadece kumaşı sert ve fazla bir fiyat ama bu ekonomide iyi,Nötr
Şık bir bluz duruşu çok güzel dekoltesi ideal kalıbı dar büyük alınmasını tavsiye ederim,4,V Yaka Kolsuz Fırfır Detaylı Bluz 0YAK68049PW,Koton,şık bir bluz duruşu çok güzel dekoltesi ideal kalıbı dar büyük alınmasını tavsiye ederim,Pozitif
Çok ince ve kısa bir havlu memnun kalmadım,3,Kadın Desenli Pamuklu Plaj Havlu W8309AZ22SM,Defacto,çok ince ve kısa bir havlu memnun kalmadım,Nötr
Deseni güzel fakat çok ince kalitesiz geldi,3,Kadın Desenli Pamuklu Plaj Havlu W8309AZ22SM,Defacto,deseni güzel fakat çok ince kalitesiz geldi,Nötr
Rengi dokusu çok iyi ama beden olarak büyük bu yüzden iade edip Bi küçüğünü alacam,3,Boxy Fit Bisiklet Yaka Baskılı Pamuklu Penye Tişört X5886AZ22SM,Defacto,rengi dokusu çok iyi ama beden olarak büyük bu yüzden iade edip bi küçüğünü alacam,Nötr
gelen tişört çok daha koyu bir mor. burdaki gibi tatlı bir mor değil. kumaşı güzel yumuşak ama model tam oversize gibi değil boxy fit ilk defa denedim boyu normalden uzun ve oversize a göre dar. beğenmediğim için iade edeceğim.,2,Boxy Fit Bisiklet Yaka Baskılı Pamuklu Penye Tişört X5886AZ22SM,Defacto,gelen tişört çok daha koyu bir mor burdaki gibi tatlı bir mor değil kumaşı güzel yumuşak ama model tam oversize gibi değil boxy fit ilk defa denedim boyu normalden uzun ve oversize a göre dar beğenmediğim için iade edeceğim,Negatif
Ev tişörtü,3,Fit Oversize Fit Bisiklet Yaka Crop Organik Pamuk Spor Tişört X0159AZ22SP,Defacto,ev tişörtü,Nötr
evde giyerim diye aldım. Benim için evde rahatlık önemli pamuklu yumuşacık. tam beden sayılır salaş giyilecek bisey ama dar gitmek isteyen 1 2 beden küçük alsın,3,Fit Oversize Fit Bisiklet Yaka Crop Organik Pamuk Spor Tişört X0159AZ22SP,Defacto,evde giyerim diye aldım benim için evde rahatlık önemli pamuklu yumuşacık tam beden sayılır salaş giyilecek bisey ama dar gitmek isteyen beden küçük alsın,Nötr
Boyu aşırı kısa göründüğü kadar uzun değil 166 boyum göğsümün tam alt hizasında.,2,Fit Oversize Fit Bisiklet Yaka Crop Organik Pamuk Spor Tişört X0159AZ22SP,Defacto,boyu aşırı kısa göründüğü kadar uzun değil boyum göğsümün tam alt hizasında,Negatif
"Deseni Sofra bezine benzediği için iade edeceğim,bir beden küçük alabilirsiniz kalıbı bi tık büyük",2,Ekoseli Pantolon Ispanyol Paça Cepli Pamuklu 2SAK40079EW,Koton,deseni sofra bezine benzediği için iade edeceğimbir beden küçük alabilirsiniz kalıbı bi tık büyük,Negatif
Çok güzel ama kalıbı çok geniş normalde 36-38 beden giyen biriyim 36 söyledim aşırı bol oldu 32 falan söylemem gerekiyordu herhalde,4,Ekoseli Pantolon Ispanyol Paça Cepli Pamuklu 2SAK40079EW,Koton,çok güzel ama kalıbı çok geniş normalde beden giyen biriyim söyledim aşırı bol oldu falan söylemem gerekiyordu herhalde,Pozitif
güzel. kullanışlı,4,Regular Fit Pamuklu Bermuda N7439AZ22SM,Defacto,güzel kullanışlı,Pozitif
Rengi çok güzel ancak kalıbı dar.,3,Regular Fit Pamuklu Bermuda N7439AZ22SM,Defacto,rengi çok güzel ancak kalıbı dar,Nötr
Orta kaliteli de bir ürün fiyatı da makul tam bedeninizi alın,4,Regular Fit Pamuklu Bermuda N7439AZ22SM,Defacto,orta kaliteli de bir ürün fiyatı da makul tam bedeninizi alın,Pozitif
ürünü geç gönderdikleri gibi ne sorularıma nede iptal talebinde jarsilik vermeyip ürünü yolladilar işinize saygınız olsun,1,Regular Fit Pamuklu Bermuda N7439AZ22SM,Defacto,ürünü geç gönderdikleri gibi ne sorularıma nede iptal talebinde jarsilik vermeyip ürünü yolladilar işinize saygınız olsun,Negatif
bir beden küçük alınabilir,3,Kadın Mavi Minimal Slogan Baskılı Organik Pamuklu Askılı Crop Atlet U8376AZ21SM,Defacto,bir beden küçük alınabilir,Nötr
Fena değil,3,Kadın Mavi Minimal Slogan Baskılı Organik Pamuklu Askılı Crop Atlet U8376AZ21SM,Defacto,fena değil,Nötr
Dikişleri hafif pot duruyor ama yinede giyilir 👍,4,Kadın Mavi Minimal Slogan Baskılı Organik Pamuklu Askılı Crop Atlet U8376AZ21SM,Defacto,dikişleri hafif pot duruyor ama yinede giyilir,Pozitif
"Mankendeki duruşa göre aldım, çok kısa, sanırım sıfır göğüs olmak zorunda, değişim yapacağım",3,Kadın Mavi Minimal Slogan Baskılı Organik Pamuklu Askılı Crop Atlet U8376AZ21SM,Defacto,mankendeki duruşa göre aldım çok kısa sanırım sıfır göğüs olmak zorunda değişim yapacağım,Nötr
Çok güzel değil ama iade etmicem,3,Kadın Mavi Minimal Slogan Baskılı Organik Pamuklu Askılı Crop Atlet U8376AZ21SM,Defacto,çok güzel değil ama iade etmicem,Nötr
"kumaşı pamuklu ama güzel değil, kaliteli durmuyor çok. modeli fena değil, rengi güzel.",3,Bisiklet Yaka Sweatshirt 1610084-70810,Mavi,kumaşı pamuklu ama güzel değil kaliteli durmuyor çok modeli fena değil rengi güzel,Nötr
Çok uyguna geldi ürün kalitesi güzel,4,Sortlu Tulum Pamuklu TYC00180814049,Koton,çok uyguna geldi ürün kalitesi güzel,Pozitif
kendı bedenınızı alın,4,Sortlu Tulum Pamuklu TYC00180814049,Koton,kendı bedenınızı alın,Pozitif
Ben ürünü çok uygun bir fiyata aldım ama o fiyatta bile fazla ödedim diye düşünürken bu fiyata cikarmaniza çok şaşırdım. 399 tl nedir bu tulum için. Görünce gözlerime inanamadim.,3,Sortlu Tulum Pamuklu TYC00180814049,Koton,ben ürünü çok uygun bir fiyata aldım ama o fiyatta bile fazla ödedim diye düşünürken bu fiyata cikarmaniza çok şaşırdım tl nedir bu tulum için görünce gözlerime inanamadim,Nötr
"güzel bir yeşil, boyu da güzel, yakaya bir iğne ayarlamakla uğraşmak zahmet veriyor bana",3,Sortlu Tulum Pamuklu TYC00180814049,Koton,güzel bir yeşil boyu da güzel yakaya bir iğne ayarlamakla uğraşmak zahmet veriyor bana,Nötr
Bir beden büyük alın.kalitesi iyi.,3,Ip Askılı Pamuklu Crop Top U0358AZ21AU,Defacto,bir beden büyük alınkalitesi iyi,Nötr
"Bedeniniz tam oluyor ama esnek değil, rahat hissettirmiyor . Bu yüzden büyük almakta fayda var.",4,Ip Askılı Pamuklu Crop Top U0358AZ21AU,Defacto,bedeniniz tam oluyor ama esnek değil rahat hissettirmiyor bu yüzden büyük almakta fayda var,Pozitif
çok küçük 2 beden büyük alın,2,Ip Askılı Pamuklu Crop Top U0358AZ21AU,Defacto,çok küçük beden büyük alın,Negatif
Dikişleri bir garip ama yine de giyilir m beden aldım göğüslerim büyük diye istediğim gibi durdu. Tek sıkıntısı sütyensiz giyilemeyecek olması iç gösteriyor baya.,3,Ip Askılı Pamuklu Crop Top U0358AZ21AU,Defacto,dikişleri bir garip ama yine de giyilir m beden aldım göğüslerim büyük diye istediğim gibi durdu tek sıkıntısı sütyensiz giyilemeyecek olması iç gösteriyor baya,Nötr
basit bir durusu var incecik,1,Ip Askılı Pamuklu Crop Top U0358AZ21AU,Defacto,basit bir durusu var incecik,Negatif
ikiside xs beden beyazda bir sıkıntı var ipinin bir tanesi de diğerine göre kısa,3,Ip Askılı Pamuklu Crop Top U0358AZ21AU,Defacto,ikiside xs beden beyazda bir sıkıntı var ipinin bir tanesi de diğerine göre kısa,Nötr
Kalitesini çok beğenmedim ama görüntüsü güzel,4,Erkek Lacivert Ekoseli Şort &amp; Bermuda 1YAM41708BW,Koton,kalitesini çok beğenmedim ama görüntüsü güzel,Pozitif
"dar kalıp, güzel değil",2,Erkek Lacivert Ekoseli Şort &amp; Bermuda 1YAM41708BW,Koton,dar kalıp güzel değil,Negatif
Tam beden alınabilir gayet guzel,3,Slim Fit Bisiklet Yaka Basic Kısa Kollu Pamuklu Penye Tişört M4790AZ21SM,Defacto,tam beden alınabilir gayet guzel,Nötr
nişanlım için aldım ürün güzel geldi kargo mükemmel,4,Slim Fit Bisiklet Yaka Basic Kısa Kollu Pamuklu Penye Tişört M4790AZ21SM,Defacto,nişanlım için aldım ürün güzel geldi kargo mükemmel,Pozitif
Kendi bedeninizi almanız da yarar var. Kumaşı oldukça yumuşak,4,Slim Fit Bisiklet Yaka Basic Kısa Kollu Pamuklu Penye Tişört M4790AZ21SM,Defacto,kendi bedeninizi almanız da yarar var kumaşı oldukça yumuşak,Pozitif
Fiyat performans ürünü.,4,Slim Fit Bisiklet Yaka Basic Kısa Kollu Pamuklu Penye Tişört M4790AZ21SM,Defacto,fiyat performans ürünü,Pozitif
Ceketin kumaşı pamuklu olmasına tagmen sert formu güzel durmuyor,2,Cep Ve Düğme Detaylı Ceket 0YAK52269UW,Koton,ceketin kumaşı pamuklu olmasına tagmen sert formu güzel durmuyor,Negatif
Kumaşıok ince ve kalıbı büyük bu paraya bu kalite eş değer değil,2,3lü Paket Pamuklu Yüksek Bel Slip Külot ST0040601B,Suwen,kumaşıok ince ve kalıbı büyük bu paraya bu kalite eş değer değil,Negatif
Fena değil fotoğraftaki gibi,4,Oversize Fit Bisiklet Yaka Pamuklu Penye Tişört TYC00459275965,Defacto,fena değil fotoğraftaki gibi,Pozitif
Ürün güzel ama kumaşı pek sayılmaz,3,Oversize Fit Bisiklet Yaka Pamuklu Penye Tişört TYC00459275965,Defacto,ürün güzel ama kumaşı pek sayılmaz,Nötr
"Güzel ürün beğendim ben, baskısı çok iyi. sırt kısmında olsaydı daha iyi olabilirdi. kalıbı çok geniş ona göre beden tercihinizi yapabilir siniz",4,Oversize Fit Bisiklet Yaka Pamuklu Penye Tişört TYC00459275965,Defacto,güzel ürün beğendim ben baskısı çok iyi sırt kısmında olsaydı daha iyi olabilirdi kalıbı çok geniş ona göre beden tercihinizi yapabilir siniz,Pozitif
160 boy 63 kg 31 beden çok büyük geldi.28 yada 29 beden okur.çok bol olduğu için iade ettim .kumaşı ince değil .kışın giyilebilir pamuklu bir kumaş,3,891 Maya Orta Bel Daralan Paça Slim Fit Jean Kadın Jean Pantolon CL1051236,Colin’s,boy kg beden çok büyük geldi yada beden okurçok bol olduğu için iade ettim kumaşı ince değil kışın giyilebilir pamuklu bir kumaş,Nötr
Oversize bi ceket salaş dursun diye 1 beden büyük almayın kendisi de model olarak geniş zaten renkleri canlı,4,Fermuarlı Ekose Bomber Ceket 2WAK50010PW,Koton,oversize bi ceket salaş dursun diye beden büyük almayın kendisi de model olarak geniş zaten renkleri canlı,Pozitif
38 istememe rağmen 40 yollamışlar model zaten oversize bunu bilerek küçük istemiştim ve büyük geldi normal olarak,3,Fermuarlı Ekose Bomber Ceket 2WAK50010PW,Koton,istememe rağmen yollamışlar model zaten oversize bunu bilerek küçük istemiştim ve büyük geldi normal olarak,Nötr
gayet güzel tek sorun kolları çok geniş,4,Fermuarlı Ekose Bomber Ceket 2WAK50010PW,Koton,gayet güzel tek sorun kolları çok geniş,Pozitif
Dekoltesiz ve şık olmak için çok güzel bir elbise. Tril tril düğünde giyeceğim.,4,Kemer Detaylı Midi Elbise Geniş Kollu 2KAK88249CW,Koton,dekoltesiz ve şık olmak için çok güzel bir elbise tril tril düğünde giyeceğim,Pozitif
gorundugu gibi,4,Kadın Polo Yaka Tişört Crop Çizgili Pamuklu 1YAL18887UK,Koton,gorundugu gibi,Pozitif
begendim renkleri çok tatli,4,Kadın Polo Yaka Tişört Crop Çizgili Pamuklu 1YAL18887UK,Koton,begendim renkleri çok tatli,Pozitif
Yırtık var üzerinde 😏,3,Kadın Polo Yaka Tişört Crop Çizgili Pamuklu 1YAL18887UK,Koton,yırtık var üzerinde,Nötr
"kumaşın kalitesi, dikişleri her şey çok kötüydü. çok heveslenerek almıştım son üründü hem de ama iade edeceğim.",2,Kadın Polo Yaka Tişört Crop Çizgili Pamuklu 1YAL18887UK,Koton,kumaşın kalitesi dikişleri her şey çok kötüydü çok heveslenerek almıştım son üründü hem de ama iade edeceğim,Negatif
"Çok ince kumaş, renkli olmasına rağmen iç gösteriyor nerdeyse.",3,Kadın Polo Yaka Tişört Crop Çizgili Pamuklu 1YAL18887UK,Koton,çok ince kumaş renkli olmasına rağmen iç gösteriyor nerdeyse,Nötr
Dar biraz ama rengi çok hoş,4,Kadın Polo Yaka Tişört Crop Çizgili Pamuklu 1YAL18887UK,Koton,dar biraz ama rengi çok hoş,Pozitif
kumaşı ince istediğim gibi güzel,4,Kadın Polo Yaka Tişört Crop Çizgili Pamuklu 1YAL18887UK,Koton,kumaşı ince istediğim gibi güzel,Pozitif
Defolu geldi iade,1,Kadın Polo Yaka Tişört Crop Çizgili Pamuklu 1YAL18887UK,Koton,defolu geldi iade,Negatif
xs almama ragmen cok buyuk oldu cuval gibi ama kalitesi falan guzel yazin giyilir,3,Oversize Fit Bisiklet Yaka Pamuklu Penye Tişört T5213AZ22SM,Defacto,xs almama ragmen cok buyuk oldu cuval gibi ama kalitesi falan guzel yazin giyilir,Nötr
Erkek arkadaşıma hediye olarak aldım sevgilime çok yakıştı ama konunun tişörtle alakası yok benim sevgilim çok yakışıklı ayrıca kargo çok uzun sürdü o yüzden 1 puan kırıyorum,4,Oversize Fit Bisiklet Yaka Pamuklu Penye Tişört T5213AZ22SM,Defacto,erkek arkadaşıma hediye olarak aldım sevgilime çok yakıştı ama konunun tişörtle alakası yok benim sevgilim çok yakışıklı ayrıca kargo çok uzun sürdü o yüzden puan kırıyorum,Pozitif
Sevgilime aldım çok yakıştı siz sevgilinize almayın ona yakışmaz :D bedeni bol,3,Oversize Fit Bisiklet Yaka Pamuklu Penye Tişört T5213AZ22SM,Defacto,sevgilime aldım çok yakıştı siz sevgilinize almayın ona yakışmaz d bedeni bol,Nötr
kumaşı güzel bedeni aşırı bol bir beden küçük alın,4,Oversize Fit Bisiklet Yaka Pamuklu Penye Tişört T5213AZ22SM,Defacto,kumaşı güzel bedeni aşırı bol bir beden küçük alın,Pozitif
ürün çok güzel ama maalesef kot gibi değil pamuklu gömlek gibi duruyor tam jeans havasında değil,2,Indigo Gömlek Slim Fit / Dar Kesim 0210122-18790,Mavi,ürün çok güzel ama maalesef kot gibi değil pamuklu gömlek gibi duruyor tam jeans havasında değil,Negatif
Kumaşı hiç toplamıyor kot değil pamuk değil kokuyor değişik bi gömlek iade ettim,1,Indigo Gömlek Slim Fit / Dar Kesim 0210122-18790,Mavi,kumaşı hiç toplamıyor kot değil pamuk değil kokuyor değişik bi gömlek iade ettim,Negatif
Baharlık inceliğinde bir kumaşı var ama %50 pamuk %50 polyester. Biraz yakıyor. Mavi olmasa yarı fiyatına alınır. Ben pişman oldum açıkçası.,4,The Time Baskılı Gri Sweatshirt 8806114-34314,Mavi,baharlık inceliğinde bir kumaşı var ama pamuk polyester biraz yakıyor mavi olmasa yarı fiyatına alınır ben pişman oldum açıkçası,Pozitif
GÖĞÜS DEKOLTESİ BAYA AÇIK AMA MODEL GÜZEL,4,Yaka Detaylı Bluz 9YAK68764PW,Koton,göğüs dekoltesi baya açik ama model güzel,Pozitif
güzel ve kaliteliy,3,Erkek Kırmızı Pamuklu Bisiklet Yaka Yazı Baskılı Kısa Kollu T-Shirt 1YAM11800LK,Koton,güzel ve kaliteliy,Nötr
parlak bir kırmızı resimdeki rengin aynısı ve yumuşak bir dokusu var,4,Erkek Kırmızı Pamuklu Bisiklet Yaka Yazı Baskılı Kısa Kollu T-Shirt 1YAM11800LK,Koton,parlak bir kırmızı resimdeki rengin aynısı ve yumuşak bir dokusu var,Pozitif
"Rengi biraz daha canlı olsun isterdim , ama fiyat performans açısından iyi",3,Erkek Kırmızı Pamuklu Bisiklet Yaka Yazı Baskılı Kısa Kollu T-Shirt 1YAM11800LK,Koton,rengi biraz daha canlı olsun isterdim ama fiyat performans açısından iyi,Nötr
gayet iyi bi tişört beğendim,4,Erkek Kırmızı Pamuklu Bisiklet Yaka Yazı Baskılı Kısa Kollu T-Shirt 1YAM11800LK,Koton,gayet iyi bi tişört beğendim,Pozitif
Orta dereceli ürün,3,Erkek Kırmızı Pamuklu Bisiklet Yaka Yazı Baskılı Kısa Kollu T-Shirt 1YAM11800LK,Koton,orta dereceli ürün,Nötr
İnçe tam beden alınabilir fiyatına göre iyi,4,Erkek Kırmızı Pamuklu Bisiklet Yaka Yazı Baskılı Kısa Kollu T-Shirt 1YAM11800LK,Koton,inçe tam beden alınabilir fiyatına göre iyi,Pozitif
İyi idare eder,3,Erkek Kırmızı Pamuklu Bisiklet Yaka Yazı Baskılı Kısa Kollu T-Shirt 1YAM11800LK,Koton,iyi idare eder,Nötr
"rengi canlı,güzel..",3,Erkek Kırmızı Pamuklu Bisiklet Yaka Yazı Baskılı Kısa Kollu T-Shirt 1YAM11800LK,Koton,rengi canlıgüzel,Nötr
Rengi bu kadar canlı değil ama fiyata göre gayet güzel kötü değil,4,Erkek Kırmızı Pamuklu Bisiklet Yaka Yazı Baskılı Kısa Kollu T-Shirt 1YAM11800LK,Koton,rengi bu kadar canlı değil ama fiyata göre gayet güzel kötü değil,Pozitif
Defolu ürün👎🏼,1,Erkek Kırmızı Pamuklu Bisiklet Yaka Yazı Baskılı Kısa Kollu T-Shirt 1YAM11800LK,Koton,defolu ürün,Negatif
Yikaninca cekti,1,Erkek Kırmızı Pamuklu Bisiklet Yaka Yazı Baskılı Kısa Kollu T-Shirt 1YAM11800LK,Koton,yikaninca cekti,Negatif
ürün kalitesi çok kötü ilk yıkamada çöp 🙄,2,Erkek Kırmızı Pamuklu Bisiklet Yaka Yazı Baskılı Kısa Kollu T-Shirt 1YAM11800LK,Koton,ürün kalitesi çok kötü ilk yıkamada çöp,Negatif
"Ürün kumaşı ince, boyu uzun, rengi canlı değil kaliteli durmuyor",3,Erkek Kırmızı Pamuklu Bisiklet Yaka Yazı Baskılı Kısa Kollu T-Shirt 1YAM11800LK,Koton,ürün kumaşı ince boyu uzun rengi canlı değil kaliteli durmuyor,Nötr
Ben bu tarz tşörtleri tayt üzerine kullanmayı seviyorum salaş dursun die normal bedenim m olmasına rağmen L sipariş ettim ama bedenler küçük. M gibi oldu,3,Çakmaktaslar Tisört Lisansli Pamuklu 1YAL18308IK,Koton,ben bu tarz tşörtleri tayt üzerine kullanmayı seviyorum salaş dursun die normal bedenim m olmasına rağmen l sipariş ettim ama bedenler küçük m gibi oldu,Nötr
Çok güzel bir tişört,4,Çakmaktaslar Tisört Lisansli Pamuklu 1YAL18308IK,Koton,çok güzel bir tişört,Pozitif
Güzel urun kalıbı biraz dar,4,Çakmaktaslar Tisört Lisansli Pamuklu 1YAL18308IK,Koton,güzel urun kalıbı biraz dar,Pozitif
Ben beğendim ucuz bir tişört gibi durmuyor kendi bedeninizi alabilirsiniz içinizi de çok göstermiyor,4,Çakmaktaslar Tisört Lisansli Pamuklu 1YAL18308IK,Koton,ben beğendim ucuz bir tişört gibi durmuyor kendi bedeninizi alabilirsiniz içinizi de çok göstermiyor,Pozitif
kumaşı pek kaliteli değil maalesef,2,Çakmaktaslar Tisört Lisansli Pamuklu 1YAL18308IK,Koton,kumaşı pek kaliteli değil maalesef,Negatif
Ürünün kumaşı çok kötü 👎🏻 maalesef evde giyilecek iade etmek için uğraşamayacağım için.. alınmaz bence,4,Çakmaktaslar Tisört Lisansli Pamuklu 1YAL18308IK,Koton,ürünün kumaşı çok kötü maalesef evde giyilecek iade etmek için uğraşamayacağım için alınmaz bence,Pozitif
Ürün güzel fakat defolu geldi.,4,Çakmaktaslar Tisört Lisansli Pamuklu 1YAL18308IK,Koton,ürün güzel fakat defolu geldi,Pozitif
pamuklu oldugu için tercih etmiştik eşin severek kullanıyor,4,ZADOC KISA KOLLU TİŞÖRT 911061-3500,HUMMEL,pamuklu oldugu için tercih etmiştik eşin severek kullanıyor,Pozitif
engi göründüğü gibi capcanlı saks. dıstan pamuklu.içten polyester. tene değen iç kısım tamamen polyester.,3,Kadın Saks Mavisi Şort &amp; Bermuda 1YAL28091IK,Koton,engi göründüğü gibi capcanlı saks dıstan pamukluiçten polyester tene değen iç kısım tamamen polyester,Nötr
"kumasi,modeli guzel fakat bana meme kismi kucuk oldu. biraz fazla dekolteli,şezlongda yan yatsaniz memeniz icinden cikar o şekil.38 bedenim, 75c sutyen lullaniyorum.",3,Lastik Detaylı Viva Mayo 2YAK85982BM,Koton,kumasimodeli guzel fakat bana meme kismi kucuk oldu biraz fazla dekoltelişezlongda yan yatsaniz memeniz icinden cikar o şekil bedenim c sutyen lullaniyorum,Nötr
"tam beden tercih edilmeli tam yazlık pamuklu keten karışımı diyebiliriz tüm yaz rahatlıkla giyilir. boyum 1.65 bilek boydan 2 cm daha uzun oldu, rengi kına yeşil tam olarak haki değil bilginize...",4,Kadın Haki Pantolon TYC00042259293,Koton,tam beden tercih edilmeli tam yazlık pamuklu keten karışımı diyebiliriz tüm yaz rahatlıkla giyilir boyum bilek boydan cm daha uzun oldu rengi kına yeşil tam olarak haki değil bilginize,Pozitif
Çok tatlı bi üst ama pamuklu olsaymış keske,4,Tısort 1YAL18067UK,Koton,çok tatlı bi üst ama pamuklu olsaymış keske,Pozitif
Güzel ama pamuklu değil.,3,Regular Fit Çiçek Baskılı Çok Renkli Kadın Elbise .CL1058186_Q1.V1_MTC,Colin’s,güzel ama pamuklu değil,Nötr
gayet rahat indirimden 15 tl gibi bir rakama almıştım eşim için,3,Slim Fit Bisiklet Yaka Basic Kısa Kollu Pamuklu Penye Tişört M4790AZ21SM,Defacto,gayet rahat indirimden tl gibi bir rakama almıştım eşim için,Nötr
GÜZEL ÜRÜN FAKAT YAKA VE BACAK DEKOLTESİ AŞIRI,3,V Yaka Elbise Yarasa Kollu 1YAK88782BW,Koton,güzel ürün fakat yaka ve bacak dekoltesi aşiri,Nötr
model biraz dar,3,Kadın Siyah Coool Sırtı Slogan Baskılı İp Dekolteli Crop Top U9683AZ21HS,Defacto,model biraz dar,Nötr
İp detayında kısım ben de beyaz yazıları da siyah tam beden.,3,Kadın Siyah Coool Sırtı Slogan Baskılı İp Dekolteli Crop Top U9683AZ21HS,Defacto,ip detayında kısım ben de beyaz yazıları da siyah tam beden,Nötr
Modeline 10 puan ama alt kısmı sökük geldi die iade etmek zorunda kaldım içime hiç sinmedi,2,Kadın Siyah Coool Sırtı Slogan Baskılı İp Dekolteli Crop Top U9683AZ21HS,Defacto,modeline puan ama alt kısmı sökük geldi die iade etmek zorunda kaldım içime hiç sinmedi,Negatif
Kalitesiz iade ettim,3,Kadın Siyah Coool Sırtı Slogan Baskılı İp Dekolteli Crop Top U9683AZ21HS,Defacto,kalitesiz iade ettim,Nötr
idare eder,3,Oversize Fit Bisiklet Yaka Pamuklu Penye Tişört Y2063AZ22SM,Defacto,idare eder,Nötr
Bedeni büyük geldi iyade,1,Oversize Fit Bisiklet Yaka Pamuklu Penye Tişört Y2063AZ22SM,Defacto,bedeni büyük geldi iyade,Negatif
Cok büyük geldi. “S” siparish etdim. Normalde s bana tam olur. Bu neredeyse “m” den buyuk,2,Oversize Fit Bisiklet Yaka Pamuklu Penye Tişört Y2063AZ22SM,Defacto,cok büyük geldi s siparish etdim normalde s bana tam olur bu neredeyse m den buyuk,Negatif
güzel değil beğenmedim,2,Coool Çift Cep Deaylı Pamuklu Kısa Kollu Crop Poplin Gömlek X9682AZ22SM,Defacto,güzel değil beğenmedim,Negatif
Çok güzell,3,Ekoseli Kemer Detaylı Slim Fit Pantolon 0YAK42800UW,Koton,çok güzell,Nötr
abi tek kelimeyle berbat belim fiziğime göre ince bunu bilerek bacaktan dar olmasın diye 40 beden söyledim(ölçülerim 153 58 kg) ama anlamadığım bir tuhaflık var desenler daha seyrek o yüzden daha çok kareli pijamaya benzedi kemeri ince kemer katogorisinde gayet iyi ama pantolon güzel değil,2,Ekoseli Kemer Detaylı Slim Fit Pantolon 0YAK42800UW,Koton,abi tek kelimeyle berbat belim fiziğime göre ince bunu bilerek bacaktan dar olmasın diye beden söyledimölçülerim kg ama anlamadığım bir tuhaflık var desenler daha seyrek o yüzden daha çok kareli pijamaya benzedi kemeri ince kemer katogorisinde gayet iyi ama pantolon güzel değil,Negatif
Ürün eksik gönderildi kemer gelmedi görünüş olarak güzel,3,Ekoseli Kemer Detaylı Slim Fit Pantolon 0YAK42800UW,Koton,ürün eksik gönderildi kemer gelmedi görünüş olarak güzel,Nötr
Kalıbını çok beğenmedim,3,Ekoseli Kemer Detaylı Slim Fit Pantolon 0YAK42800UW,Koton,kalıbını çok beğenmedim,Nötr
pek sevemedim kilolu gösterdi,3,Ekoseli Kemer Detaylı Slim Fit Pantolon 0YAK42800UW,Koton,pek sevemedim kilolu gösterdi,Nötr
çok bol oluyor,3,Oversize Fit Baskılı Bisiklet Yaka Pamuklu Kısa Kollu Tişört X0971AZ22SM,Defacto,çok bol oluyor,Nötr
güzel ve görsedeki gibi ama kumaşı biraz terleten kalitede.,3,Çizgili %100 Pamuk Cep Detaylı Gömlek 0YAK63111EW,Koton,güzel ve görsedeki gibi ama kumaşı biraz terleten kalitede,Nötr
"çok yumuşak, kaliteli durmuyor",2,Çizgili %100 Pamuk Cep Detaylı Gömlek 0YAK63111EW,Koton,çok yumuşak kaliteli durmuyor,Negatif
Kumaşı güzel ama kaliteli bir gömlek gibi durmuyor,3,Çizgili %100 Pamuk Cep Detaylı Gömlek 0YAK63111EW,Koton,kumaşı güzel ama kaliteli bir gömlek gibi durmuyor,Nötr
"kumaş hafif ınce ama kalıplar felaket dar, salaş isteyen 2 beden buyuk alsın",2,Çizgili %100 Pamuk Cep Detaylı Gömlek 0YAK63111EW,Koton,kumaş hafif ınce ama kalıplar felaket dar salaş isteyen beden buyuk alsın,Negatif
Günlük kullanım veya ev için ideal. Kalıbı geniş. 1 beden ufak alınmalı.,3,Kadın Pamuklu Belden Bağlamalı Cepli Şort 1YAL28201OK,Koton,günlük kullanım veya ev için ideal kalıbı geniş beden ufak alınmalı,Nötr
Sadece evde giyine bilirsiniz cok kaliteli ğrün diyildir,1,Kadın Pamuklu Belden Bağlamalı Cepli Şort 1YAL28201OK,Koton,sadece evde giyine bilirsiniz cok kaliteli ğrün diyildir,Negatif
Çok güzel bir tulum fakat fermarı bozuk geldi,3,Kadın Çizgili Tulum Pamuklu 1YAL48010IW,Koton,çok güzel bir tulum fakat fermarı bozuk geldi,Nötr
Kalıbı büyüktü. Normalde M giyerim ama bunda S alsam çok daha iyi olurmuş. Ayrıca yorumları pek dikkate almamıştım arkasında dikişle alakalı bir sorun var o yüzden görüntüsü kötü duruyor. Maalesef iade...,1,Kadın Çizgili Tulum Pamuklu 1YAL48010IW,Koton,kalıbı büyüktü normalde m giyerim ama bunda s alsam çok daha iyi olurmuş ayrıca yorumları pek dikkate almamıştım arkasında dikişle alakalı bir sorun var o yüzden görüntüsü kötü duruyor maalesef iade,Negatif
M aldim baya buyuk yurtdisi olduğu için iade yapamadim,3,Kadın Siyah Ekoseli Mont 1KAL58176IW,Koton,m aldim baya buyuk yurtdisi olduğu için iade yapamadim,Nötr
çok kalın..aba gibi. çok ağır bir kokuyla geldi. en küçük bedeni bile oldukça geniş.. özellikle kolları..normalde s-m bedenim 34 almama rağmen büyük oldu.,3,Kadın Siyah Ekoseli Mont 1KAL58176IW,Koton,çok kalınaba gibi çok ağır bir kokuyla geldi en küçük bedeni bile oldukça geniş özellikle kollarınormalde sm bedenim almama rağmen büyük oldu,Nötr
Ürün fazla oversize 40 beden ve üstündeyseniz sakın almayın olduğunuzdan daha fazla kilolu gösteriyor...,2,Oversize Ekose Ceket 2WAK20029EK,Koton,ürün fazla oversize beden ve üstündeyseniz sakın almayın olduğunuzdan daha fazla kilolu gösteriyor,Negatif
guzel baya iyi,3,Oversize Fit Bisiklet Yaka Pamuklu Penye Tişört Y2065AZ22SM,Defacto,guzel baya iyi,Nötr
fiyatına göre iyi,3,Kadın Pembe Baskili Bisiklet Yaka Pamuklu Tisört 1YAK13399OK,Koton,fiyatına göre iyi,Nötr
Ürünü beğenmedim çok kalitesiz durdu,1,Kadın Pembe Baskili Bisiklet Yaka Pamuklu Tisört 1YAK13399OK,Koton,ürünü beğenmedim çok kalitesiz durdu,Negatif
aşırı tatlı duran bir elbise özellikle sırt dekoltesine bayıldım fakat rüzgarda çok uçuyor,3,Kadın Siyah Bisiklet Yaka Elbise Kısa KolluE lbise 1YAK83096EK,Koton,aşırı tatlı duran bir elbise özellikle sırt dekoltesine bayıldım fakat rüzgarda çok uçuyor,Nötr
Fena değil idare eder,3,Regular Fit Polo Yaka Basic Kısa Kollu Pamuklu Penye Tişört V8657AZ22SM,Defacto,fena değil idare eder,Nötr
Beyaz diye söyledim krem geldi salaş ürün geri iade edicem fiyatına göre kötü,1,Regular Fit Polo Yaka Basic Kısa Kollu Pamuklu Penye Tişört V8657AZ22SM,Defacto,beyaz diye söyledim krem geldi salaş ürün geri iade edicem fiyatına göre kötü,Negatif
Fena değil idare eder,3,Regular Fit Polo Yaka Basic Kısa Kollu Pamuklu Penye Tişört V8657AZ22SM,Defacto,fena değil idare eder,Nötr
Beyaz diye söyledim krem geldi salaş ürün geri iade edicem fiyatına göre kötü,1,Regular Fit Polo Yaka Basic Kısa Kollu Pamuklu Penye Tişört V8657AZ22SM,Defacto,beyaz diye söyledim krem geldi salaş ürün geri iade edicem fiyatına göre kötü,Negatif
fena degil,3,Kiraz Desenli Kalp Yaka Relax Fit Sürdürülebilir Mini Tulum U6852AZ21SM,Defacto,fena degil,Nötr
Çok beğenmedim.,3,Ince Askili Elbise Pamuklu 1YAK88388PW,Koton,çok beğenmedim,Nötr
urun tertemiz sıfır urun olarak geldi. ancak ust beden o kadaaar dar ki. resmen 2 beden kucuk. acaba etiket de mi bi hata var diye ayni urunden 2. siparisi de verdim ayni sekildeydi o da. normalde 44 beden hafif bol olur rahat ederim icinde. ama bu elbisede göğüslerim elbiseye girmedi,1,Ince Askili Elbise Pamuklu 1YAK88388PW,Koton,urun tertemiz sıfır urun olarak geldi ancak ust beden o kadaaar dar ki resmen beden kucuk acaba etiket de mi bi hata var diye ayni urunden siparisi de verdim ayni sekildeydi o da normalde beden hafif bol olur rahat ederim icinde ama bu elbisede göğüslerim elbiseye girmedi,Negatif
Mağaza fiyatından ucuz ve 1 günde elime ulaştı (güncelleme ütülemesi çok zor ve terleyince elbisenin heryeri ıslanıyor görüntü olarak çok kötü duruyor),3,Ince Askili Elbise Pamuklu 1YAK88388PW,Koton,mağaza fiyatından ucuz ve günde elime ulaştı güncelleme ütülemesi çok zor ve terleyince elbisenin heryeri ıslanıyor görüntü olarak çok kötü duruyor,Nötr
Askıları fazla düşüyor iade ettim beden olarak tam beden 168/58 36 beden,1,Ince Askili Elbise Pamuklu 1YAK88388PW,Koton,askıları fazla düşüyor iade ettim beden olarak tam beden beden,Negatif
elbisenin kumaşı güzel iç göstermiyor ama bele oturtmalı mı yoksa robadan bi elbise mi anlayamadım çok arada kalıyor ve ürün görselinde elbisenin askılarını kısaltmak için aparat var ama öyle gelmiyolar kendiniz terzide ayarlatmanız gerekiyor yani o kadar para veriyorsunuz ama bide terzi ile uğraşmak zorunda kalıyorsunuz,3,Ince Askili Elbise Pamuklu 1YAK88388PW,Koton,elbisenin kumaşı güzel iç göstermiyor ama bele oturtmalı mı yoksa robadan bi elbise mi anlayamadım çok arada kalıyor ve ürün görselinde elbisenin askılarını kısaltmak için aparat var ama öyle gelmiyolar kendiniz terzide ayarlatmanız gerekiyor yani o kadar para veriyorsunuz ama bide terzi ile uğraşmak zorunda kalıyorsunuz,Nötr
Göğüsler fora.. Sütyenle de giyilmeyecek kadar yanlarda dekoltesi var. Dekolte seven biriyim ama bi tuhaf oldu bu beğenemedim. Mantıksız bi dekolte,3,Kadın Siyah Halter Yaka Slim Fit Çıtçıtlı Body V4148AZ21AU,Defacto,göğüsler fora sütyenle de giyilmeyecek kadar yanlarda dekoltesi var dekolte seven biriyim ama bi tuhaf oldu bu beğenemedim mantıksız bi dekolte,Nötr
Baya mini ve dekolte,3,Leopar Desenli Elbise Abiye Tek Omuz Askili Kruvaze Mini 0YAK84922FK,Koton,baya mini ve dekolte,Nötr
"Kalitesiz, yorumlar garip geldi ilk yikamada 30derecese elde yikama programinda yıkandı dağıldı tisort avvada tisortler kotu maalesef",1,Erkek %100 Pamuk Beyaz Bisiklet Yaka Baskılı T-shirt A12Y1065,Avva,kalitesiz yorumlar garip geldi ilk yikamada derecese elde yikama programinda yıkandı dağıldı tisort avvada tisortler kotu maalesef,Negatif
Lekeli geldi ve yakasında dikiş hatası vardı hemde siyah bir dikiş atası Beyaz tişörtte Kabak gibi belli oluyor,1,Erkek %100 Pamuk Beyaz Bisiklet Yaka Baskılı T-shirt A12Y1065,Avva,lekeli geldi ve yakasında dikiş hatası vardı hemde siyah bir dikiş atası beyaz tişörtte kabak gibi belli oluyor,Negatif
38 aldım çok bol pot önü açık aşırı dekolteli iğrenç,1,Balon Kollu Bluz Kareli Düğmeli Kare Yaka 1YAL68015IW,Koton,aldım çok bol pot önü açık aşırı dekolteli iğrenç,Negatif
resimdeki gibi durmuyor,3,Kadın Hardal Pamuklu Gömlek Çizgili 1YAK63874EW,Koton,resimdeki gibi durmuyor,Nötr
Normalde 36 beden giymeme ragmen burdan aldigim 36 beden asiri buyuk geldi uzerimde emanet durdu kumas kalitesi iyi ama uzerimde hic begenmedim iade,2,Kadın Hardal Pamuklu Gömlek Çizgili 1YAK63874EW,Koton,normalde beden giymeme ragmen burdan aldigim beden asiri buyuk geldi uzerimde emanet durdu kumas kalitesi iyi ama uzerimde hic begenmedim iade,Negatif
"Kumaşı kalın, en küçük bedeni almama rağmen çok büyük oldu. Görseldeki gibi durmuyor asla, iade.",3,Kadın Hardal Pamuklu Gömlek Çizgili 1YAK63874EW,Koton,kumaşı kalın en küçük bedeni almama rağmen çok büyük oldu görseldeki gibi durmuyor asla iade,Nötr
"kumaşı pamuklu ama güzel değil, kaliteli durmuyor çok. modeli fena değil, rengi güzel.",3,Bisiklet Yaka Sweatshirt 1610084-70810,Mavi,kumaşı pamuklu ama güzel değil kaliteli durmuyor çok modeli fena değil rengi güzel,Nötr
Çuval gibi aynı bir değişik hic begenmedim.,1,Comfort Fit Bisiklet Yaka Baskılı Pamuklu Penye Tişört X6248AZ22SM,Defacto,çuval gibi aynı bir değişik hic begenmedim,Negatif
oversize istiyorsaniz bile 1 beden kucuk alın onun disinda guzel,3,Comfort Fit Bisiklet Yaka Baskılı Pamuklu Penye Tişört X6248AZ22SM,Defacto,oversize istiyorsaniz bile beden kucuk alın onun disinda guzel,Nötr
Çok çabuk kırışıyor onun dışında çok rahat ve güzel,3,Comfort Fit Bisiklet Yaka Baskılı Pamuklu Penye Tişört X6248AZ22SM,Defacto,çok çabuk kırışıyor onun dışında çok rahat ve güzel,Nötr
Hiç beğenmedim kumaşı kötü önde çok açık bir dekoltesi var geri yolladım,1,Kadın Desenli Bluz 8YAK68491PW,Koton,hiç beğenmedim kumaşı kötü önde çok açık bir dekoltesi var geri yolladım,Negatif
s beden aldım çok bol ve büyük oldu malesef iade ayrıca kargoda çok geç geliyor 5.6 günü buluyor malesef,2,Regular Fit Bisiklet Yaka Baskılı Pamuklu Penye Tişört X4382AZ22SM,Defacto,s beden aldım çok bol ve büyük oldu malesef iade ayrıca kargoda çok geç geliyor günü buluyor malesef,Negatif
"Biraz gecelik havası var, ben çok sevemedim. Kumaşı kaliteli.",3,Gömlek Yaka Elbise Kolsuz Pamuklu 1YAK88397PW,Koton,biraz gecelik havası var ben çok sevemedim kumaşı kaliteli,Nötr
İç gösteriyor olması dışında fena değil .,3,Gömlek Yaka Elbise Kolsuz Pamuklu 1YAK88397PW,Koton,iç gösteriyor olması dışında fena değil,Nötr
Üst beden dar o yüzden 1 beden büyük alın,2,Gömlek Yaka Elbise Kolsuz Pamuklu 1YAK88397PW,Koton,üst beden dar o yüzden beden büyük alın,Negatif
çok bol yakışmadı,2,Gömlek Yaka Elbise Kolsuz Pamuklu 1YAK88397PW,Koton,çok bol yakışmadı,Negatif
ürün ütü konusunda çok problem asla acilmiyor. uğraşılmaz,3,Gömlek Yaka Elbise Kolsuz Pamuklu 1YAK88397PW,Koton,ürün ütü konusunda çok problem asla acilmiyor uğraşılmaz,Nötr
"Ürün benim için hayal kırıklığı.kumaşı çok sert,iç gösteriyor.1.60 boyundayım önündeki düğmeler göbeğimin altına kadar geldi ve hoş durmadı.indirimde 120 TL idi ama değmez",2,Gömlek Yaka Elbise Kolsuz Pamuklu 1YAK88397PW,Koton,ürün benim için hayal kırıklığıkumaşı çok sertiç gösteriyor boyundayım önündeki düğmeler göbeğimin altına kadar geldi ve hoş durmadıindirimde tl idi ama değmez,Negatif
Beden olarak oldukça büyük. 167 boy 65 kiloya M beden büyük oldu. Boyunda dik üstü. Bana uzun geldi. Kumaşı ise beklediğimden kalın.,3,Gömlek Yaka Elbise Kolsuz Pamuklu 1YAK88397PW,Koton,beden olarak oldukça büyük boy kiloya m beden büyük oldu boyunda dik üstü bana uzun geldi kumaşı ise beklediğimden kalın,Nötr
Kalıbı inanılmaz büyük boyu çok uzun hamile elbisesi olabilir,1,Gömlek Yaka Elbise Kolsuz Pamuklu 1YAK88397PW,Koton,kalıbı inanılmaz büyük boyu çok uzun hamile elbisesi olabilir,Negatif
1.85boy 100kilo için 34 1 beden küçük geldi.esneme payı yok,3,Kargo Jogger Pamuklu Pantolon V5826AZ21WN,Defacto,boy kilo için beden küçük geldiesneme payı yok,Nötr
almayin aldırmayin çok kötü üzerine sürekli birşeyler yapışyor,1,Kargo Jogger Pamuklu Pantolon V5826AZ21WN,Defacto,almayin aldırmayin çok kötü üzerine sürekli birşeyler yapışyor,Negatif
ürün 32 ölcüde sipariş ettiğim halde 28 geldi👎,1,Kargo Jogger Pamuklu Pantolon V5826AZ21WN,Defacto,ürün ölcüde sipariş ettiğim halde geldi,Negatif
hic guzel degil bi kere giyebildim cop e attim butun kil tug herseyi topluyo,1,Kargo Jogger Pamuklu Pantolon V5826AZ21WN,Defacto,hic guzel degil bi kere giyebildim cop e attim butun kil tug herseyi topluyo,Negatif
ben bu ürünün açıklamasinda yuzde yüz pamuk yazdıgi icin aldım. fakat gelen ürünün icinde yüzde 95 polyester diyor:(,3,Kadın Pantolon 0YAL48001OK,Koton,ben bu ürünün açıklamasinda yuzde yüz pamuk yazdıgi icin aldım fakat gelen ürünün icinde yüzde polyester diyor,Nötr
yıkayınca simler beyazladı,2,Kadın Baskili Tisört Pamuklu 1YAK13118EK,Koton,yıkayınca simler beyazladı,Negatif
Gözlədiyim keyfiyyət olmadı. Amma ölçü tam idi.,3,Ekoseli Blazer Ceket 0YAK52458UW,Koton,gözldiyim keyfiyyt olmadı amma ölçü tam idi,Nötr
cok kotu oldu. 3 kullandim hosaf gibi dagildi.,3,Ekoseli Blazer Ceket 0YAK52458UW,Koton,cok kotu oldu kullandim hosaf gibi dagildi,Nötr
Kumaş kalitesi düşük %55 pamuk 😔,3,Kahverengi Kadın Gömlek G082SZ004.000.1380527,US Polo Assn,kumaş kalitesi düşük pamuk,Nötr
kumaşı bıraz farklı geldi keten gibi fotodaki gibi değil ve omuzlar da fark var giyince belli oluyor beklediğim gibi değil,2,Regular Fit Apaş Yaka Pamuklu Kısa Kollu Gömlek X2406AZ22SM,Defacto,kumaşı bıraz farklı geldi keten gibi fotodaki gibi değil ve omuzlar da fark var giyince belli oluyor beklediğim gibi değil,Negatif
Dekolte kısmı cok acık,1,Kadın Kadife Elbise Abiye Kisa V Yaka Omuz Detayli Metalik 1KAK84515FK,Koton,dekolte kısmı cok acık,Negatif
hem göğüs dekoltesi hem göbeği baya açık olduğu için hoşuma çok gitmedi,3,Kadın Siyah Uzun Kollu Crop Tisört 1KAK13508EK,Koton,hem göğüs dekoltesi hem göbeği baya açık olduğu için hoşuma çok gitmedi,Nötr
"Ürün pamuk topluyor resmen, çok sert ve kırçıllı bir kumaşı var. Esneme payı da hiç yok.",1,Kadın Lacivert Keten Pantolon 1YAK42605UW,Koton,ürün pamuk topluyor resmen çok sert ve kırçıllı bir kumaşı var esneme payı da hiç yok,Negatif
güzel ama daha kaliteli beklerdim,3,Suni Kürk Yakalı Ekose Mont 2KAM21151OW,Koton,güzel ama daha kaliteli beklerdim,Nötr
S beden aldım yine omuzları büyük geldi değmez bence,1,Suni Kürk Yakalı Ekose Mont 2KAM21151OW,Koton,s beden aldım yine omuzları büyük geldi değmez bence,Negatif
Bi beden küçük alınabilir çok beğenmedim,3,Suni Kürk Yakalı Ekose Mont 2KAM21151OW,Koton,bi beden küçük alınabilir çok beğenmedim,Nötr
normal bir gömlek ceket modeli fakat normalde Xl giydigim halde L beden aldim ona rağmen çuval gibi oldu..oversize desen değil normal kalip desen değil garip bir şekli var..direk iade,3,Suni Kürk Yakalı Ekose Mont 2KAM21151OW,Koton,normal bir gömlek ceket modeli fakat normalde xl giydigim halde l beden aldim ona rağmen çuval gibi olduoversize desen değil normal kalip desen değil garip bir şekli vardirek iade,Nötr
hayatımda fotoğrafıyla kendisinin bu kadar zıt olduğu başka hiçbir şey görmedim . Sevgililer günü için sevgilime aldım ve iadeyi de ona yaptırdım o denli kötü o nedenli alakasız . kumaşı iyi sıcak tutar bedeni büyük omuzları falan büyük bunlari bilerek bir beden kucuk aldım . ama asla rengi uymuyor eskimiş yıpranmış keşke göründüğü gibi olsaydı ilk sevgililer günümde hediye veremedim . teşekkürler koton :(,1,Suni Kürk Yakalı Ekose Mont 2KAM21151OW,Koton,hayatımda fotoğrafıyla kendisinin bu kadar zıt olduğu başka hiçbir şey görmedim sevgililer günü için sevgilime aldım ve iadeyi de ona yaptırdım o denli kötü o nedenli alakasız kumaşı iyi sıcak tutar bedeni büyük omuzları falan büyük bunlari bilerek bir beden kucuk aldım ama asla rengi uymuyor eskimiş yıpranmış keşke göründüğü gibi olsaydı ilk sevgililer günümde hediye veremedim teşekkürler koton,Negatif
Ürün çok havalı çok güzel ama aşırı bol s bedeni L beden gibi kolları ayrı bol yani Biz S beden aldık nişanlıma ama hiç s değil kalıbı çok büyük normal de iade edecektik ama nişanlımın kardeşine vermeye karar verdik s beden gibi olmadığı için puan böyle veriyorum ürün kaliteli aynı fotodaki gibi teslimat da hızlıydı,3,Suni Kürk Yakalı Ekose Mont 2KAM21151OW,Koton,ürün çok havalı çok güzel ama aşırı bol s bedeni l beden gibi kolları ayrı bol yani biz s beden aldık nişanlıma ama hiç s değil kalıbı çok büyük normal de iade edecektik ama nişanlımın kardeşine vermeye karar verdik s beden gibi olmadığı için puan böyle veriyorum ürün kaliteli aynı fotodaki gibi teslimat da hızlıydı,Nötr
2 beden küçük alınmalı aşırı salaş iade ettik,2,Suni Kürk Yakalı Ekose Mont 2KAM21151OW,Koton,beden küçük alınmalı aşırı salaş iade ettik,Negatif
"42 beden istememe rağmen 44 beden geldi , aynen iade .. ama kumaşı dueuşu çok iyi görünüyordu",1,Kadın Antrasit Ekoseli Jeans 2KAK42241RW,Koton,beden istememe rağmen beden geldi aynen iade ama kumaşı dueuşu çok iyi görünüyordu,Negatif
Pantolon aşırı bol ve asla mankendeki gibi durmuyor ama kumaş olarak desen olarak güzel kaliteli kalıp asla güzel değil,2,Kadın Antrasit Ekoseli Jeans 2KAK42241RW,Koton,pantolon aşırı bol ve asla mankendeki gibi durmuyor ama kumaş olarak desen olarak güzel kaliteli kalıp asla güzel değil,Negatif
Modeli güzel dokusunu beğenmedim iade,3,Kadın Antrasit Ekoseli Jeans 2KAK42241RW,Koton,modeli güzel dokusunu beğenmedim iade,Nötr
aşırı kalın rengi koyu,3,Kadın Antrasit Ekoseli Jeans 2KAK42241RW,Koton,aşırı kalın rengi koyu,Nötr
Dikiş hatası vardı,1,Kadın Antrasit Ekoseli Jeans 2KAK42241RW,Koton,dikiş hatası vardı,Negatif
s beden aldım çok dar bekliyordum ona rağmen bi tık büyük oldu yani xs da alabilirmişim ama simleri falan dökülmüyor şık güzel duruyor tam crop değil ve göğüs dekoltesinin kesimini pek beğenmedim,3,Simli Kısa Kollu Crop Top 0YAK34625FK,Koton,s beden aldım çok dar bekliyordum ona rağmen bi tık büyük oldu yani xs da alabilirmişim ama simleri falan dökülmüyor şık güzel duruyor tam crop değil ve göğüs dekoltesinin kesimini pek beğenmedim,Nötr
önündeki baskı çok kalın yazın çok terletir diye iade ettim,3,Coool Keith Haring Lisanslı Boxy Fit Bisiklet Yaka Pamuklu Penye Tişört X4790AZ22SM,Defacto,önündeki baskı çok kalın yazın çok terletir diye iade ettim,Nötr
Ürünler crovaza model cok fazla salaş m bedeni resmen xxl gıbı bilginız olsun alanlar,2,Regular Fit Pamuklu Penye Tişört X0951AZ22SM,Defacto,ürünler crovaza model cok fazla salaş m bedeni resmen xxl gıbı bilginız olsun alanlar,Negatif
engi göründüğü gibi capcanlı saks. dıstan pamuklu.içten polyester. tene değen iç kısım tamamen polyester.,3,Kadın Saks Mavisi Şort &amp; Bermuda 1YAL28091IK,Koton,engi göründüğü gibi capcanlı saks dıstan pamukluiçten polyester tene değen iç kısım tamamen polyester,Nötr
fiyatına göre kalitesi çokta iyi değil,3,Kadın Beyaz Organik Pamuklu Minimal Yazı Baskılı Relax Fit Sweatshirt T5680AZ21SP,Defacto,fiyatına göre kalitesi çokta iyi değil,Nötr
altı kötü gözüküyor,3,Kadın Beyaz Organik Pamuklu Minimal Yazı Baskılı Relax Fit Sweatshirt T5680AZ21SP,Defacto,altı kötü gözüküyor,Nötr
Kumaşı çok çirkin. Kalitesiz,1,Kadın Beyaz Organik Pamuklu Minimal Yazı Baskılı Relax Fit Sweatshirt T5680AZ21SP,Defacto,kumaşı çok çirkin kalitesiz,Negatif
sonbaharlık gibi kalın değil ve içi yumuşak değil değmezmiş,2,Kadın Beyaz Organik Pamuklu Minimal Yazı Baskılı Relax Fit Sweatshirt T5680AZ21SP,Defacto,sonbaharlık gibi kalın değil ve içi yumuşak değil değmezmiş,Negatif
"Ürün güzel, ancak alt lastiği ilk yıkamadan sonra biraz açıldı",3,Kadın Beyaz Organik Pamuklu Minimal Yazı Baskılı Relax Fit Sweatshirt T5680AZ21SP,Defacto,ürün güzel ancak alt lastiği ilk yıkamadan sonra biraz açıldı,Nötr
